state,zip,NO2,O3,CH2O,PM
NY,00501,16,43,9,43
NY,00544,35,42,32,39
PR,00601,29,40,18,32
PR,00602,19,48,7,32
PR,00603,11,54,22,41
PR,00604,13,28,13,25
PR,00605,38,40,9,23
PR,00606,13,36,10,17
PR,00610,34,30,26,20
PR,00611,54,55,18,44
PR,00612,25,36,23,32
PR,00613,32,22,17,33
PR,00614,29,47,16,23
PR,00616,35,52,12,28
PR,00617,26,35,13,48
PR,00622,20,35,20,42
PR,00623,32,42,7,35
PR,00624,27,29,15,27
PR,00627,27,48,7,32
PR,00631,27,37,10,18
PR,00636,24,21,9,46
PR,00637,15,32,22,23
PR,00638,12,20,20,39
PR,00641,26,30,23,31
PR,00646,13,46,12,36
PR,00647,34,46,14,29
PR,00650,20,40,25,37
PR,00652,22,26,11,45
PR,00653,30,37,24,23
PR,00656,32,20,11,28
PR,00659,28,21,19,17
PR,00660,28,19,24,31
PR,00662,11,32,15,29
PR,00664,24,19,19,27
PR,00667,33,35,15,47
PR,00669,32,42,19,17
PR,00670,14,42,11,22
PR,00674,30,40,9,37
PR,00676,20,47,16,20
PR,00677,22,46,20,42
PR,00678,26,55,11,48
PR,00680,25,35,11,21
PR,00681,24,32,11,20
PR,00682,20,35,15,14
PR,00683,15,43,16,35
PR,00685,19,37,17,34
PR,00687,33,24,23,31
PR,00688,34,28,14,50
PR,00690,20,29,15,29
PR,00692,29,40,23,32
PR,00693,32,31,16,20
PR,00694,34,49,22,34
PR,00698,22,31,19,22
PR,00703,19,29,21,43
PR,00704,39,33,22,22
PR,00705,33,23,14,28
PR,00707,34,28,23,15
PR,00714,11,28,21,42
PR,00715,37,22,9,29
PR,00716,36,26,10,36
PR,00717,19,25,23,24
PR,00718,24,28,14,30
PR,00719,15,40,23,23
PR,00720,35,39,9,21
PR,00721,13,54,18,29
PR,00723,32,31,13,14
PR,00725,31,31,7,28
PR,00726,35,31,10,16
PR,00727,15,48,21,42
PR,00728,15,24,17,21
PR,00729,25,44,17,31
PR,00730,34,44,13,34
PR,00731,14,32,18,26
PR,00732,21,46,14,26
PR,00733,32,39,9,38
PR,00734,31,20,23,21
PR,00735,17,37,20,37
PR,00736,15,48,13,38
PR,00737,19,40,21,49
PR,00738,13,49,9,28
PR,00739,18,40,8,25
PR,00740,29,55,23,38
PR,00741,32,36,9,31
PR,00742,33,44,8,12
PR,00744,15,35,22,23
PR,00745,15,29,19,32
PR,00751,16,42,24,25
PR,00754,11,36,18,50
PR,00757,24,17,12,34
PR,00765,24,18,23,38
PR,00766,30,27,12,19
PR,00767,25,37,23,32
PR,00769,16,37,16,43
PR,00771,27,31,21,24
PR,00772,17,46,23,16
PR,00773,28,19,10,54
PR,00775,37,35,15,33
PR,00777,36,23,21,25
PR,00778,29,29,20,27
PR,00780,26,19,8,41
PR,00782,13,25,10,16
PR,00783,14,45,8,26
PR,00784,24,34,8,42
PR,00785,22,41,22,31
PR,00786,30,24,21,18
PR,00791,23,44,19,32
PR,00792,36,53,18,36
PR,00794,26,41,26,36
PR,00795,32,16,26,29
VI,00801,22,18,7,30
VI,00802,16,50,12,18
VI,00803,20,24,8,28
VI,00804,13,38,14,29
VI,00805,22,34,8,30
VI,00820,19,52,9,34
VI,00821,22,23,22,24
VI,00822,11,34,20,29
VI,00823,23,32,13,23
VI,00824,18,21,9,14
VI,00830,11,23,18,25
VI,00831,29,42,23,35
VI,00840,28,34,10,19
VI,00841,16,42,9,13
VI,00850,25,32,16,27
VI,00851,29,18,23,16
PR,00901,31,36,25,30
PR,00902,29,39,13,31
PR,00906,28,49,12,18
PR,00907,24,38,20,31
PR,00908,33,28,18,28
PR,00909,15,45,23,16
PR,00910,21,50,18,44
PR,00911,32,16,10,32
PR,00912,18,38,23,22
PR,00913,25,39,21,35
PR,00914,16,45,8,45
PR,00915,18,17,19,16
PR,00916,33,33,25,28
PR,00917,33,33,22,19
PR,00918,13,23,18,18
PR,00919,32,33,21,25
PR,00920,30,20,17,44
PR,00921,30,30,27,26
PR,00922,31,38,14,36
PR,00923,35,44,11,22
PR,00924,27,45,17,47
PR,00925,34,33,9,13
PR,00926,23,30,17,34
PR,00927,24,24,21,22
PR,00928,24,29,17,24
PR,00929,22,29,21,40
PR,00930,29,47,12,30
PR,00931,31,37,18,15
PR,00933,16,50,7,42
PR,00934,22,35,11,34
PR,00935,24,30,26,39
PR,00936,18,30,21,36
PR,00937,11,31,24,37
PR,00939,18,22,18,45
PR,00940,13,33,19,26
PR,00949,22,34,14,45
PR,00950,27,23,11,50
PR,00951,27,53,21,40
PR,00952,32,25,9,34
PR,00953,28,51,18,22
PR,00954,16,19,21,35
PR,00955,25,28,17,21
PR,00956,28,24,13,29
PR,00957,36,28,18,54
PR,00958,28,28,20,25
PR,00959,18,30,19,37
PR,00960,26,42,20,18
PR,00961,16,20,20,20
PR,00962,29,30,21,16
PR,00963,21,28,22,22
PR,00965,27,30,14,24
PR,00966,15,24,11,27
PR,00968,32,33,21,41
PR,00969,29,31,19,19
PR,00970,15,29,8,33
PR,00971,20,41,20,40
PR,00975,31,25,7,53
PR,00976,21,31,11,29
PR,00977,32,21,15,28
PR,00978,38,28,20,38
PR,00979,35,30,17,26
PR,00981,31,31,14,24
PR,00982,23,34,15,50
PR,00983,31,40,19,16
PR,00984,15,20,10,24
PR,00985,12,24,14,22
PR,00986,16,34,14,36
PR,00987,33,43,15,37
PR,00988,28,56,12,17
MA,01001,35,39,14,14
MA,01002,32,29,8,24
MA,01003,26,40,20,46
MA,01004,42,56,17,31
MA,01005,31,36,15,25
MA,01007,27,34,8,34
MA,01008,20,19,10,43
MA,01009,27,21,18,34
MA,01010,19,45,10,28
MA,01011,16,34,21,22
MA,01012,43,27,20,29
MA,01013,44,42,13,16
MA,01014,30,50,9,33
MA,01020,30,37,8,25
MA,01021,29,26,17,30
MA,01022,38,26,18,40
MA,01026,31,25,10,25
MA,01027,39,34,14,40
MA,01028,17,28,7,31
MA,01029,44,46,20,21
MA,01030,26,28,24,30
MA,01031,42,47,20,42
MA,01032,29,31,25,25
MA,01033,29,25,14,50
MA,01034,25,49,17,33
MA,01035,14,33,9,34
MA,01036,16,54,10,13
MA,01037,33,53,13,20
MA,01038,19,58,14,35
MA,01039,16,40,22,28
MA,01040,35,41,11,30
MA,01041,24,69,20,27
MA,01050,31,63,24,34
MA,01053,36,45,18,18
MA,01054,26,36,20,38
MA,01056,16,31,8,41
MA,01057,29,42,11,41
MA,01059,26,39,13,54
MA,01060,40,43,13,30
MA,01061,23,33,17,17
MA,01062,38,56,21,32
MA,01063,30,52,10,27
MA,01066,24,30,13,31
MA,01068,25,37,23,41
MA,01069,45,49,11,28
MA,01070,30,21,8,18
MA,01071,48,54,11,19
MA,01072,26,28,13,22
MA,01073,16,34,17,27
MA,01074,19,47,17,26
MA,01075,28,67,22,23
MA,01077,25,50,10,25
MA,01079,42,19,17,18
MA,01080,15,37,9,22
MA,01081,19,43,12,41
MA,01082,38,29,9,23
MA,01083,28,44,21,25
MA,01084,29,45,13,25
MA,01085,30,64,18,37
MA,01086,24,41,17,42
MA,01088,38,34,23,21
MA,01089,35,35,25,45
MA,01090,32,67,9,55
MA,01092,35,46,16,29
MA,01093,37,56,18,47
MA,01094,44,58,14,33
MA,01095,32,35,14,37
MA,01096,38,42,7,21
MA,01097,27,22,15,32
MA,01098,39,25,18,27
MA,01101,23,43,27,44
MA,01102,14,42,10,27
MA,01103,39,31,22,46
MA,01104,33,54,19,22
MA,01105,37,24,16,28
MA,01106,31,26,20,31
MA,01107,15,48,15,47
MA,01108,21,35,14,25
MA,01109,25,42,15,28
MA,01111,39,58,19,22
MA,01115,23,43,10,26
MA,01116,23,43,11,28
MA,01118,47,48,8,18
MA,01119,39,39,22,35
MA,01128,34,37,18,46
MA,01129,38,32,19,21
MA,01133,36,32,12,30
MA,01138,43,51,14,23
MA,01139,16,28,18,14
MA,01144,25,30,26,20
MA,01151,36,43,26,17
MA,01152,45,36,11,32
MA,01195,17,30,17,37
MA,01199,24,49,18,35
MA,01201,15,27,12,36
MA,01202,29,28,8,50
MA,01203,27,49,22,48
MA,01220,22,48,12,17
MA,01222,15,31,17,31
MA,01223,23,49,8,25
MA,01224,26,55,11,17
MA,01225,16,64,21,27
MA,01226,19,34,15,32
MA,01227,34,45,8,45
MA,01229,38,41,11,18
MA,01230,46,24,16,38
MA,01235,48,40,8,27
MA,01236,20,37,10,34
MA,01237,29,26,18,37
MA,01238,45,40,12,28
MA,01240,29,47,23,27
MA,01242,34,29,14,39
MA,01243,28,54,21,41
MA,01244,36,30,11,29
MA,01245,21,36,11,38
MA,01247,41,35,9,35
MA,01252,42,38,16,37
MA,01253,44,62,12,31
MA,01254,39,42,20,35
MA,01255,16,63,8,29
MA,01256,31,52,7,37
MA,01257,37,37,7,26
MA,01258,37,41,18,22
MA,01259,23,37,10,33
MA,01260,20,44,18,20
MA,01262,29,31,24,38
MA,01263,15,23,11,31
MA,01264,34,34,14,27
MA,01266,37,36,16,43
MA,01267,36,23,17,32
MA,01270,24,36,7,29
MA,01301,23,47,8,40
MA,01302,38,59,11,26
MA,01330,15,49,14,18
MA,01331,30,35,22,26
MA,01337,44,34,12,37
MA,01338,17,45,13,41
MA,01339,23,56,9,28
MA,01340,33,53,27,27
MA,01341,29,31,22,30
MA,01342,24,32,18,32
MA,01343,36,34,9,39
MA,01344,41,40,11,26
MA,01346,18,32,13,39
MA,01347,28,37,11,42
MA,01349,22,31,11,40
MA,01350,39,38,8,22
MA,01351,35,40,21,16
MA,01354,37,54,15,29
MA,01355,28,37,25,49
MA,01360,16,61,18,40
MA,01364,37,25,10,18
MA,01366,37,50,23,30
MA,01367,41,40,10,20
MA,01368,21,44,21,18
MA,01370,27,35,14,37
MA,01373,33,26,8,19
MA,01375,33,43,10,17
MA,01376,26,43,14,21
MA,01378,36,36,18,41
MA,01379,19,42,7,43
MA,01380,40,45,19,22
MA,01420,40,51,21,21
MA,01430,24,39,18,38
MA,01431,39,39,9,24
MA,01432,40,29,14,47
MA,01434,24,32,23,37
MA,01436,17,43,18,36
MA,01438,24,28,7,41
MA,01440,19,40,21,18
MA,01441,35,48,25,44
MA,01450,28,42,17,31
MA,01451,35,28,19,34
MA,01452,45,29,21,41
MA,01453,44,29,9,14
MA,01460,45,39,16,17
MA,01462,29,61,9,49
MA,01463,21,44,13,32
MA,01464,23,42,17,22
MA,01467,41,42,20,22
MA,01468,34,47,13,45
MA,01469,27,49,11,22
MA,01470,22,32,12,40
MA,01471,17,45,8,47
MA,01472,23,66,20,31
MA,01473,30,43,24,14
MA,01474,34,49,22,40
MA,01475,18,27,10,27
MA,01477,36,43,12,26
MA,01501,23,61,16,32
MA,01503,33,26,13,38
MA,01504,22,38,23,29
MA,01505,35,25,13,29
MA,01506,25,35,11,47
MA,01507,24,35,20,44
MA,01508,23,63,11,32
MA,01509,19,37,11,30
MA,01510,32,52,20,27
MA,01515,42,26,9,43
MA,01516,35,50,24,29
MA,01517,41,34,10,32
MA,01518,37,47,24,48
MA,01519,41,41,14,33
MA,01520,44,25,17,21
MA,01521,22,33,10,28
MA,01522,37,38,23,21
MA,01523,16,31,20,27
MA,01524,18,35,21,15
MA,01525,38,51,13,36
MA,01526,25,42,8,29
MA,01527,39,33,21,33
MA,01529,15,52,22,23
MA,01531,23,40,12,15
MA,01532,28,38,19,37
MA,01534,25,49,10,17
MA,01535,32,46,9,48
MA,01536,41,31,12,30
MA,01537,28,46,8,27
MA,01538,26,32,13,52
MA,01540,21,50,20,37
MA,01541,20,40,8,34
MA,01542,43,44,8,20
MA,01543,43,46,22,35
MA,01545,31,29,12,22
MA,01546,29,38,24,19
MA,01550,27,66,17,29
MA,01560,22,57,21,45
MA,01561,36,23,11,20
MA,01562,41,48,20,24
MA,01564,38,25,22,38
MA,01566,21,48,20,26
MA,01568,15,43,13,13
MA,01569,27,34,15,35
MA,01570,41,26,19,22
MA,01571,25,38,19,18
MA,01580,20,47,10,14
MA,01581,16,37,14,28
MA,01582,48,53,12,26
MA,01583,25,64,15,15
MA,01585,30,21,15,33
MA,01586,17,29,19,20
MA,01588,18,38,21,33
MA,01590,32,28,11,20
MA,01601,20,61,8,19
MA,01602,28,47,23,28
MA,01603,34,20,7,21
MA,01604,32,55,9,25
MA,01605,13,33,9,16
MA,01606,40,59,20,51
MA,01607,16,34,10,19
MA,01608,15,52,7,36
MA,01609,18,44,21,25
MA,01610,18,34,17,33
MA,01611,38,33,12,19
MA,01612,37,33,12,22
MA,01613,31,49,19,51
MA,01614,24,46,11,20
MA,01615,36,60,9,43
MA,01653,35,32,15,35
MA,01654,43,44,11,33
MA,01655,35,25,22,31
MA,01701,27,47,23,15
MA,01702,42,44,12,25
MA,01703,20,30,18,13
MA,01704,29,32,18,55
MA,01705,21,56,20,37
MA,01718,32,45,18,13
MA,01719,47,30,21,27
MA,01720,29,65,23,31
MA,01721,26,43,22,42
MA,01730,28,46,8,17
MA,01731,37,29,18,15
MA,01740,45,24,14,26
MA,01741,36,54,11,36
MA,01742,16,45,20,27
MA,01745,28,27,16,16
MA,01746,34,34,9,28
MA,01747,32,30,16,27
MA,01748,28,41,24,30
MA,01749,23,27,21,32
MA,01752,39,56,24,25
MA,01754,27,40,23,27
MA,01756,46,48,14,22
MA,01757,16,31,17,49
MA,01760,25,27,22,19
MA,01770,48,33,15,31
MA,01772,36,40,10,20
MA,01773,27,70,19,52
MA,01775,31,26,17,26
MA,01776,24,33,10,51
MA,01778,42,34,17,37
MA,01784,45,26,20,52
MA,01801,36,46,25,20
MA,01803,31,58,16,34
MA,01805,35,33,7,26
MA,01806,19,35,11,27
MA,01807,22,29,9,36
MA,01808,48,39,21,32
MA,01810,19,39,7,31
MA,01812,45,39,15,41
MA,01813,29,38,25,23
MA,01815,48,28,13,35
MA,01821,26,42,18,25
MA,01822,22,25,16,51
MA,01824,28,43,7,31
MA,01826,48,42,10,29
MA,01827,16,43,20,16
MA,01830,31,54,10,22
MA,01831,16,27,18,27
MA,01832,27,36,21,44
MA,01833,18,31,23,41
MA,01834,18,26,17,25
MA,01835,33,39,16,46
MA,01840,29,24,21,45
MA,01841,34,39,18,34
MA,01842,34,60,15,39
MA,01843,47,61,12,29
MA,01844,28,35,22,34
MA,01845,30,44,20,28
MA,01850,21,47,20,14
MA,01851,43,34,24,24
MA,01852,32,38,14,23
MA,01853,16,31,14,16
MA,01854,28,42,23,49
MA,01860,40,59,11,51
MA,01862,48,32,21,24
MA,01863,30,43,15,24
MA,01864,28,56,16,18
MA,01865,24,54,16,50
MA,01866,21,50,22,26
MA,01867,17,36,17,24
MA,01876,44,59,22,31
MA,01879,29,28,23,20
MA,01880,21,46,18,25
MA,01885,15,42,25,33
MA,01886,29,27,11,17
MA,01887,16,58,12,28
MA,01888,21,52,16,34
MA,01889,37,57,16,32
MA,01890,19,29,9,37
MA,01899,38,49,15,37
MA,01901,19,35,17,20
MA,01902,30,38,22,53
MA,01903,23,44,11,21
MA,01904,30,38,23,25
MA,01905,14,58,8,29
MA,01906,45,59,18,30
MA,01907,21,30,9,19
MA,01908,34,21,12,26
MA,01910,46,21,22,33
MA,01913,40,55,8,16
MA,01915,19,42,10,35
MA,01921,22,21,24,26
MA,01922,18,47,10,25
MA,01923,21,28,14,55
MA,01929,36,69,23,35
MA,01930,25,48,16,12
MA,01931,31,32,19,18
MA,01936,40,41,11,38
MA,01937,30,24,22,24
MA,01938,36,46,22,44
MA,01940,30,49,19,29
MA,01944,17,50,7,19
MA,01945,21,50,19,27
MA,01949,15,56,14,17
MA,01950,17,32,15,21
MA,01951,36,54,18,35
MA,01952,19,38,20,43
MA,01960,14,49,21,38
MA,01961,19,59,12,26
MA,01965,16,25,8,24
MA,01966,22,35,16,45
MA,01969,31,32,13,44
MA,01970,29,43,18,37
MA,01971,30,38,24,14
MA,01982,38,44,15,15
MA,01983,19,51,21,18
MA,01984,22,30,17,22
MA,01985,16,30,20,19
MA,02018,24,24,17,42
MA,02019,37,31,23,20
MA,02020,32,32,10,22
MA,02021,39,31,20,33
MA,02025,46,26,24,28
MA,02026,23,31,23,34
MA,02027,18,33,9,35
MA,02030,36,30,16,47
MA,02031,27,55,20,42
MA,02032,22,38,15,42
MA,02035,44,35,25,35
MA,02038,18,26,13,33
MA,02040,25,41,23,30
MA,02041,20,61,18,43
MA,02043,37,51,20,20
MA,02044,41,43,17,34
MA,02045,29,34,23,25
MA,02047,26,61,12,23
MA,02048,38,48,26,23
MA,02050,36,44,10,25
MA,02051,37,34,14,14
MA,02052,29,33,19,27
MA,02053,23,43,25,22
MA,02054,26,42,18,21
MA,02055,23,35,7,47
MA,02056,20,36,20,27
MA,02059,22,26,20,14
MA,02060,25,26,13,45
MA,02061,26,32,18,41
MA,02062,37,34,12,37
MA,02065,30,32,12,18
MA,02066,40,36,24,18
MA,02067,22,43,14,31
MA,02070,40,36,16,19
MA,02071,35,24,9,20
MA,02072,31,34,13,24
MA,02081,21,63,12,35
MA,02090,43,27,19,27
MA,02093,34,31,11,24
MA,02108,13,56,18,35
MA,02109,24,49,9,21
MA,02110,32,54,26,18
MA,02111,22,47,16,17
MA,02112,17,31,14,28
MA,02113,16,61,8,28
MA,02114,31,64,24,50
MA,02115,33,27,9,20
MA,02116,35,31,26,13
MA,02117,37,27,16,50
MA,02118,37,36,9,19
MA,02119,29,38,22,22
MA,02120,40,34,18,29
MA,02121,41,38,9,14
MA,02122,14,54,16,37
MA,02123,18,32,7,24
MA,02124,46,40,27,20
MA,02125,14,21,11,33
MA,02126,17,25,18,19
MA,02127,24,66,20,42
MA,02128,41,35,20,38
MA,02129,40,38,14,32
MA,02130,28,41,17,16
MA,02131,26,34,12,35
MA,02132,45,54,8,40
MA,02133,29,34,14,22
MA,02134,34,37,23,29
MA,02135,18,57,12,27
MA,02136,17,46,19,33
MA,02137,16,48,21,26
MA,02138,41,20,23,49
MA,02139,40,58,9,28
MA,02140,37,53,10,34
MA,02141,21,50,19,47
MA,02142,34,30,23,40
MA,02143,27,49,20,20
MA,02144,20,52,9,38
MA,02145,18,29,23,24
MA,02148,28,60,22,14
MA,02149,23,42,7,27
MA,02150,15,23,18,27
MA,02151,22,42,16,36
MA,02152,15,56,18,31
MA,02153,38,36,15,31
MA,02155,29,42,17,38
MA,02156,27,42,22,39
MA,02163,30,31,21,29
MA,02169,18,28,8,15
MA,02170,44,30,8,28
MA,02171,18,48,12,38
MA,02176,38,44,9,30
MA,02180,13,46,9,34
MA,02184,20,50,20,33
MA,02185,20,48,16,43
MA,02186,22,60,12,17
MA,02187,39,29,20,36
MA,02188,40,54,18,15
MA,02189,18,43,8,33
MA,02190,22,58,12,35
MA,02191,28,60,22,26
MA,02196,30,35,9,35
MA,02199,30,44,19,27
MA,02201,26,26,9,31
MA,02203,16,34,10,22
MA,02204,27,27,13,41
MA,02205,44,62,24,29
MA,02206,17,32,13,38
MA,02207,33,34,8,19
MA,02210,38,26,16,25
MA,02211,21,67,8,16
MA,02212,22,49,23,26
MA,02215,34,47,20,26
MA,02216,33,30,24,49
MA,02217,31,52,19,35
MA,02222,30,41,16,29
MA,02228,17,46,19,26
MA,02238,25,59,23,21
MA,02239,32,67,21,20
MA,02241,19,59,14,18
MA,02266,38,25,21,14
MA,02269,28,42,21,37
MA,02283,28,31,24,38
MA,02284,21,48,12,38
MA,02293,38,54,24,16
MA,02295,44,25,8,29
MA,02297,30,67,9,41
MA,02298,30,23,7,24
MA,02301,39,34,13,41
MA,02302,37,49,16,35
MA,02303,28,39,10,37
MA,02304,31,56,25,20
MA,02305,15,48,15,45
MA,02322,18,58,21,36
MA,02324,19,58,22,40
MA,02325,36,36,23,24
MA,02327,26,62,18,33
MA,02330,22,31,10,19
MA,02331,30,20,18,27
MA,02332,39,28,24,19
MA,02333,37,63,12,44
MA,02334,35,35,9,32
MA,02337,35,23,23,31
MA,02338,37,25,24,14
MA,02339,35,37,11,39
MA,02340,48,31,17,26
MA,02341,32,49,13,39
MA,02343,35,55,22,30
MA,02344,43,38,7,32
MA,02345,47,45,9,50
MA,02346,14,28,8,16
MA,02347,22,24,14,31
MA,02348,22,51,11,14
MA,02349,28,46,10,19
MA,02350,34,69,19,33
MA,02351,38,45,14,27
MA,02355,47,22,13,31
MA,02356,39,38,22,34
MA,02357,37,47,10,17
MA,02358,28,23,20,24
MA,02359,23,39,22,48
MA,02360,33,44,18,31
MA,02361,19,43,18,33
MA,02362,39,42,27,24
MA,02364,16,56,18,17
MA,02366,29,55,10,51
MA,02367,19,37,11,51
MA,02368,33,22,13,20
MA,02370,19,42,17,55
MA,02375,23,41,22,24
MA,02379,31,42,14,22
MA,02381,41,56,23,36
MA,02382,16,28,18,19
MA,02420,42,38,10,37
MA,02421,15,59,17,24
MA,02445,33,46,14,18
MA,02446,39,32,21,32
MA,02447,38,30,23,15
MA,02451,47,41,22,28
MA,02452,39,53,18,22
MA,02453,31,44,22,32
MA,02454,42,46,23,36
MA,02455,41,66,21,30
MA,02456,38,56,8,35
MA,02457,17,24,25,16
MA,02458,44,21,21,24
MA,02459,13,31,12,30
MA,02460,23,51,9,19
MA,02461,34,38,9,26
MA,02462,34,47,7,40
MA,02464,23,35,16,19
MA,02465,28,58,13,18
MA,02466,34,38,22,16
MA,02467,18,28,12,19
MA,02468,33,61,16,22
MA,02471,34,33,22,37
MA,02472,45,51,20,44
MA,02474,18,34,14,21
MA,02475,17,35,19,29
MA,02476,15,47,9,21
MA,02477,33,37,13,33
MA,02478,21,26,18,32
MA,02479,16,33,13,36
MA,02481,20,23,9,20
MA,02482,30,34,17,48
MA,02492,43,48,11,27
MA,02493,23,34,22,34
MA,02494,25,56,20,18
MA,02495,15,20,12,27
MA,02532,47,34,9,14
MA,02534,22,24,12,26
MA,02535,20,36,9,40
MA,02536,18,47,20,26
MA,02537,33,39,25,49
MA,02538,49,40,18,23
MA,02539,18,32,22,38
MA,02540,33,39,18,31
MA,02541,20,51,14,26
MA,02542,32,29,17,19
MA,02543,40,54,18,43
MA,02552,23,30,10,41
MA,02553,31,29,11,18
MA,02554,16,29,10,19
MA,02556,21,32,11,23
MA,02557,18,41,12,23
MA,02558,40,33,26,30
MA,02559,37,26,23,41
MA,02561,29,42,21,29
MA,02562,35,36,21,45
MA,02563,24,44,23,16
MA,02564,42,46,20,27
MA,02565,18,38,9,22
MA,02568,37,39,17,18
MA,02571,42,50,12,42
MA,02573,28,42,12,46
MA,02574,22,29,20,24
MA,02575,37,37,14,34
MA,02576,26,49,14,27
MA,02584,18,63,8,20
MA,02601,35,19,22,48
MA,02630,13,39,12,27
MA,02631,27,37,14,39
MA,02632,45,34,23,15
MA,02633,34,28,23,47
MA,02634,21,43,11,41
MA,02635,28,49,8,24
MA,02636,35,31,20,16
MA,02637,39,48,11,24
MA,02638,14,37,16,45
MA,02639,24,44,13,42
MA,02641,39,61,15,34
MA,02642,35,42,15,23
MA,02643,17,51,10,19
MA,02644,26,26,23,31
MA,02645,16,42,21,28
MA,02646,27,49,19,28
MA,02647,35,22,16,47
MA,02648,26,60,19,32
MA,02649,29,21,19,48
MA,02650,35,55,23,15
MA,02651,26,49,21,30
MA,02652,40,40,13,20
MA,02653,32,33,7,35
MA,02655,33,27,11,23
MA,02657,22,46,22,31
MA,02659,34,50,18,26
MA,02660,42,45,19,51
MA,02661,35,27,7,25
MA,02662,23,63,19,31
MA,02663,23,36,14,37
MA,02664,21,55,14,37
MA,02666,16,38,18,17
MA,02667,16,34,20,38
MA,02668,14,54,21,17
MA,02669,38,33,21,32
MA,02670,20,49,18,42
MA,02671,35,31,24,13
MA,02672,33,40,17,21
MA,02673,44,46,11,33
MA,02675,31,52,23,18
MA,02702,18,30,18,41
MA,02703,31,39,11,18
MA,02712,28,29,20,33
MA,02713,15,29,24,22
MA,02714,31,28,22,38
MA,02715,14,30,19,18
MA,02717,35,21,23,48
MA,02718,35,20,17,45
MA,02719,23,48,12,26
MA,02720,46,65,7,13
MA,02721,33,46,14,29
MA,02722,39,27,23,18
MA,02723,20,43,19,18
MA,02724,19,53,18,30
MA,02725,25,28,10,42
MA,02726,38,30,20,20
MA,02738,16,33,7,24
MA,02739,21,44,22,37
MA,02740,16,25,22,18
MA,02741,28,50,14,28
MA,02742,30,32,14,30
MA,02743,44,28,18,30
MA,02744,41,43,20,36
MA,02745,27,60,21,36
MA,02746,34,21,22,47
MA,02747,41,49,23,23
MA,02748,18,32,21,28
MA,02760,23,39,13,23
MA,02761,31,42,23,39
MA,02762,31,50,13,21
MA,02763,33,47,19,20
MA,02764,36,24,20,47
MA,02766,37,61,15,47
MA,02767,25,52,8,49
MA,02768,16,36,19,22
MA,02769,23,29,10,29
MA,02770,22,28,9,33
MA,02771,22,53,11,24
MA,02777,27,32,8,49
MA,02779,31,64,7,37
MA,02780,18,43,17,24
MA,02783,41,44,9,29
MA,02790,44,28,9,20
MA,02791,18,37,9,44
RI,02801,14,20,8,27
RI,02802,23,43,18,20
RI,02804,27,32,22,24
RI,02806,31,52,18,42
RI,02807,36,51,10,20
RI,02808,13,21,21,21
RI,02809,23,29,8,17
RI,02812,33,53,8,21
RI,02813,39,31,10,48
RI,02814,16,25,18,28
RI,02815,16,42,8,52
RI,02816,28,32,22,19
RI,02817,31,25,9,14
RI,02818,33,31,21,19
RI,02822,13,52,18,40
RI,02823,16,50,9,22
RI,02824,25,31,15,40
RI,02825,20,35,11,35
RI,02826,33,49,10,21
RI,02827,23,34,12,38
RI,02828,35,43,13,45
RI,02829,29,36,17,12
RI,02830,24,24,12,32
RI,02831,14,45,24,20
RI,02832,28,24,12,27
RI,02833,21,24,22,27
RI,02835,19,34,8,38
RI,02836,31,29,9,30
RI,02837,33,30,20,24
RI,02838,25,40,7,21
RI,02839,34,29,23,52
RI,02840,36,45,23,25
RI,02841,18,37,13,21
RI,02842,24,29,19,19
RI,02852,28,50,22,28
RI,02854,39,28,11,46
RI,02857,15,38,21,32
RI,02858,28,41,9,16
RI,02859,31,31,22,36
RI,02860,21,19,8,23
RI,02861,26,38,8,18
RI,02862,25,34,8,20
RI,02863,12,34,11,32
RI,02864,33,40,18,15
RI,02865,21,31,17,42
RI,02871,13,40,11,33
RI,02872,32,43,10,19
RI,02873,11,18,24,25
RI,02874,13,33,10,21
RI,02875,24,21,22,28
RI,02876,26,36,12,15
RI,02877,27,23,14,42
RI,02878,32,46,19,31
RI,02879,22,26,17,18
RI,02880,24,29,22,19
RI,02881,23,41,10,34
RI,02882,17,35,15,28
RI,02883,20,53,21,32
RI,02885,29,26,18,24
RI,02886,23,26,20,24
RI,02887,22,31,15,35
RI,02888,40,27,16,47
RI,02889,23,25,23,30
RI,02891,36,34,22,52
RI,02892,30,37,8,16
RI,02893,14,21,23,45
RI,02894,23,50,21,18
RI,02895,28,32,21,21
RI,02896,19,21,7,40
RI,02898,26,50,19,39
RI,02901,19,26,22,35
RI,02902,17,47,12,26
RI,02903,13,41,19,37
RI,02904,13,36,11,24
RI,02905,21,20,16,36
RI,02906,21,46,16,18
RI,02907,14,38,12,28
RI,02908,15,37,13,34
RI,02909,24,23,11,48
RI,02910,13,27,14,35
RI,02911,33,31,17,41
RI,02912,34,34,9,32
RI,02914,17,52,21,32
RI,02915,24,28,19,37
RI,02916,31,32,13,34
RI,02917,28,44,16,45
RI,02918,18,28,21,33
RI,02919,20,24,26,29
RI,02920,17,30,12,42
RI,02921,14,48,7,28
RI,02940,30,40,8,27
NH,03031,21,30,12,23
NH,03032,10,18,11,15
NH,03033,10,24,11,11
NH,03034,19,22,8,8
NH,03036,25,27,15,21
NH,03037,22,23,10,9
NH,03038,10,15,14,12
NH,03040,17,30,12,23
NH,03041,25,31,14,12
NH,03042,11,21,7,20
NH,03043,10,31,14,30
NH,03044,23,32,13,14
NH,03045,16,17,11,17
NH,03046,18,24,11,23
NH,03047,15,19,15,19
NH,03048,25,29,13,18
NH,03049,20,22,14,14
NH,03051,15,40,13,22
NH,03052,10,19,6,21
NH,03053,10,23,8,15
NH,03054,25,32,13,15
NH,03055,17,21,11,25
NH,03057,10,26,12,8
NH,03060,25,22,7,15
NH,03061,21,36,13,22
NH,03062,10,19,9,12
NH,03063,10,23,5,24
NH,03064,20,25,9,15
NH,03070,20,19,7,25
NH,03071,16,15,7,8
NH,03073,18,23,8,25
NH,03076,10,28,12,8
NH,03077,10,30,7,16
NH,03079,23,22,13,13
NH,03082,14,20,5,10
NH,03084,15,21,7,14
NH,03086,11,16,6,8
NH,03087,19,22,15,19
NH,03101,15,18,5,15
NH,03102,26,26,7,14
NH,03103,20,32,8,13
NH,03104,26,23,9,8
NH,03105,21,26,11,12
NH,03106,22,21,7,8
NH,03107,26,26,11,20
NH,03108,11,21,9,20
NH,03109,11,19,5,22
NH,03110,16,31,12,17
NH,03111,12,34,11,21
NH,03215,10,36,9,21
NH,03216,15,29,11,12
NH,03217,18,28,6,27
NH,03218,21,23,12,17
NH,03220,13,17,10,12
NH,03221,10,31,6,12
NH,03222,16,20,8,15
NH,03223,13,18,11,17
NH,03224,14,17,13,22
NH,03225,15,15,5,21
NH,03226,12,22,12,26
NH,03227,11,22,8,17
NH,03229,22,15,6,20
NH,03230,18,32,14,24
NH,03231,10,29,6,14
NH,03233,16,15,14,21
NH,03234,11,21,7,8
NH,03235,13,15,14,17
NH,03237,14,17,8,12
NH,03238,14,22,8,25
NH,03240,17,18,5,13
NH,03241,23,26,5,16
NH,03242,10,25,15,25
NH,03243,11,15,12,10
NH,03244,10,34,13,25
NH,03245,13,23,5,16
NH,03246,23,16,6,25
NH,03247,22,22,14,21
NH,03249,10,22,7,13
NH,03251,14,19,11,20
NH,03252,14,27,10,10
NH,03253,11,21,5,15
NH,03254,19,22,14,23
NH,03255,10,16,12,23
NH,03256,23,27,8,14
NH,03257,15,29,13,19
NH,03258,10,21,9,12
NH,03259,24,23,11,11
NH,03260,10,32,10,27
NH,03261,13,23,13,16
NH,03262,10,20,10,12
NH,03263,23,15,9,17
NH,03264,21,23,13,11
NH,03266,11,19,14,16
NH,03268,27,33,13,15
NH,03269,17,33,9,16
NH,03272,23,31,10,12
NH,03273,14,15,8,8
NH,03274,11,20,11,14
NH,03275,14,15,5,19
NH,03276,19,17,13,14
NH,03278,20,19,11,11
NH,03279,21,25,6,24
NH,03280,29,20,9,32
NH,03281,24,17,12,16
NH,03282,24,15,12,18
NH,03284,17,17,8,26
NH,03285,22,26,13,22
NH,03287,29,35,12,28
NH,03289,24,15,11,21
NH,03290,16,15,11,21
NH,03291,16,36,8,21
NH,03293,20,28,7,28
NH,03298,19,15,8,17
NH,03299,22,16,9,18
NH,03301,11,15,8,25
NH,03302,11,22,9,28
NH,03303,10,36,5,9
NH,03304,16,37,10,14
NH,03305,16,31,5,24
NH,03307,10,24,11,23
NH,03431,22,15,6,19
NH,03435,12,17,5,8
NH,03440,16,17,7,10
NH,03441,25,25,7,18
NH,03442,10,24,5,11
NH,03443,21,16,8,24
NH,03444,23,17,14,18
NH,03445,20,24,11,17
NH,03446,19,33,10,22
NH,03447,13,17,5,27
NH,03448,28,17,8,24
NH,03449,20,18,12,11
NH,03450,10,15,9,30
NH,03451,22,18,13,19
NH,03452,13,32,9,11
NH,03455,10,17,8,26
NH,03456,13,22,7,12
NH,03457,13,20,12,22
NH,03458,12,32,8,17
NH,03461,18,16,7,20
NH,03462,24,18,9,20
NH,03464,10,31,12,20
NH,03465,16,28,8,12
NH,03466,20,26,11,14
NH,03467,24,16,6,18
NH,03468,17,19,15,13
NH,03469,10,16,10,11
NH,03470,25,36,8,27
NH,03561,20,29,14,22
NH,03570,10,28,8,21
NH,03574,12,27,7,26
NH,03575,10,30,5,23
NH,03576,16,32,5,24
NH,03579,16,32,10,21
NH,03580,23,17,16,11
NH,03581,17,19,5,15
NH,03582,11,26,13,17
NH,03583,18,17,8,12
NH,03584,17,29,5,24
NH,03585,12,30,9,12
NH,03586,21,20,10,20
NH,03588,15,31,10,11
NH,03589,10,27,5,22
NH,03590,13,20,9,19
NH,03592,10,15,11,16
NH,03593,25,19,9,21
NH,03595,18,19,6,11
NH,03597,23,17,10,20
NH,03598,18,24,6,8
NH,03601,10,26,13,24
NH,03602,12,16,11,30
NH,03603,18,21,14,15
NH,03604,22,19,9,12
NH,03605,18,32,5,32
NH,03607,22,40,5,20
NH,03608,16,17,6,14
NH,03609,21,16,7,21
NH,03740,23,28,13,17
NH,03741,17,35,7,17
NH,03743,16,25,10,19
NH,03745,12,34,9,20
NH,03746,13,24,12,18
NH,03748,10,15,9,15
NH,03749,23,24,10,24
NH,03750,10,20,10,22
NH,03751,20,20,8,29
NH,03752,18,28,10,16
NH,03753,23,30,7,16
NH,03754,11,16,8,18
NH,03755,13,19,8,16
NH,03756,10,18,12,15
NH,03765,18,20,15,28
NH,03766,10,30,13,14
NH,03768,22,20,13,18
NH,03769,12,19,7,19
NH,03770,11,28,6,20
NH,03771,18,21,7,12
NH,03773,20,38,10,12
NH,03774,15,25,11,31
NH,03777,23,15,15,20
NH,03779,20,26,12,20
NH,03780,13,31,6,18
NH,03781,10,26,7,22
NH,03782,23,30,7,17
NH,03784,14,24,13,24
NH,03785,12,24,5,15
NH,03801,13,20,10,18
NH,03802,20,22,12,24
NH,03803,10,31,12,24
NH,03804,11,30,14,24
NH,03805,23,19,8,21
NH,03809,18,21,8,24
NH,03810,17,19,6,18
NH,03811,17,22,8,27
NH,03812,10,19,9,13
NH,03813,19,32,7,15
NH,03814,19,15,9,17
NH,03815,18,20,5,9
NH,03816,13,21,5,20
NH,03817,23,25,8,8
NH,03818,16,15,6,21
NH,03819,14,28,13,12
NH,03820,22,17,7,28
NH,03821,21,19,8,13
NH,03822,12,18,5,12
NH,03823,24,18,8,11
NH,03824,19,28,11,14
NH,03825,10,18,9,8
NH,03826,12,27,5,20
NH,03827,25,18,10,13
NH,03830,17,29,5,12
NH,03832,18,15,12,10
NH,03833,18,18,12,26
NH,03835,14,36,5,17
NH,03836,25,24,15,22
NH,03837,14,24,7,14
NH,03838,21,18,10,12
NH,03839,19,29,7,19
NH,03840,21,22,5,16
NH,03841,23,30,12,9
NH,03842,14,17,7,16
NH,03843,22,27,8,16
NH,03844,13,16,7,17
NH,03845,18,24,9,27
NH,03846,13,32,5,24
NH,03847,17,18,10,21
NH,03848,12,15,10,8
NH,03849,19,33,13,14
NH,03850,10,22,14,21
NH,03851,17,18,12,14
NH,03852,17,32,14,18
NH,03853,10,28,14,19
NH,03854,10,37,7,23
NH,03855,16,17,12,12
NH,03856,20,20,8,11
NH,03857,11,23,12,19
NH,03858,19,34,9,10
NH,03859,18,23,8,28
NH,03860,14,18,15,13
NH,03861,11,15,11,17
NH,03862,10,34,13,12
NH,03864,13,35,9,10
NH,03865,14,19,15,11
NH,03866,21,33,12,31
NH,03867,13,17,12,17
NH,03868,23,19,5,15
NH,03869,11,21,13,28
NH,03870,23,22,5,21
NH,03871,19,36,8,14
NH,03872,23,36,6,20
NH,03873,20,21,9,12
NH,03874,21,15,15,12
NH,03875,12,24,7,26
NH,03878,10,28,8,20
NH,03882,16,15,5,19
NH,03883,21,29,9,24
NH,03884,10,23,8,25
NH,03885,21,21,11,18
NH,03886,17,16,11,22
NH,03887,16,15,14,23
NH,03890,18,22,7,19
NH,03894,17,21,5,13
NH,03896,19,19,11,12
NH,03897,15,16,5,18
ME,03901,27,20,16,13
ME,03902,21,22,11,24
ME,03903,14,38,10,16
ME,03904,10,17,6,15
ME,03905,28,20,6,19
ME,03906,17,33,5,16
ME,03907,21,25,11,11
ME,03908,22,25,9,18
ME,03909,22,49,9,21
ME,03910,10,21,6,17
ME,03911,17,29,12,14
ME,04001,17,26,14,21
ME,04002,10,24,12,25
ME,04003,10,22,8,18
ME,04004,21,38,10,20
ME,04005,16,24,6,26
ME,04006,28,25,5,20
ME,04007,20,24,14,16
ME,04008,20,20,8,16
ME,04009,20,22,9,19
ME,04010,22,31,7,17
ME,04011,10,19,9,19
ME,04013,10,15,14,24
ME,04014,14,15,12,22
ME,04015,10,20,5,29
ME,04016,19,27,8,21
ME,04017,18,26,7,10
ME,04019,17,18,8,23
ME,04020,10,17,15,28
ME,04021,15,16,7,15
ME,04022,17,22,12,22
ME,04024,10,19,5,23
ME,04027,24,22,10,15
ME,04028,23,15,10,16
ME,04029,15,30,13,22
ME,04030,11,24,5,29
ME,04032,17,17,9,15
ME,04033,20,15,9,21
ME,04034,27,17,13,24
ME,04037,26,15,5,18
ME,04038,21,30,13,21
ME,04039,18,23,5,18
ME,04040,14,21,11,21
ME,04041,11,16,12,10
ME,04042,19,33,12,10
ME,04043,24,20,10,25
ME,04046,13,15,9,28
ME,04047,22,19,5,21
ME,04048,26,20,7,14
ME,04049,20,17,11,20
ME,04050,20,17,5,24
ME,04051,14,30,9,16
ME,04054,14,15,9,14
ME,04055,10,31,12,15
ME,04056,23,20,7,22
ME,04057,20,16,6,20
ME,04061,25,19,10,22
ME,04062,16,20,9,8
ME,04063,15,29,6,23
ME,04064,28,32,14,21
ME,04066,12,24,8,25
ME,04068,17,34,14,21
ME,04069,25,23,13,21
ME,04070,19,24,10,20
ME,04071,14,21,9,30
ME,04072,23,34,6,14
ME,04073,10,16,8,14
ME,04074,15,35,14,12
ME,04075,13,25,14,21
ME,04076,22,21,13,22
ME,04077,21,28,5,20
ME,04078,19,23,7,13
ME,04079,17,25,13,20
ME,04082,10,18,7,9
ME,04083,18,31,11,17
ME,04084,15,26,5,9
ME,04085,23,15,15,19
ME,04086,14,30,8,11
ME,04087,19,19,6,26
ME,04088,20,25,7,12
ME,04090,11,35,10,25
ME,04091,26,15,7,14
ME,04092,22,27,12,17
ME,04093,24,19,13,27
ME,04094,16,22,5,15
ME,04095,19,15,9,13
ME,04096,28,15,7,18
ME,04097,12,20,10,8
ME,04098,18,22,6,15
ME,04101,13,31,14,20
ME,04102,22,27,6,19
ME,04103,17,19,7,19
ME,04104,24,26,6,11
ME,04105,19,24,15,28
ME,04106,13,15,5,29
ME,04107,14,25,11,27
ME,04108,24,18,9,14
ME,04109,11,28,9,9
ME,04110,25,20,8,20
ME,04112,25,26,11,28
ME,04116,18,30,13,14
ME,04122,10,33,6,13
ME,04123,18,28,11,15
ME,04124,14,23,7,20
ME,04210,17,24,12,29
ME,04211,19,30,5,25
ME,04212,12,34,13,26
ME,04216,27,28,6,17
ME,04217,10,20,12,18
ME,04219,14,15,10,21
ME,04220,14,15,10,12
ME,04221,19,26,7,24
ME,04222,16,16,9,23
ME,04223,23,25,8,19
ME,04224,17,33,8,22
ME,04225,16,22,7,16
ME,04226,12,21,5,8
ME,04227,19,27,9,25
ME,04228,15,24,8,10
ME,04230,12,17,7,20
ME,04231,18,28,10,17
ME,04234,17,28,11,10
ME,04236,19,26,7,19
ME,04237,10,21,12,9
ME,04238,15,26,13,20
ME,04239,12,17,5,15
ME,04240,12,29,7,14
ME,04241,13,21,13,20
ME,04243,11,28,5,11
ME,04250,18,24,13,24
ME,04252,23,33,11,19
ME,04253,19,15,14,14
ME,04254,10,19,6,31
ME,04255,10,15,9,18
ME,04256,12,31,11,18
ME,04257,10,15,14,22
ME,04258,10,24,6,27
ME,04259,10,35,9,19
ME,04260,21,26,14,27
ME,04261,23,24,12,18
ME,04262,15,15,5,22
ME,04263,11,33,13,12
ME,04265,11,27,12,17
ME,04266,21,17,8,25
ME,04267,25,38,8,15
ME,04268,22,22,14,10
ME,04270,12,18,8,12
ME,04271,11,20,6,28
ME,04274,17,23,6,14
ME,04275,21,16,12,27
ME,04276,27,21,10,11
ME,04280,15,17,13,20
ME,04281,14,22,13,11
ME,04282,16,24,6,23
ME,04284,19,17,5,10
ME,04285,10,15,5,24
ME,04286,19,20,8,14
ME,04287,23,30,5,15
ME,04288,15,24,8,31
ME,04289,10,36,16,8
ME,04290,16,34,6,19
ME,04291,10,16,9,18
ME,04292,12,18,5,25
ME,04294,22,38,6,20
ME,04330,17,25,9,11
ME,04332,12,15,7,27
ME,04333,11,15,5,27
ME,04336,10,20,14,18
ME,04338,14,27,5,18
ME,04341,18,18,5,20
ME,04342,15,28,9,21
ME,04343,25,34,11,13
ME,04344,10,38,5,13
ME,04345,16,29,9,27
ME,04346,13,16,13,24
ME,04347,13,33,6,20
ME,04348,10,18,9,23
ME,04349,18,24,5,8
ME,04350,13,24,5,26
ME,04351,15,21,14,12
ME,04352,18,24,13,8
ME,04353,16,18,15,20
ME,04354,16,23,8,12
ME,04355,23,29,9,24
ME,04357,22,21,9,20
ME,04358,19,15,10,27
ME,04359,11,23,6,22
ME,04360,16,28,6,10
ME,04363,15,21,10,8
ME,04364,10,26,14,20
ME,04401,14,15,10,17
ME,04402,16,30,6,23
ME,04406,13,30,8,18
ME,04408,16,39,11,20
ME,04410,14,16,9,14
ME,04411,20,33,10,17
ME,04412,16,38,6,31
ME,04413,10,31,9,16
ME,04414,13,30,10,16
ME,04415,13,30,6,8
ME,04416,27,31,9,15
ME,04417,10,20,6,11
ME,04418,13,26,9,19
ME,04419,18,22,8,21
ME,04420,28,29,5,19
ME,04421,20,26,9,21
ME,04422,10,15,8,27
ME,04424,10,24,8,19
ME,04426,12,29,6,21
ME,04427,17,26,5,18
ME,04428,19,27,11,10
ME,04429,16,24,5,23
ME,04430,17,26,13,16
ME,04431,22,21,8,13
ME,04434,17,22,10,26
ME,04435,16,26,10,22
ME,04438,10,20,12,9
ME,04441,15,19,8,21
ME,04442,10,23,16,29
ME,04443,19,15,14,25
ME,04444,27,27,9,18
ME,04448,17,17,6,15
ME,04449,12,28,15,25
ME,04450,21,25,12,29
ME,04451,20,15,6,15
ME,04453,12,22,6,29
ME,04454,17,21,7,20
ME,04455,17,23,14,28
ME,04456,16,29,10,23
ME,04457,15,15,13,11
ME,04459,26,27,11,30
ME,04460,22,17,14,31
ME,04461,10,24,7,19
ME,04462,19,20,13,13
ME,04463,18,15,6,14
ME,04464,14,15,15,20
ME,04467,11,29,9,23
ME,04468,27,22,7,20
ME,04469,19,39,10,19
ME,04471,22,18,10,12
ME,04472,10,18,5,14
ME,04473,25,27,11,14
ME,04474,10,28,8,15
ME,04475,22,28,5,26
ME,04476,24,29,9,19
ME,04478,18,19,12,18
ME,04479,20,15,9,15
ME,04481,15,16,13,21
ME,04485,24,22,13,32
ME,04487,14,15,14,31
ME,04488,11,15,11,8
ME,04489,23,20,16,14
ME,04490,14,22,11,15
ME,04491,17,18,6,22
ME,04492,18,21,13,11
ME,04493,23,15,6,20
ME,04495,24,36,15,20
ME,04496,15,15,12,19
ME,04497,16,15,13,27
ME,04530,15,30,9,18
ME,04535,14,35,6,9
ME,04537,13,20,9,15
ME,04538,14,15,10,17
ME,04539,10,29,11,12
ME,04541,24,20,12,23
ME,04543,10,17,7,20
ME,04544,10,25,6,23
ME,04547,13,23,9,24
ME,04548,21,29,5,20
ME,04549,13,18,9,10
ME,04551,20,17,10,12
ME,04553,15,17,5,9
ME,04554,19,17,15,14
ME,04555,11,15,8,23
ME,04556,16,27,5,18
ME,04558,22,26,5,10
ME,04562,23,15,5,17
ME,04563,14,38,6,17
ME,04564,19,28,8,16
ME,04565,13,15,7,13
ME,04568,15,32,5,16
ME,04570,19,22,10,11
ME,04571,22,19,8,22
ME,04572,15,15,13,17
ME,04573,13,27,7,16
ME,04574,15,25,7,25
ME,04575,10,20,6,22
ME,04576,24,33,5,28
ME,04578,22,32,5,22
ME,04579,14,27,12,19
ME,04605,10,22,6,23
ME,04606,11,15,10,10
ME,04607,20,27,12,18
ME,04609,19,27,6,10
ME,04611,18,22,10,20
ME,04612,10,19,7,19
ME,04613,21,15,10,26
ME,04614,27,18,7,19
ME,04616,10,24,14,13
ME,04617,20,18,10,25
ME,04619,10,16,9,27
ME,04622,10,18,11,12
ME,04623,10,27,10,21
ME,04624,22,23,13,14
ME,04625,10,25,10,25
ME,04626,16,31,9,19
ME,04627,25,20,6,9
ME,04628,10,15,7,16
ME,04629,27,20,5,21
ME,04630,21,26,13,27
ME,04631,17,31,13,14
ME,04634,25,37,11,18
ME,04635,15,18,14,13
ME,04637,15,15,11,16
ME,04640,21,34,7,13
ME,04642,11,22,9,25
ME,04643,10,15,14,20
ME,04644,21,21,11,15
ME,04645,21,32,11,14
ME,04646,20,26,5,26
ME,04648,19,22,14,19
ME,04649,19,30,11,19
ME,04650,17,30,12,22
ME,04652,18,20,10,12
ME,04653,21,22,5,16
ME,04654,14,29,8,11
ME,04655,17,15,5,17
ME,04657,25,17,15,28
ME,04658,10,35,9,23
ME,04660,23,22,13,27
ME,04662,14,19,8,22
ME,04664,18,20,5,18
ME,04666,20,22,10,16
ME,04667,13,19,9,13
ME,04668,17,21,8,20
ME,04669,13,30,11,20
ME,04671,10,30,5,19
ME,04672,18,17,10,12
ME,04673,18,28,12,19
ME,04674,14,27,6,27
ME,04675,12,22,12,16
ME,04676,16,22,13,16
ME,04677,12,17,11,16
ME,04679,12,15,15,19
ME,04680,12,30,13,23
ME,04681,10,22,12,14
ME,04683,18,28,5,19
ME,04684,10,32,8,15
ME,04685,16,28,11,13
ME,04686,13,23,12,24
ME,04691,18,26,14,10
ME,04693,21,16,11,20
ME,04694,21,29,5,8
ME,04730,24,35,5,25
ME,04732,17,22,6,10
ME,04733,11,15,10,10
ME,04734,19,20,11,10
ME,04735,22,27,7,21
ME,04736,16,34,10,12
ME,04737,10,18,12,11
ME,04738,28,22,14,13
ME,04739,13,30,14,13
ME,04740,14,15,12,20
ME,04741,12,30,5,33
ME,04742,16,15,5,19
ME,04743,10,23,7,27
ME,04744,11,24,5,18
ME,04745,16,24,12,18
ME,04746,10,22,5,14
ME,04747,25,29,6,16
ME,04750,10,23,11,14
ME,04751,17,30,5,14
ME,04756,22,19,7,15
ME,04757,15,18,12,11
ME,04758,15,30,7,23
ME,04760,19,26,16,16
ME,04761,23,25,7,17
ME,04762,27,33,6,30
ME,04763,14,17,11,14
ME,04764,15,20,8,13
ME,04765,20,28,13,15
ME,04766,18,20,7,11
ME,04768,16,19,11,16
ME,04769,24,16,6,13
ME,04772,12,15,9,13
ME,04773,24,15,6,17
ME,04774,17,24,5,16
ME,04775,18,17,9,27
ME,04776,16,22,11,29
ME,04777,12,20,14,16
ME,04779,11,25,11,22
ME,04780,15,21,14,12
ME,04781,13,33,10,10
ME,04783,27,16,11,27
ME,04785,24,25,8,17
ME,04786,16,27,5,12
ME,04787,12,16,10,29
ME,04841,11,29,8,16
ME,04843,21,36,5,28
ME,04846,20,15,11,18
ME,04847,23,24,11,11
ME,04848,12,22,7,9
ME,04849,15,15,14,8
ME,04850,22,15,14,21
ME,04851,11,30,7,26
ME,04852,16,29,10,8
ME,04853,18,37,14,30
ME,04854,16,15,13,22
ME,04855,21,32,7,11
ME,04856,19,28,5,27
ME,04858,12,22,5,24
ME,04859,10,16,12,13
ME,04860,10,31,15,20
ME,04861,14,32,12,19
ME,04862,17,30,10,14
ME,04863,11,27,6,22
ME,04864,17,19,11,30
ME,04865,28,25,9,18
ME,04901,15,17,11,10
ME,04903,23,29,11,11
ME,04910,23,20,11,22
ME,04911,10,23,9,17
ME,04912,10,19,10,20
ME,04915,17,17,7,19
ME,04917,17,15,5,27
ME,04918,23,21,8,28
ME,04920,14,27,14,29
ME,04921,17,27,12,11
ME,04922,18,15,5,13
ME,04923,13,17,10,8
ME,04924,10,20,8,24
ME,04925,20,22,13,12
ME,04926,12,16,10,19
ME,04927,10,26,10,26
ME,04928,13,19,13,8
ME,04929,31,42,15,27
ME,04930,12,35,11,23
ME,04932,12,31,10,23
ME,04933,10,25,6,27
ME,04935,12,20,14,10
ME,04936,16,28,8,14
ME,04937,15,28,6,12
ME,04938,15,34,5,19
ME,04939,16,15,13,19
ME,04940,23,23,14,13
ME,04941,13,22,10,13
ME,04942,18,29,8,11
ME,04943,10,29,6,14
ME,04944,12,19,12,28
ME,04945,23,18,12,16
ME,04947,17,17,5,21
ME,04949,20,18,12,17
ME,04950,14,23,8,15
ME,04951,12,15,5,16
ME,04952,12,21,6,17
ME,04953,21,22,5,12
ME,04954,17,15,11,13
ME,04955,10,36,13,26
ME,04956,20,28,10,17
ME,04957,17,15,8,24
ME,04958,14,18,12,13
ME,04961,11,22,14,13
ME,04962,12,23,5,26
ME,04963,12,24,8,9
ME,04964,12,30,10,19
ME,04965,29,24,6,19
ME,04966,18,19,13,16
ME,04967,10,19,7,12
ME,04969,17,26,5,9
ME,04970,15,15,12,10
ME,04971,13,36,9,26
ME,04972,15,25,5,12
ME,04973,26,26,5,15
ME,04974,15,25,14,10
ME,04975,15,24,5,14
ME,04976,18,18,6,10
ME,04978,16,21,6,11
ME,04979,16,22,6,16
ME,04981,15,15,8,10
ME,04982,14,18,14,23
ME,04983,17,23,6,10
ME,04984,22,34,14,12
ME,04985,15,20,10,16
ME,04986,12,16,6,11
ME,04987,10,32,6,9
ME,04988,26,15,6,30
ME,04989,19,24,8,20
ME,04992,11,27,7,22
VT,05001,18,15,12,16
VT,05009,10,32,9,17
VT,05030,23,26,7,11
VT,05031,21,30,8,15
VT,05032,10,19,9,15
VT,05033,23,38,6,9
VT,05034,17,38,6,13
VT,05035,21,22,15,22
VT,05036,12,18,10,16
VT,05037,21,17,7,21
VT,05038,11,25,5,19
VT,05039,10,28,12,14
VT,05040,11,17,13,14
VT,05041,10,31,10,17
VT,05042,15,25,8,16
VT,05043,19,16,5,13
VT,05045,10,15,14,10
VT,05046,18,21,10,22
VT,05047,26,20,5,12
VT,05048,16,17,12,20
VT,05049,12,30,13,15
VT,05050,19,26,9,13
VT,05051,22,21,6,16
VT,05052,22,15,7,25
VT,05053,18,20,5,19
VT,05054,17,21,15,20
VT,05055,21,15,9,11
VT,05056,23,36,7,16
VT,05058,20,34,13,13
VT,05059,20,29,9,24
VT,05060,11,20,12,26
VT,05061,14,21,6,18
VT,05062,15,29,8,22
VT,05065,15,16,6,32
VT,05067,14,31,13,29
VT,05068,25,15,10,14
VT,05069,19,30,5,16
VT,05070,10,19,12,10
VT,05071,21,16,8,16
VT,05072,16,22,14,9
VT,05073,22,19,14,15
VT,05074,15,20,7,16
VT,05075,20,28,8,23
VT,05076,19,29,6,15
VT,05077,15,29,6,19
VT,05079,23,22,13,9
VT,05081,10,24,12,11
VT,05083,10,18,8,24
VT,05084,16,18,5,31
VT,05085,10,30,14,27
VT,05086,27,16,8,21
VT,05088,17,22,9,17
VT,05089,10,15,12,14
VT,05091,27,15,10,21
VT,05101,11,27,14,29
VT,05141,16,21,10,22
VT,05142,23,16,13,11
VT,05143,11,29,11,17
VT,05144,23,25,10,21
VT,05146,19,15,7,18
VT,05148,16,17,6,10
VT,05149,19,30,9,21
VT,05150,10,23,5,20
VT,05151,16,36,13,19
VT,05152,10,25,6,15
VT,05153,13,26,15,14
VT,05154,27,23,16,25
VT,05155,12,21,9,9
VT,05156,20,19,12,20
VT,05158,13,25,10,21
VT,05159,14,17,6,27
VT,05161,12,39,8,27
VT,05201,21,19,10,15
VT,05250,12,22,5,16
VT,05251,15,18,5,21
VT,05252,11,17,16,18
VT,05253,22,20,14,10
VT,05254,10,16,11,26
VT,05255,22,24,13,20
VT,05257,15,23,9,18
VT,05260,24,17,12,31
VT,05261,22,23,8,13
VT,05262,21,39,11,8
VT,05301,18,21,11,30
VT,05302,10,31,7,16
VT,05303,24,20,8,25
VT,05304,17,16,5,9
VT,05340,14,23,15,15
VT,05341,16,26,11,11
VT,05342,20,31,5,13
VT,05343,11,15,14,11
VT,05344,15,31,11,13
VT,05345,21,26,11,18
VT,05346,10,23,5,15
VT,05350,13,31,14,18
VT,05351,10,27,13,10
VT,05352,19,28,9,22
VT,05353,10,17,5,12
VT,05354,19,21,6,11
VT,05355,25,27,7,28
VT,05356,20,35,9,21
VT,05357,14,17,10,24
VT,05358,12,15,14,11
VT,05359,27,24,5,26
VT,05360,13,21,12,25
VT,05361,15,21,14,15
VT,05362,19,31,14,10
VT,05363,20,25,12,20
VT,05401,18,25,11,13
VT,05402,18,19,8,20
VT,05403,15,34,6,11
VT,05404,19,24,5,28
VT,05405,18,21,5,13
VT,05406,13,22,13,13
VT,05407,15,23,8,17
VT,05408,10,18,10,15
VT,05439,22,24,5,20
VT,05440,14,38,13,10
VT,05441,22,33,8,14
VT,05442,12,35,15,18
VT,05443,10,27,14,20
VT,05444,26,27,14,16
VT,05445,10,23,12,25
VT,05446,11,18,8,17
VT,05447,20,26,8,17
VT,05448,24,25,15,16
VT,05449,10,31,7,19
VT,05450,19,15,10,26
VT,05451,10,15,9,20
VT,05452,14,19,10,17
VT,05453,26,22,9,21
VT,05454,11,26,8,28
VT,05455,19,19,7,21
VT,05456,10,20,15,15
VT,05457,10,15,9,20
VT,05458,10,24,10,21
VT,05459,20,16,5,14
VT,05460,19,18,5,10
VT,05461,22,35,9,19
VT,05462,13,20,5,23
VT,05463,25,15,13,16
VT,05464,21,25,15,18
VT,05465,21,36,9,16
VT,05466,17,17,11,12
VT,05468,13,16,7,12
VT,05469,10,15,5,16
VT,05470,16,16,5,23
VT,05471,25,23,10,13
VT,05472,16,18,15,24
VT,05473,17,26,13,13
VT,05474,10,24,8,12
VT,05476,28,29,5,22
VT,05477,18,26,9,11
VT,05478,22,27,7,20
VT,05479,14,27,13,26
VT,05481,22,21,5,24
VT,05482,12,15,5,19
VT,05483,18,32,9,25
VT,05485,24,15,7,30
VT,05486,22,22,13,16
VT,05487,16,28,10,8
VT,05488,16,15,11,18
VT,05489,20,24,9,14
VT,05490,14,15,10,8
VT,05491,10,21,10,9
VT,05492,12,22,14,13
VT,05494,17,18,12,26
VT,05495,14,29,12,31
MA,05501,38,39,12,33
MA,05544,30,38,14,42
VT,05601,14,28,12,13
VT,05602,22,20,12,11
VT,05603,22,20,7,26
VT,05604,19,15,8,21
VT,05609,12,19,9,16
VT,05620,24,28,13,12
VT,05633,26,30,14,17
VT,05640,24,17,12,10
VT,05641,24,22,9,22
VT,05647,13,24,15,30
VT,05648,10,26,9,16
VT,05649,15,21,7,21
VT,05650,11,15,5,14
VT,05651,11,15,8,12
VT,05652,14,20,7,10
VT,05653,10,26,8,16
VT,05654,11,15,5,24
VT,05655,12,28,6,14
VT,05656,21,27,10,12
VT,05657,19,20,8,20
VT,05658,27,28,14,15
VT,05660,23,26,12,26
VT,05661,27,15,11,25
VT,05662,14,15,16,26
VT,05663,14,27,8,14
VT,05664,27,31,14,29
VT,05665,12,21,8,10
VT,05666,12,26,5,18
VT,05667,18,27,7,10
VT,05669,10,24,6,18
VT,05670,11,25,5,22
VT,05671,13,30,13,20
VT,05672,14,15,11,10
VT,05673,13,20,13,30
VT,05674,15,36,7,12
VT,05675,21,17,10,9
VT,05676,16,15,11,23
VT,05677,15,29,15,20
VT,05678,11,25,5,8
VT,05679,24,15,11,19
VT,05680,15,22,9,11
VT,05681,13,28,6,24
VT,05682,10,36,6,8
VT,05701,25,23,11,22
VT,05702,19,20,10,22
VT,05730,11,21,5,12
VT,05731,15,27,16,16
VT,05732,27,25,9,19
VT,05733,19,15,13,23
VT,05734,21,19,6,15
VT,05735,12,15,11,19
VT,05736,27,24,6,12
VT,05737,16,15,6,19
VT,05738,24,24,13,30
VT,05739,17,36,12,16
VT,05740,21,25,5,12
VT,05741,22,15,5,20
VT,05742,22,29,14,18
VT,05743,11,15,11,21
VT,05744,23,15,7,19
VT,05745,11,22,10,19
VT,05746,16,22,12,21
VT,05747,14,26,12,26
VT,05748,11,24,11,21
VT,05750,19,16,8,28
VT,05751,19,17,7,14
VT,05753,18,35,10,15
VT,05757,13,32,7,11
VT,05758,18,36,6,12
VT,05759,18,24,10,17
VT,05760,11,17,14,11
VT,05761,13,15,15,12
VT,05762,20,27,7,16
VT,05763,26,35,10,27
VT,05764,19,18,15,9
VT,05765,20,17,12,10
VT,05766,22,15,5,20
VT,05767,20,17,11,10
VT,05768,11,15,10,13
VT,05769,10,18,9,23
VT,05770,12,18,5,9
VT,05772,17,36,7,9
VT,05773,14,21,13,18
VT,05774,10,22,8,16
VT,05775,20,33,9,16
VT,05776,10,19,8,22
VT,05777,21,28,12,14
VT,05778,10,16,7,16
VT,05819,22,39,5,30
VT,05820,10,15,6,24
VT,05821,26,21,5,13
VT,05822,17,24,6,18
VT,05823,16,22,14,28
VT,05824,18,38,6,10
VT,05825,10,20,5,21
VT,05826,22,29,10,17
VT,05827,15,33,14,14
VT,05828,10,17,9,19
VT,05829,10,24,11,20
VT,05830,23,26,9,11
VT,05832,14,29,13,21
VT,05833,21,29,5,17
VT,05836,22,30,11,14
VT,05837,20,25,8,25
VT,05838,16,28,7,21
VT,05839,18,28,15,20
VT,05840,13,15,7,10
VT,05841,24,28,7,20
VT,05842,21,26,13,25
VT,05843,18,24,12,28
VT,05845,19,22,5,23
VT,05846,12,21,6,12
VT,05847,25,26,8,16
VT,05848,27,15,13,24
VT,05849,14,30,11,19
VT,05850,13,32,11,17
VT,05851,12,24,13,14
VT,05853,21,27,6,23
VT,05855,22,31,16,23
VT,05857,16,32,14,19
VT,05858,11,16,13,19
VT,05859,10,34,11,12
VT,05860,18,28,8,23
VT,05861,13,18,13,13
VT,05862,15,29,5,28
VT,05863,24,16,11,26
VT,05866,25,16,11,26
VT,05867,17,18,11,8
VT,05868,24,19,11,14
VT,05871,17,24,12,9
VT,05872,22,29,7,11
VT,05873,16,16,5,9
VT,05874,10,23,14,26
VT,05875,15,22,11,9
VT,05901,15,25,5,21
VT,05902,15,37,6,19
VT,05903,21,18,8,19
VT,05904,25,17,5,13
VT,05905,20,29,5,8
VT,05906,18,27,6,21
VT,05907,14,35,9,17
CT,06001,25,21,14,25
CT,06002,36,32,19,20
CT,06006,33,39,26,26
CT,06010,38,32,15,16
CT,06011,28,30,23,20
CT,06013,13,27,7,24
CT,06016,16,20,12,34
CT,06018,16,25,23,19
CT,06019,36,30,11,42
CT,06020,31,28,15,28
CT,06021,23,48,12,41
CT,06022,37,36,7,36
CT,06023,33,38,14,20
CT,06024,13,46,13,33
CT,06025,19,38,9,18
CT,06026,19,32,19,22
CT,06027,24,38,25,35
CT,06028,16,46,18,38
CT,06029,37,34,15,31
CT,06030,15,30,20,19
CT,06031,13,37,12,22
CT,06032,18,43,19,22
CT,06033,30,39,19,25
CT,06034,39,42,13,25
CT,06035,35,41,23,36
CT,06037,13,24,21,33
CT,06039,28,51,25,21
CT,06040,14,48,23,20
CT,06041,27,34,16,21
CT,06042,34,35,23,34
CT,06043,28,30,17,20
CT,06045,39,26,13,35
CT,06050,13,28,8,40
CT,06051,19,25,20,22
CT,06052,11,43,16,45
CT,06053,12,20,21,49
CT,06057,18,32,12,17
CT,06058,14,20,12,29
CT,06059,16,44,15,44
CT,06060,20,30,16,43
CT,06061,39,26,18,19
CT,06062,18,35,10,32
CT,06063,12,51,8,36
CT,06064,26,35,13,49
CT,06065,20,23,8,32
CT,06066,23,36,8,42
CT,06067,17,36,8,26
CT,06068,19,24,26,32
CT,06069,24,24,22,33
CT,06070,29,38,12,28
CT,06071,23,22,24,34
CT,06072,35,26,7,32
CT,06073,33,41,15,36
CT,06074,21,22,13,17
CT,06075,20,21,8,32
CT,06076,25,19,20,41
CT,06077,28,38,10,24
CT,06078,15,19,14,41
CT,06079,26,56,13,29
CT,06080,15,39,13,25
CT,06081,14,24,9,36
CT,06082,35,28,24,27
CT,06083,33,48,20,41
CT,06084,30,37,12,35
CT,06085,26,24,17,20
CT,06087,23,44,16,18
CT,06088,22,41,9,38
CT,06089,29,47,16,52
CT,06090,15,46,9,17
CT,06091,27,34,23,53
CT,06092,34,24,16,29
CT,06093,13,26,15,17
CT,06094,30,26,26,18
CT,06095,27,21,13,22
CT,06096,30,48,17,45
CT,06098,17,44,10,16
CT,06101,30,46,12,25
CT,06102,31,20,19,40
CT,06103,29,40,24,27
CT,06104,25,46,9,31
CT,06105,16,21,9,13
CT,06106,13,41,16,16
CT,06107,11,40,22,35
CT,06108,15,25,20,34
CT,06109,32,28,14,30
CT,06110,24,50,7,27
CT,06111,13,32,17,16
CT,06112,25,20,23,21
CT,06114,37,35,12,21
CT,06115,38,23,11,45
CT,06117,28,35,9,31
CT,06118,19,25,21,41
CT,06119,38,28,9,34
CT,06120,17,36,15,22
CT,06123,16,18,22,18
CT,06126,33,20,23,24
CT,06127,25,24,14,20
CT,06128,32,22,19,23
CT,06129,24,33,11,53
CT,06131,26,37,13,40
CT,06132,30,23,14,26
CT,06133,40,44,22,16
CT,06134,34,37,21,39
CT,06137,19,31,24,34
CT,06138,30,27,15,32
CT,06140,19,33,11,16
CT,06141,31,30,13,34
CT,06142,30,34,9,20
CT,06143,14,29,21,28
CT,06144,13,29,8,21
CT,06145,36,34,10,21
CT,06146,29,25,7,45
CT,06147,13,43,14,30
CT,06150,13,40,21,26
CT,06151,17,29,10,34
CT,06152,31,39,14,36
CT,06153,31,43,7,40
CT,06154,19,42,10,22
CT,06155,13,20,17,32
CT,06156,32,49,7,25
CT,06160,35,31,19,44
CT,06161,22,27,26,21
CT,06167,17,45,17,31
CT,06176,16,34,10,52
CT,06180,28,46,9,47
CT,06183,13,49,23,24
CT,06199,16,36,16,22
CT,06226,26,24,24,26
CT,06230,24,35,13,42
CT,06231,16,30,11,17
CT,06232,20,32,21,20
CT,06233,31,22,17,28
CT,06234,32,37,21,33
CT,06235,29,43,15,42
CT,06237,14,32,13,29
CT,06238,17,29,10,27
CT,06239,26,34,15,28
CT,06241,23,22,11,33
CT,06242,17,29,15,43
CT,06243,23,50,12,20
CT,06244,32,43,8,21
CT,06245,32,32,21,23
CT,06246,23,25,19,21
CT,06247,16,22,17,36
CT,06248,28,25,22,17
CT,06249,14,39,17,29
CT,06250,27,35,14,29
CT,06251,23,33,18,33
CT,06254,21,28,9,20
CT,06255,28,32,10,17
CT,06256,31,47,21,17
CT,06258,14,34,9,27
CT,06259,34,18,26,31
CT,06260,32,25,24,47
CT,06262,20,30,11,34
CT,06263,41,38,11,20
CT,06264,13,26,20,32
CT,06265,36,18,11,29
CT,06266,27,29,7,30
CT,06267,37,41,8,34
CT,06268,17,36,15,37
CT,06269,23,45,9,25
CT,06277,39,27,14,22
CT,06278,15,49,9,41
CT,06279,21,43,16,24
CT,06280,27,22,13,16
CT,06281,25,46,27,26
CT,06282,27,22,20,23
CT,06320,13,20,12,26
CT,06330,27,38,13,20
CT,06331,23,37,11,44
CT,06332,20,21,19,19
CT,06333,26,17,15,30
CT,06334,26,37,10,47
CT,06335,16,22,14,40
CT,06336,41,23,23,20
CT,06338,31,29,22,49
CT,06339,39,27,12,19
CT,06340,29,40,15,50
CT,06349,30,33,15,17
CT,06350,34,39,25,27
CT,06351,30,34,13,40
CT,06353,15,34,14,41
CT,06354,38,39,10,17
CT,06355,28,25,24,39
CT,06357,33,27,10,18
CT,06359,13,43,11,42
CT,06360,36,35,7,25
CT,06365,19,51,17,22
CT,06370,26,44,17,27
CT,06371,22,37,22,47
CT,06372,21,42,9,22
CT,06373,29,18,12,41
CT,06374,22,32,14,34
CT,06375,26,34,8,29
CT,06376,13,33,9,18
CT,06377,15,39,17,29
CT,06378,18,37,13,41
CT,06379,19,29,8,38
CT,06380,34,30,21,29
CT,06382,33,37,25,42
CT,06383,24,35,16,32
CT,06384,17,21,23,31
CT,06385,19,29,25,29
CT,06386,13,43,14,30
CT,06387,33,58,9,32
CT,06388,35,18,18,29
CT,06389,14,34,10,23
NY,06390,18,53,20,37
CT,06401,17,25,8,27
CT,06403,18,37,17,19
CT,06404,21,42,14,44
CT,06405,20,31,10,37
CT,06408,32,21,12,34
CT,06409,31,46,24,21
CT,06410,37,27,8,17
CT,06411,28,24,14,28
CT,06412,17,30,11,33
CT,06413,30,54,13,22
CT,06414,29,48,14,45
CT,06415,24,44,9,23
CT,06416,29,40,13,30
CT,06417,28,31,16,17
CT,06418,29,24,15,25
CT,06419,11,21,16,33
CT,06420,11,30,24,15
CT,06422,14,32,9,26
CT,06423,19,18,25,25
CT,06424,21,42,25,32
CT,06426,17,37,14,19
CT,06437,21,36,17,31
CT,06438,27,34,25,29
CT,06439,20,26,11,34
CT,06440,26,40,11,37
CT,06441,27,22,15,46
CT,06442,24,36,24,18
CT,06443,19,33,11,26
CT,06444,28,42,12,17
CT,06447,16,30,11,36
CT,06450,28,34,27,26
CT,06451,30,22,12,28
CT,06454,15,22,23,34
CT,06455,25,39,8,15
CT,06456,26,26,22,25
CT,06457,15,35,23,34
CT,06459,13,33,10,19
CT,06460,34,22,11,36
CT,06461,32,45,14,17
CT,06467,22,24,17,30
CT,06468,18,23,13,33
CT,06469,35,29,14,23
CT,06470,28,21,18,47
CT,06471,19,49,7,26
CT,06472,25,34,19,32
CT,06473,14,30,14,36
CT,06474,18,32,16,15
CT,06475,35,38,19,49
CT,06477,12,31,20,37
CT,06478,19,25,18,23
CT,06479,19,22,9,17
CT,06480,27,45,8,42
CT,06481,30,35,8,32
CT,06482,37,34,15,36
CT,06483,13,40,11,41
CT,06484,38,26,13,30
CT,06487,24,33,21,42
CT,06488,22,31,10,24
CT,06489,29,21,20,36
CT,06491,32,39,22,31
CT,06492,32,52,17,49
CT,06493,35,45,13,48
CT,06494,28,35,9,26
CT,06495,30,29,9,13
CT,06497,22,30,12,28
CT,06498,12,38,24,30
CT,06501,38,40,27,34
CT,06502,19,18,10,16
CT,06503,19,49,20,17
CT,06504,18,26,9,42
CT,06505,34,47,11,29
CT,06506,35,47,19,34
CT,06507,30,51,24,20
CT,06508,29,42,9,37
CT,06509,36,28,15,23
CT,06510,18,24,7,25
CT,06511,22,21,22,32
CT,06512,20,48,16,47
CT,06513,28,26,24,23
CT,06514,25,22,15,18
CT,06515,39,46,10,17
CT,06516,23,34,10,37
CT,06517,26,46,21,42
CT,06518,12,40,17,29
CT,06519,33,24,21,20
CT,06520,13,30,17,22
CT,06521,14,27,16,21
CT,06524,21,37,18,33
CT,06525,15,25,11,40
CT,06530,24,25,26,17
CT,06531,37,29,23,38
CT,06532,30,41,8,41
CT,06533,34,35,8,14
CT,06534,31,16,13,21
CT,06535,29,36,8,42
CT,06536,21,29,11,35
CT,06537,35,25,22,18
CT,06538,28,21,16,23
CT,06540,27,50,9,33
CT,06601,13,24,9,39
CT,06602,11,32,20,23
CT,06604,35,31,8,45
CT,06605,27,21,15,30
CT,06606,21,45,22,18
CT,06607,19,40,18,29
CT,06608,31,20,7,23
CT,06610,37,29,15,16
CT,06611,15,29,19,31
CT,06612,19,32,27,31
CT,06614,19,58,8,31
CT,06615,20,42,24,25
CT,06650,19,28,20,31
CT,06673,11,37,7,48
CT,06699,20,31,20,24
CT,06701,31,21,27,23
CT,06702,14,32,15,22
CT,06703,17,51,27,28
CT,06704,17,52,13,31
CT,06705,30,34,21,39
CT,06706,36,27,20,21
CT,06708,31,44,11,36
CT,06710,22,38,9,19
CT,06712,19,34,11,19
CT,06716,13,36,18,23
CT,06720,36,27,12,32
CT,06721,21,26,21,29
CT,06722,22,24,9,40
CT,06723,36,33,20,21
CT,06724,17,40,14,33
CT,06725,16,26,25,47
CT,06726,21,35,23,44
CT,06749,15,31,19,48
CT,06750,18,21,20,19
CT,06751,15,49,19,35
CT,06752,33,49,25,26
CT,06753,32,31,11,20
CT,06754,14,23,20,51
CT,06755,36,23,8,29
CT,06756,35,25,21,18
CT,06757,27,38,14,48
CT,06758,21,30,20,37
CT,06759,35,31,23,24
CT,06762,28,21,9,37
CT,06763,15,39,22,51
CT,06770,12,47,25,18
CT,06776,31,38,22,31
CT,06777,37,30,8,42
CT,06778,37,40,11,36
CT,06779,26,26,24,17
CT,06781,32,20,7,44
CT,06782,20,34,16,29
CT,06783,36,42,21,32
CT,06784,31,26,19,27
CT,06785,21,38,11,23
CT,06786,34,46,17,44
CT,06787,20,55,19,32
CT,06790,23,27,11,27
CT,06791,30,38,14,27
CT,06792,25,32,19,39
CT,06793,41,46,17,29
CT,06794,20,25,19,29
CT,06795,25,56,20,35
CT,06796,37,37,19,19
CT,06798,32,25,8,41
CT,06801,33,28,9,36
CT,06804,17,48,20,46
CT,06807,27,29,16,15
CT,06810,32,23,8,28
CT,06811,15,23,18,48
CT,06812,15,43,15,35
CT,06813,30,25,22,23
CT,06814,30,39,10,28
CT,06816,37,32,24,21
CT,06817,27,20,8,14
CT,06820,30,35,7,19
CT,06824,32,30,8,29
CT,06825,25,27,18,28
CT,06828,12,24,15,36
CT,06829,24,31,23,17
CT,06830,15,34,15,27
CT,06831,40,37,10,39
CT,06832,22,48,13,44
CT,06836,18,42,9,43
CT,06838,22,42,16,32
CT,06840,21,18,22,35
CT,06842,28,43,17,50
CT,06850,15,27,10,38
CT,06851,13,32,9,21
CT,06852,16,41,11,20
CT,06853,38,19,20,13
CT,06854,32,29,22,31
CT,06855,40,51,8,26
CT,06856,16,46,19,20
CT,06857,25,25,11,18
CT,06858,19,33,21,17
CT,06859,29,16,10,53
CT,06860,31,29,18,18
CT,06870,14,21,18,17
CT,06875,33,24,14,38
CT,06876,35,25,16,31
CT,06877,24,36,19,34
CT,06878,19,30,11,33
CT,06879,17,20,22,27
CT,06880,21,37,22,23
CT,06881,13,23,16,17
CT,06883,29,35,16,37
CT,06888,15,33,23,29
CT,06889,13,23,24,21
CT,06890,28,22,10,35
CT,06896,34,31,20,49
CT,06897,30,39,9,30
CT,06901,20,24,8,19
CT,06902,12,31,11,38
CT,06903,30,24,16,12
CT,06904,14,33,16,16
CT,06905,32,42,9,53
CT,06906,36,41,16,39
CT,06907,37,35,21,21
CT,06910,34,47,20,23
CT,06911,26,32,15,18
CT,06912,30,21,17,34
CT,06913,15,35,23,30
CT,06914,33,29,13,20
CT,06920,19,18,15,20
CT,06921,28,24,26,14
CT,06922,24,56,24,42
CT,06925,30,33,10,26
CT,06926,20,37,14,43
CT,06927,16,33,7,45
CT,06928,29,20,8,32
NJ,07001,13,21,32,36
NJ,07002,31,35,20,41
NJ,07003,16,39,16,54
NJ,07004,16,29,23,40
NJ,07005,35,34,20,27
NJ,07006,30,24,13,33
NJ,07007,20,32,14,35
NJ,07008,25,38,21,50
NJ,07009,15,34,19,28
NJ,07010,27,45,12,52
NJ,07011,23,36,27,47
NJ,07012,25,50,24,53
NJ,07013,20,36,10,42
NJ,07014,32,23,16,58
NJ,07015,16,41,28,40
NJ,07016,26,42,14,18
NJ,07017,28,35,27,21
NJ,07018,29,38,25,47
NJ,07019,23,31,31,28
NJ,07020,33,30,30,45
NJ,07021,21,42,24,32
NJ,07022,27,30,24,54
NJ,07023,20,27,15,23
NJ,07024,13,36,28,18
NJ,07026,28,35,30,26
NJ,07027,26,31,27,22
NJ,07028,28,35,18,40
NJ,07029,25,45,16,27
NJ,07030,14,54,27,54
NJ,07031,32,38,21,29
NJ,07032,11,20,22,30
NJ,07033,36,38,25,36
NJ,07034,17,36,10,43
NJ,07035,39,20,15,54
NJ,07036,23,30,30,24
NJ,07039,19,44,11,49
NJ,07040,31,43,25,31
NJ,07041,15,50,18,27
NJ,07042,13,28,31,24
NJ,07043,21,44,19,24
NJ,07044,24,24,12,30
NJ,07045,16,46,18,47
NJ,07046,37,41,17,40
NJ,07047,25,28,19,32
NJ,07050,37,27,16,31
NJ,07051,29,32,19,27
NJ,07052,25,33,26,25
NJ,07054,31,34,29,30
NJ,07055,27,26,19,35
NJ,07057,21,39,23,67
NJ,07058,25,38,13,62
NJ,07059,16,23,28,27
NJ,07060,36,43,19,29
NJ,07061,14,55,11,28
NJ,07062,22,33,29,24
NJ,07063,20,26,31,21
NJ,07064,30,30,15,66
NJ,07065,27,30,14,22
NJ,07066,31,38,29,43
NJ,07067,24,41,14,57
NJ,07068,16,23,12,22
NJ,07069,33,20,25,57
NJ,07070,10,34,16,32
NJ,07071,14,34,27,27
NJ,07072,26,35,11,23
NJ,07073,26,38,29,34
NJ,07074,12,26,30,46
NJ,07075,34,23,19,48
NJ,07076,18,45,28,42
NJ,07077,21,45,32,50
NJ,07078,22,23,13,49
NJ,07079,30,31,29,28
NJ,07080,25,41,17,69
NJ,07081,29,37,10,23
NJ,07082,14,34,28,53
NJ,07083,17,23,11,49
NJ,07086,20,41,16,25
NJ,07087,32,32,15,39
NJ,07088,12,41,19,25
NJ,07090,15,36,17,46
NJ,07091,33,33,23,54
NJ,07092,28,33,21,38
NJ,07093,38,56,27,27
NJ,07094,26,52,11,52
NJ,07095,33,33,23,21
NJ,07096,35,25,26,49
NJ,07097,14,36,35,32
NJ,07099,22,46,9,34
NJ,07101,21,38,28,47
NJ,07102,33,30,11,43
NJ,07103,35,45,14,25
NJ,07104,26,20,10,24
NJ,07105,35,18,22,65
NJ,07106,23,37,16,53
NJ,07107,21,36,15,41
NJ,07108,13,37,27,25
NJ,07109,31,28,22,30
NJ,07110,29,27,22,28
NJ,07111,28,51,29,33
NJ,07112,22,34,26,44
NJ,07114,28,28,31,30
NJ,07175,18,47,17,25
NJ,07182,26,42,19,40
NJ,07184,31,36,12,41
NJ,07188,13,20,30,34
NJ,07189,17,19,12,33
NJ,07191,32,48,32,30
NJ,07192,25,47,12,31
NJ,07193,36,25,15,31
NJ,07194,20,33,25,54
NJ,07195,30,33,15,37
NJ,07198,11,21,15,41
NJ,07199,24,24,24,20
NJ,07201,18,31,25,65
NJ,07202,31,41,26,46
NJ,07203,31,38,25,46
NJ,07204,32,28,29,32
NJ,07205,14,26,14,46
NJ,07206,33,35,27,54
NJ,07207,33,38,12,43
NJ,07208,15,28,29,33
NJ,07302,24,34,28,18
NJ,07303,25,22,15,27
NJ,07304,34,24,25,49
NJ,07305,17,53,25,32
NJ,07306,33,50,16,43
NJ,07307,15,46,31,63
NJ,07308,38,22,11,28
NJ,07309,14,37,19,56
NJ,07310,34,26,25,31
NJ,07311,25,45,31,50
NJ,07395,28,24,24,47
NJ,07399,19,30,31,58
NJ,07401,29,33,15,34
NJ,07403,34,31,25,25
NJ,07405,32,32,21,59
NJ,07407,32,26,31,41
NJ,07410,32,34,15,40
NJ,07416,26,43,10,37
NJ,07417,22,43,32,25
NJ,07418,32,25,18,25
NJ,07419,30,38,21,32
NJ,07420,10,34,24,44
NJ,07421,19,51,25,58
NJ,07422,28,55,11,31
NJ,07423,23,18,11,56
NJ,07424,28,43,13,31
NJ,07428,19,50,18,39
NJ,07430,26,45,22,65
NJ,07432,30,38,21,30
NJ,07435,17,32,12,38
NJ,07436,23,38,14,21
NJ,07438,15,27,10,28
NJ,07439,21,29,16,37
NJ,07440,27,48,13,35
NJ,07442,27,32,20,43
NJ,07444,18,27,28,49
NJ,07446,22,46,24,37
NJ,07450,34,28,26,42
NJ,07451,27,35,30,32
NJ,07452,12,53,26,39
NJ,07456,15,39,25,32
NJ,07457,18,28,12,32
NJ,07458,29,33,33,43
NJ,07460,40,36,31,38
NJ,07461,11,32,14,21
NJ,07462,23,35,12,45
NJ,07463,18,45,22,37
NJ,07465,27,28,23,52
NJ,07470,36,25,32,56
NJ,07474,16,24,29,43
NJ,07477,15,46,18,28
NJ,07480,17,44,20,28
NJ,07481,14,48,18,29
NJ,07495,29,40,32,20
NJ,07501,23,33,12,26
NJ,07502,38,27,9,19
NJ,07503,16,33,30,22
NJ,07504,16,32,26,33
NJ,07505,25,30,15,38
NJ,07506,21,40,13,58
NJ,07507,19,22,20,24
NJ,07508,23,34,25,42
NJ,07509,28,45,25,46
NJ,07510,34,36,29,53
NJ,07511,19,35,21,25
NJ,07512,23,31,30,48
NJ,07513,14,36,19,60
NJ,07514,27,35,28,47
NJ,07522,26,21,29,54
NJ,07524,26,44,13,32
NJ,07533,16,36,21,26
NJ,07538,25,18,12,32
NJ,07543,33,28,26,44
NJ,07544,28,30,9,42
NJ,07601,36,17,18,54
NJ,07602,10,48,29,61
NJ,07603,29,45,21,50
NJ,07604,27,37,12,24
NJ,07605,18,40,30,32
NJ,07606,21,32,27,31
NJ,07607,25,52,18,19
NJ,07608,23,26,9,19
NJ,07620,23,28,29,28
NJ,07621,17,53,23,45
NJ,07624,24,37,26,26
NJ,07626,35,26,11,45
NJ,07627,19,19,12,44
NJ,07628,32,29,26,24
NJ,07630,17,18,24,37
NJ,07631,18,27,25,34
NJ,07632,24,40,27,61
NJ,07640,18,36,28,23
NJ,07641,12,32,13,46
NJ,07642,13,52,13,26
NJ,07643,20,25,18,50
NJ,07644,36,37,14,38
NJ,07645,28,34,28,48
NJ,07646,21,23,20,40
NJ,07647,19,47,11,29
NJ,07648,28,40,25,38
NJ,07649,13,24,9,25
NJ,07650,19,41,30,29
NJ,07652,23,36,30,26
NJ,07653,22,35,25,22
NJ,07656,13,33,31,35
NJ,07657,26,49,32,47
NJ,07660,14,24,25,19
NJ,07661,23,20,26,50
NJ,07662,17,30,23,39
NJ,07663,22,45,16,40
NJ,07666,13,37,28,47
NJ,07670,25,45,24,50
NJ,07675,27,21,29,53
NJ,07676,35,25,24,61
NJ,07677,12,36,24,45
NJ,07699,18,22,15,46
NJ,07701,27,29,17,22
NJ,07702,21,42,23,62
NJ,07703,26,47,26,53
NJ,07704,26,24,29,47
NJ,07709,21,23,20,43
NJ,07710,23,35,26,80
NJ,07711,24,26,33,58
NJ,07712,19,28,10,18
NJ,07715,29,46,12,53
NJ,07716,17,25,32,32
NJ,07717,24,26,31,69
NJ,07718,30,46,17,22
NJ,07719,14,25,16,43
NJ,07720,34,40,19,39
NJ,07721,24,45,25,22
NJ,07722,30,46,17,62
NJ,07723,24,42,24,23
NJ,07724,22,35,28,34
NJ,07726,30,36,25,38
NJ,07727,27,25,13,52
NJ,07728,36,28,18,28
NJ,07730,24,25,20,51
NJ,07731,14,42,23,21
NJ,07732,12,34,31,45
NJ,07733,32,52,19,22
NJ,07734,21,47,19,41
NJ,07735,15,24,29,24
NJ,07737,28,35,19,34
NJ,07738,30,27,34,31
NJ,07739,32,56,17,66
NJ,07740,23,21,24,27
NJ,07746,17,28,24,45
NJ,07747,28,30,10,38
NJ,07748,38,19,27,38
NJ,07750,13,44,15,42
NJ,07751,16,24,11,43
NJ,07752,17,36,12,18
NJ,07753,31,47,15,30
NJ,07754,33,43,33,51
NJ,07755,36,33,22,35
NJ,07756,28,33,25,21
NJ,07757,26,28,27,50
NJ,07758,11,41,21,23
NJ,07760,30,44,24,26
NJ,07762,18,33,27,33
NJ,07763,20,45,27,16
NJ,07764,16,37,24,48
NJ,07765,19,46,32,45
NJ,07799,25,28,14,33
NJ,07801,14,20,28,49
NJ,07802,31,23,30,36
NJ,07803,19,29,34,49
NJ,07806,30,37,31,21
NJ,07820,13,47,30,30
NJ,07821,32,35,13,33
NJ,07822,21,41,14,46
NJ,07823,15,23,18,24
NJ,07825,40,42,26,28
NJ,07826,33,32,14,46
NJ,07827,13,27,19,70
NJ,07828,32,20,25,39
NJ,07829,21,38,18,38
NJ,07830,24,54,22,44
NJ,07831,34,40,24,56
NJ,07832,16,28,33,35
NJ,07833,21,33,13,30
NJ,07834,24,46,13,42
NJ,07836,24,32,20,51
NJ,07837,21,18,32,24
NJ,07838,29,20,13,26
NJ,07839,30,38,17,48
NJ,07840,37,27,18,52
NJ,07842,23,32,10,55
NJ,07843,15,50,16,30
NJ,07844,27,28,11,16
NJ,07845,17,26,15,35
NJ,07846,23,31,10,45
NJ,07847,26,41,29,25
NJ,07848,23,40,31,51
NJ,07849,34,23,24,33
NJ,07850,27,33,11,23
NJ,07851,40,23,9,27
NJ,07852,14,24,34,27
NJ,07853,14,30,22,37
NJ,07855,17,28,16,37
NJ,07856,28,24,19,41
NJ,07857,14,17,23,53
NJ,07860,12,40,19,28
NJ,07863,28,37,16,19
NJ,07865,13,37,20,52
NJ,07866,24,25,15,35
NJ,07869,12,34,28,50
NJ,07870,19,24,15,63
NJ,07871,22,25,18,24
NJ,07874,23,34,17,34
NJ,07875,41,35,28,35
NJ,07876,34,37,15,28
NJ,07877,35,33,20,47
NJ,07878,37,47,22,44
NJ,07879,33,21,31,47
NJ,07880,31,21,15,53
NJ,07881,12,18,13,31
NJ,07882,12,17,22,41
NJ,07885,13,17,23,24
NJ,07890,17,16,31,47
NJ,07901,33,35,23,42
NJ,07902,26,28,13,31
NJ,07920,25,46,30,26
NJ,07921,16,37,19,34
NJ,07922,32,33,10,29
NJ,07924,16,25,20,42
NJ,07926,22,47,20,45
NJ,07927,12,45,22,18
NJ,07928,15,17,12,23
NJ,07930,27,43,23,51
NJ,07931,18,25,23,55
NJ,07932,27,40,13,64
NJ,07933,34,32,26,32
NJ,07934,38,38,27,45
NJ,07935,21,35,14,23
NJ,07936,21,31,12,57
NJ,07938,22,42,22,45
NJ,07939,19,42,25,43
NJ,07940,13,39,16,36
NJ,07945,28,27,27,39
NJ,07946,12,29,28,61
NJ,07950,24,29,11,36
NJ,07960,21,25,27,25
NJ,07961,36,21,17,66
NJ,07962,26,34,18,59
NJ,07963,33,23,16,46
NJ,07970,31,27,23,35
NJ,07974,15,40,11,59
NJ,07976,18,38,29,49
NJ,07977,17,30,29,64
NJ,07978,32,29,24,65
NJ,07979,24,20,33,63
NJ,07980,32,39,9,21
NJ,07981,26,37,28,42
NJ,07983,39,28,12,45
NJ,07999,18,29,31,57
NJ,08001,28,44,24,31
NJ,08002,32,39,18,28
NJ,08003,24,26,17,30
NJ,08004,28,48,17,31
NJ,08005,26,25,30,47
NJ,08006,11,30,33,55
NJ,08007,32,26,28,24
NJ,08008,13,51,26,27
NJ,08009,35,16,30,63
NJ,08010,23,44,13,43
NJ,08011,33,38,27,65
NJ,08012,16,37,25,39
NJ,08014,37,24,20,49
NJ,08015,18,27,18,60
NJ,08016,29,25,26,22
NJ,08018,26,42,33,40
NJ,08019,31,25,16,21
NJ,08020,24,22,23,20
NJ,08021,27,33,25,30
NJ,08022,19,22,15,30
NJ,08023,26,40,15,29
NJ,08025,16,39,11,27
NJ,08026,15,21,18,28
NJ,08027,23,19,19,32
NJ,08028,23,29,12,28
NJ,08029,20,34,19,34
NJ,08030,32,26,13,19
NJ,08031,18,40,20,38
NJ,08032,30,39,17,48
NJ,08033,19,26,18,25
NJ,08034,14,25,28,39
NJ,08035,31,20,29,62
NJ,08036,22,54,19,22
NJ,08037,29,46,13,57
NJ,08038,25,48,25,40
NJ,08039,26,23,27,28
NJ,08041,17,55,12,28
NJ,08042,29,42,16,37
NJ,08043,37,24,29,20
NJ,08045,24,19,25,46
NJ,08046,22,26,14,19
NJ,08048,19,36,29,29
NJ,08049,13,40,13,41
NJ,08050,29,35,14,32
NJ,08051,30,39,15,38
NJ,08052,23,48,30,44
NJ,08053,11,35,28,43
NJ,08054,27,21,16,37
NJ,08055,28,19,26,30
NJ,08056,33,42,32,62
NJ,08057,30,41,30,42
NJ,08059,37,36,20,59
NJ,08060,10,20,16,70
NJ,08061,16,33,19,36
NJ,08062,16,41,34,36
NJ,08063,16,30,25,34
NJ,08064,27,45,16,25
NJ,08065,24,25,29,29
NJ,08066,21,27,21,49
NJ,08067,34,27,30,25
NJ,08068,14,24,32,52
NJ,08069,32,26,28,34
NJ,08070,26,37,33,46
NJ,08071,19,42,15,26
NJ,08072,31,33,29,26
NJ,08073,23,41,10,60
NJ,08074,28,31,30,22
NJ,08075,27,28,29,37
NJ,08076,13,42,15,51
NJ,08077,14,33,33,44
NJ,08078,24,34,26,37
NJ,08079,25,40,14,26
NJ,08080,16,26,30,50
NJ,08081,10,28,14,70
NJ,08083,33,36,22,41
NJ,08084,16,30,14,32
NJ,08085,15,40,17,60
NJ,08086,17,36,11,26
NJ,08087,22,22,15,25
NJ,08088,32,30,10,53
NJ,08089,22,55,34,32
NJ,08090,32,46,27,23
NJ,08091,31,26,13,49
NJ,08092,31,29,15,43
NJ,08093,21,36,31,61
NJ,08094,36,32,22,46
NJ,08095,15,39,26,30
NJ,08096,28,40,20,28
NJ,08097,13,32,13,61
NJ,08098,12,40,16,39
NJ,08099,12,47,26,26
NJ,08101,19,40,24,31
NJ,08102,27,25,12,57
NJ,08103,30,46,22,67
NJ,08104,37,42,26,53
NJ,08105,17,32,26,20
NJ,08106,28,34,21,29
NJ,08107,31,24,28,52
NJ,08108,32,33,23,21
NJ,08109,13,37,14,40
NJ,08110,39,25,12,53
NJ,08201,29,42,9,46
NJ,08202,26,49,27,18
NJ,08203,34,49,16,55
NJ,08204,24,26,29,35
NJ,08205,26,44,19,18
NJ,08210,15,39,18,19
NJ,08212,17,31,16,31
NJ,08213,16,40,23,25
NJ,08214,15,35,27,29
NJ,08215,27,31,24,22
NJ,08217,37,22,20,34
NJ,08218,23,28,13,23
NJ,08219,29,39,18,47
NJ,08220,37,50,21,33
NJ,08221,20,34,17,43
NJ,08223,22,30,32,68
NJ,08224,29,19,13,24
NJ,08225,29,35,32,40
NJ,08226,23,44,31,26
NJ,08230,36,44,31,24
NJ,08231,25,27,10,29
NJ,08232,32,30,14,22
NJ,08234,19,25,22,41
NJ,08240,16,40,21,26
NJ,08241,19,35,21,27
NJ,08242,24,26,35,30
NJ,08243,23,30,30,29
NJ,08244,25,27,23,20
NJ,08245,26,19,13,32
NJ,08246,24,19,20,38
NJ,08247,26,40,13,38
NJ,08248,16,35,13,28
NJ,08250,13,39,18,21
NJ,08251,26,24,11,32
NJ,08252,21,24,31,24
NJ,08260,20,36,25,21
NJ,08270,23,34,26,22
NJ,08302,39,21,21,37
NJ,08310,23,45,16,53
NJ,08311,17,29,14,35
NJ,08312,15,49,27,26
NJ,08313,25,27,32,28
NJ,08314,17,33,31,32
NJ,08315,27,17,24,35
NJ,08316,29,44,15,27
NJ,08317,15,38,26,34
NJ,08318,40,43,14,48
NJ,08319,40,30,33,28
NJ,08320,39,24,21,53
NJ,08321,22,34,22,67
NJ,08322,19,31,27,58
NJ,08323,29,51,15,18
NJ,08324,25,32,16,33
NJ,08326,13,43,21,27
NJ,08327,15,25,10,29
NJ,08328,29,38,27,54
NJ,08329,22,29,19,22
NJ,08330,20,34,29,18
NJ,08332,28,21,29,33
NJ,08340,30,29,30,43
NJ,08341,16,30,29,35
NJ,08342,31,32,18,51
NJ,08343,12,30,18,29
NJ,08344,21,35,19,44
NJ,08345,19,24,21,54
NJ,08346,16,24,17,28
NJ,08347,34,18,21,42
NJ,08348,23,37,19,34
NJ,08349,21,43,12,41
NJ,08350,29,25,27,49
NJ,08352,20,34,27,42
NJ,08353,32,47,20,33
NJ,08360,10,43,21,21
NJ,08361,35,41,31,44
NJ,08362,19,17,19,35
NJ,08401,14,24,11,40
NJ,08402,21,26,22,60
NJ,08403,27,28,11,32
NJ,08404,27,31,16,21
NJ,08405,28,21,24,46
NJ,08406,40,21,30,44
NJ,08501,16,39,27,52
NJ,08502,22,37,10,46
NJ,08504,10,26,17,40
NJ,08505,29,33,10,33
NJ,08510,26,52,19,20
NJ,08511,28,27,13,57
NJ,08512,14,24,18,45
NJ,08514,19,56,14,34
NJ,08515,40,33,22,22
NJ,08518,31,35,14,68
NJ,08520,28,40,18,26
NJ,08525,25,33,28,31
NJ,08526,19,30,22,43
NJ,08527,30,39,18,61
NJ,08528,23,21,10,26
NJ,08530,34,38,11,42
NJ,08533,22,19,23,38
NJ,08534,13,40,24,31
NJ,08535,16,18,9,55
NJ,08536,30,18,13,34
NJ,08540,15,26,12,39
NJ,08541,27,39,19,39
NJ,08542,33,35,18,35
NJ,08543,25,34,18,41
NJ,08544,16,48,15,19
NJ,08550,28,24,25,30
NJ,08551,14,36,13,47
NJ,08553,22,32,18,39
NJ,08554,30,30,24,32
NJ,08555,24,30,13,28
NJ,08556,28,38,22,42
NJ,08557,16,46,27,53
NJ,08558,26,39,23,46
NJ,08559,33,19,23,57
NJ,08560,35,50,23,32
NJ,08561,11,26,22,39
NJ,08562,13,25,22,43
NJ,08601,26,27,12,49
NJ,08602,16,29,18,18
NJ,08603,31,48,23,35
NJ,08604,15,35,22,54
NJ,08605,27,41,17,19
NJ,08606,23,26,24,44
NJ,08607,22,51,29,35
NJ,08608,21,28,30,65
NJ,08609,14,46,10,36
NJ,08610,25,31,32,29
NJ,08611,14,26,19,44
NJ,08618,25,25,10,35
NJ,08619,24,37,9,26
NJ,08620,28,22,24,47
NJ,08625,33,39,14,26
NJ,08628,15,24,25,20
NJ,08629,25,31,27,26
NJ,08638,32,38,21,21
NJ,08640,19,46,14,34
NJ,08641,19,19,12,42
NJ,08644,19,29,18,39
NJ,08645,23,34,29,26
NJ,08646,27,34,24,30
NJ,08647,13,17,12,47
NJ,08648,16,43,27,29
NJ,08650,25,35,12,25
NJ,08666,30,34,28,48
NJ,08690,20,29,28,25
NJ,08691,22,32,23,18
NJ,08695,17,27,18,31
NJ,08701,20,33,29,53
NJ,08720,17,38,9,40
NJ,08721,30,28,12,21
NJ,08722,28,25,15,26
NJ,08723,28,22,26,31
NJ,08724,23,28,24,46
NJ,08730,23,34,26,49
NJ,08731,40,43,31,40
NJ,08732,20,30,29,30
NJ,08733,27,29,24,28
NJ,08734,12,50,15,22
NJ,08735,31,46,20,36
NJ,08736,16,22,26,35
NJ,08738,11,19,13,36
NJ,08739,26,40,26,31
NJ,08740,16,48,26,35
NJ,08741,33,30,13,68
NJ,08742,18,19,11,26
NJ,08750,35,20,23,29
NJ,08751,25,31,11,56
NJ,08752,17,27,23,53
NJ,08753,21,21,16,54
NJ,08754,31,51,30,64
NJ,08755,26,28,22,57
NJ,08756,41,41,22,59
NJ,08757,31,31,20,35
NJ,08758,15,41,29,39
NJ,08759,19,50,20,28
NJ,08801,34,35,22,61
NJ,08802,19,23,28,56
NJ,08803,22,31,9,28
NJ,08804,14,35,32,41
NJ,08805,29,32,30,33
NJ,08807,18,32,22,29
NJ,08808,11,44,26,40
NJ,08809,32,38,17,23
NJ,08810,24,27,27,31
NJ,08812,13,32,27,41
NJ,08816,13,27,35,33
NJ,08817,24,58,15,30
NJ,08818,25,35,18,53
NJ,08820,32,30,22,39
NJ,08821,13,34,27,47
NJ,08822,12,37,14,18
NJ,08823,36,41,11,45
NJ,08824,30,24,9,34
NJ,08825,30,19,12,54
NJ,08826,27,21,25,30
NJ,08827,26,28,12,42
NJ,08828,29,32,11,21
NJ,08829,34,35,25,59
NJ,08830,20,22,11,48
NJ,08831,20,38,11,57
NJ,08832,33,41,17,28
NJ,08833,34,49,12,47
NJ,08834,27,42,14,31
NJ,08835,14,24,10,43
NJ,08836,15,31,28,27
NJ,08837,13,42,11,53
NJ,08840,14,34,22,50
NJ,08844,12,16,19,26
NJ,08846,22,28,10,24
NJ,08848,36,49,31,32
NJ,08850,24,21,9,50
NJ,08852,14,26,25,37
NJ,08853,32,50,19,34
NJ,08854,14,28,12,38
NJ,08855,17,32,14,21
NJ,08857,24,24,18,21
NJ,08858,25,28,33,32
NJ,08859,26,41,10,23
NJ,08861,30,42,17,30
NJ,08862,31,29,11,30
NJ,08863,18,30,26,60
NJ,08865,16,22,22,32
NJ,08867,33,28,9,28
NJ,08868,27,23,27,35
NJ,08869,14,29,16,23
NJ,08870,38,37,27,33
NJ,08871,34,23,31,25
NJ,08872,17,18,12,55
NJ,08873,27,48,25,30
NJ,08875,14,39,14,42
NJ,08876,22,33,24,32
NJ,08879,12,28,16,55
NJ,08880,31,16,30,40
NJ,08882,24,24,12,33
NJ,08884,18,53,18,40
NJ,08885,31,48,26,64
NJ,08886,15,51,23,39
NJ,08887,19,26,17,47
NJ,08888,23,31,16,43
NJ,08889,32,47,10,42
NJ,08890,25,30,26,39
NJ,08899,18,37,13,32
NJ,08901,24,26,13,40
NJ,08902,19,32,19,37
NJ,08903,24,29,31,49
NJ,08904,33,53,25,26
NJ,08905,32,32,24,25
NJ,08906,40,49,21,33
NJ,08922,22,21,24,37
NJ,08933,14,48,28,23
NJ,08988,31,20,24,27
NJ,08989,18,27,23,44
AE,09001,31,24,17,20
AE,09002,35,28,7,36
AE,09003,26,18,14,12
AE,09004,31,50,12,31
AE,09005,24,42,16,18
AE,09006,36,39,9,55
AE,09007,17,42,14,21
AE,09008,39,51,13,34
AE,09009,22,54,10,26
AE,09010,31,29,13,48
AE,09011,26,47,18,32
AE,09012,34,36,11,19
AE,09013,21,37,15,29
AE,09014,20,24,18,17
AE,09015,31,23,22,38
AE,09016,35,34,10,31
AE,09017,25,21,11,40
AE,09018,28,42,7,16
AE,09020,19,35,8,40
AE,09021,13,20,16,18
AE,09028,35,29,21,21
AE,09031,17,46,14,23
AE,09033,22,56,19,30
AE,09034,17,24,13,36
AE,09036,20,23,13,27
AE,09038,16,33,15,36
AE,09042,27,43,22,34
AE,09044,29,53,23,22
AE,09045,27,35,15,28
AE,09046,27,30,13,17
AE,09049,18,39,20,23
AE,09051,33,49,22,42
AE,09053,39,49,16,19
AE,09054,25,25,20,15
AE,09055,20,47,9,21
AE,09056,21,42,18,35
AE,09058,37,33,18,20
AE,09059,25,42,19,24
AE,09060,16,39,9,34
AE,09063,40,44,15,26
AE,09067,22,20,21,47
AE,09068,28,43,23,45
AE,09069,29,34,7,39
AE,09074,33,34,12,31
AE,09075,34,30,17,30
AE,09076,29,23,8,22
AE,09079,14,39,19,32
AE,09080,35,24,21,22
AE,09081,14,41,12,32
AE,09086,27,55,24,30
AE,09088,16,25,20,31
AE,09089,23,37,21,52
AE,09090,30,31,20,28
AE,09092,13,33,26,39
AE,09094,24,26,21,38
AE,09095,23,37,24,31
AE,09096,25,31,18,39
AE,09099,19,30,11,27
AE,09100,14,46,9,28
AE,09101,15,32,23,18
AE,09102,27,22,25,14
AE,09103,16,49,22,34
AE,09104,26,35,24,15
AE,09107,26,41,24,14
AE,09110,17,36,19,31
AE,09112,29,22,20,21
AE,09113,33,48,14,32
AE,09114,12,29,20,34
AE,09115,29,26,11,25
AE,09116,35,49,11,25
AE,09123,30,32,23,19
AE,09125,18,33,11,49
AE,09126,23,22,18,31
AE,09128,35,38,24,16
AE,09131,17,36,10,24
AE,09135,22,27,15,42
AE,09136,28,45,20,28
AE,09137,14,29,19,42
AE,09138,19,27,18,17
AE,09139,14,34,18,21
AE,09140,32,39,7,32
AE,09142,19,29,23,32
AE,09143,31,44,8,40
AE,09154,28,24,14,34
AE,09160,22,22,9,21
AE,09161,20,23,21,39
AE,09165,12,26,20,44
AE,09166,19,20,19,29
AE,09169,27,32,15,32
AE,09170,13,24,11,30
AE,09171,36,47,22,16
AE,09172,17,37,21,24
AE,09173,34,24,18,24
AE,09174,20,49,22,27
AE,09175,32,27,14,22
AE,09176,23,27,22,14
AE,09177,15,44,22,37
AE,09178,31,53,20,36
AE,09180,26,34,17,24
AE,09182,25,32,14,25
AE,09183,27,41,12,24
AE,09185,18,29,23,23
AE,09186,34,49,14,30
AE,09201,30,18,12,34
AE,09203,17,39,18,36
AE,09204,18,43,12,21
AE,09211,30,23,21,27
AE,09212,13,22,20,16
AE,09213,30,36,7,41
AE,09214,26,30,19,16
AE,09216,25,49,12,21
AE,09225,22,39,24,22
AE,09226,24,32,10,38
AE,09227,13,24,10,34
AE,09229,27,22,20,18
AE,09237,16,22,15,21
AE,09240,16,32,12,21
AE,09241,22,42,11,49
AE,09242,11,32,16,17
AE,09244,36,39,22,30
AE,09245,27,31,13,14
AE,09250,13,35,22,25
AE,09252,14,24,12,43
AE,09261,29,45,14,26
AE,09262,24,48,16,22
AE,09263,32,32,20,19
AE,09264,28,51,17,20
AE,09265,37,29,16,14
AE,09266,21,24,13,41
AE,09267,14,49,7,33
AE,09276,31,20,11,31
AE,09277,26,36,20,33
AE,09278,40,25,13,30
AE,09279,29,25,11,25
AE,09280,16,25,10,24
AE,09283,29,32,19,16
AE,09285,25,27,21,38
AE,09287,19,46,16,25
AE,09289,30,45,26,37
AE,09290,29,37,19,29
AE,09291,29,34,23,41
AE,09292,13,34,10,41
AE,09300,25,16,14,20
AE,09301,18,28,22,29
AE,09302,16,29,22,45
AE,09303,24,38,13,38
AE,09304,38,29,17,30
AE,09305,24,23,21,40
AE,09306,27,44,18,29
AE,09307,14,30,9,19
AE,09308,15,49,9,40
AE,09309,30,48,27,35
AE,09310,26,52,13,20
AE,09311,25,49,25,37
AE,09312,29,31,8,15
AE,09313,23,38,15,22
AE,09314,33,56,26,16
AE,09315,26,25,18,28
AE,09316,31,25,14,21
AE,09317,31,38,10,34
AE,09318,23,49,13,36
AE,09319,22,29,13,25
AE,09320,23,24,10,40
AE,09321,13,32,23,40
AE,09322,31,39,12,34
AE,09323,16,27,21,27
AE,09324,38,33,17,37
AE,09327,22,40,25,28
AE,09328,13,26,17,48
AE,09330,28,34,12,51
AE,09331,16,35,7,30
AE,09332,24,24,18,28
AE,09333,21,24,20,26
AE,09334,14,22,17,25
AE,09336,37,45,21,44
AE,09337,29,39,23,43
AE,09338,36,25,24,20
AE,09339,15,27,7,27
AE,09340,29,36,12,17
AE,09342,18,30,9,39
AE,09343,21,41,21,29
AE,09344,21,25,13,27
AE,09346,37,33,20,33
AE,09347,28,18,9,33
AE,09348,32,32,26,32
AE,09350,16,20,21,15
AE,09351,29,27,25,32
AE,09352,35,21,13,42
AE,09353,24,34,26,34
AE,09354,28,27,16,18
AE,09355,28,31,21,34
AE,09356,18,35,18,20
AE,09357,26,44,9,18
AE,09358,27,33,23,43
AE,09359,17,23,9,17
AE,09360,35,41,21,23
AE,09361,12,33,12,43
AE,09362,25,30,22,29
AE,09363,28,32,12,15
AE,09364,27,55,13,44
AE,09365,28,25,16,40
AE,09366,22,45,14,27
AE,09367,25,51,21,22
AE,09368,11,27,23,22
AE,09369,13,54,24,24
AE,09370,14,55,12,43
AE,09371,29,18,7,36
AE,09372,22,41,16,39
AE,09373,39,31,17,47
AE,09374,20,24,15,35
AE,09375,35,41,18,28
AE,09376,23,37,14,27
AE,09377,39,35,21,31
AE,09378,13,32,18,42
AE,09379,24,44,15,19
AE,09380,31,24,20,44
AE,09381,17,36,17,17
AE,09382,32,35,14,28
AE,09383,25,35,8,19
AE,09384,11,36,8,36
AE,09386,18,25,7,26
AE,09387,17,34,25,26
AE,09388,29,35,15,22
AE,09389,35,51,9,24
AE,09390,15,41,10,13
AE,09391,15,44,16,26
AE,09393,21,23,7,46
AE,09394,23,50,13,16
AE,09396,21,40,11,46
AE,09397,17,50,15,42
AE,09399,26,40,22,32
AE,09401,37,33,20,34
AE,09402,23,46,14,27
AE,09403,17,50,12,15
AE,09409,24,29,19,21
AE,09410,28,43,15,14
AE,09420,13,29,9,19
AE,09421,26,31,21,18
AE,09447,24,38,17,35
AE,09454,18,25,23,30
AE,09456,14,41,20,37
AE,09459,11,16,15,28
AE,09461,33,26,22,40
AE,09463,27,41,13,27
AE,09464,19,28,22,17
AE,09467,24,27,10,22
AE,09468,29,33,23,38
AE,09469,36,37,17,17
AE,09470,16,39,21,20
AE,09487,20,18,9,22
AE,09488,15,50,24,20
AE,09489,25,32,16,23
AE,09490,21,48,13,43
AE,09491,25,24,24,14
AE,09494,22,20,20,32
AE,09496,34,24,22,45
AE,09497,28,35,27,49
AE,09498,17,30,13,20
AE,09499,23,21,10,21
AE,09501,28,18,21,43
AE,09502,32,22,8,39
AE,09503,34,36,21,34
AE,09504,12,41,24,41
AE,09505,31,28,11,26
AE,09506,20,31,8,31
AE,09507,31,33,13,45
AE,09508,14,21,8,14
AE,09509,26,53,20,39
AE,09510,31,32,11,26
AE,09511,22,23,12,19
AE,09512,24,41,12,40
AE,09513,14,25,7,23
AE,09514,18,37,18,38
AE,09516,19,38,9,31
AE,09517,23,24,20,52
AE,09520,26,21,21,28
AE,09522,16,26,11,14
AE,09523,14,31,20,28
AE,09524,23,30,17,43
AE,09532,14,22,12,46
AE,09533,15,34,20,47
AE,09534,34,51,21,30
AE,09541,18,29,11,26
AE,09542,19,33,13,40
AE,09543,32,32,21,16
AE,09544,35,35,14,24
AE,09545,24,26,24,35
AE,09549,29,49,12,44
AE,09550,24,44,21,35
AE,09554,23,35,21,33
AE,09556,11,33,9,18
AE,09557,26,29,10,36
AE,09564,15,51,18,22
AE,09565,24,44,20,32
AE,09566,33,19,16,24
AE,09567,38,19,13,28
AE,09568,13,43,12,30
AE,09569,24,24,25,16
AE,09570,29,25,16,24
AE,09573,16,55,14,23
AE,09574,32,40,23,17
AE,09575,20,41,9,18
AE,09576,33,33,14,19
AE,09577,27,23,26,40
AE,09578,19,24,12,33
AE,09579,17,34,9,22
AE,09581,39,19,24,22
AE,09582,16,28,11,20
AE,09583,17,23,10,31
AE,09586,28,33,22,24
AE,09587,36,24,11,18
AE,09588,20,21,20,18
AE,09589,24,47,24,17
AE,09590,31,28,14,20
AE,09591,30,41,24,39
AE,09592,31,27,18,17
AE,09593,12,38,21,32
AE,09594,23,16,14,16
AE,09595,20,21,23,21
AE,09596,15,38,19,33
AE,09599,27,35,21,30
AE,09600,33,34,8,40
AE,09601,30,53,20,28
AE,09602,23,34,18,30
AE,09603,36,48,16,38
AE,09604,33,35,11,29
AE,09605,13,50,20,22
AE,09606,25,22,13,33
AE,09607,33,29,14,45
AE,09608,21,26,10,29
AE,09609,16,24,23,26
AE,09610,25,30,15,30
AE,09611,38,43,24,25
AE,09612,18,24,9,27
AE,09613,34,28,11,37
AE,09614,27,31,20,30
AE,09617,22,25,24,41
AE,09618,14,41,24,30
AE,09619,29,31,18,38
AE,09620,31,30,7,42
AE,09621,22,44,20,45
AE,09622,33,34,26,18
AE,09623,13,26,18,35
AE,09624,25,29,25,19
AE,09625,17,22,16,39
AE,09626,41,37,8,42
AE,09627,33,53,18,32
AE,09630,25,16,11,24
AE,09631,28,41,23,22
AE,09633,13,37,17,29
AE,09634,29,29,14,34
AE,09636,31,29,15,37
AE,09642,18,17,8,15
AE,09643,36,38,12,44
AE,09644,24,23,12,33
AE,09645,21,52,15,33
AE,09647,15,33,22,28
AE,09648,34,28,21,20
AE,09649,17,41,18,37
AE,09701,32,45,10,14
AE,09702,19,32,9,23
AE,09703,14,41,8,17
AE,09704,30,41,17,35
AE,09705,24,28,23,40
AE,09706,23,45,23,21
AE,09707,14,23,17,33
AE,09708,14,23,21,22
AE,09709,25,17,9,30
AE,09710,21,46,9,35
AE,09711,20,30,8,25
AE,09712,17,36,13,47
AE,09713,30,36,24,28
AE,09714,15,43,23,28
AE,09715,37,24,11,24
AE,09716,18,34,11,22
AE,09717,20,40,9,20
AE,09718,17,28,13,20
AE,09719,34,31,20,43
AE,09720,12,26,25,21
AE,09721,24,39,10,22
AE,09722,12,28,14,24
AE,09723,13,38,12,35
AE,09724,36,24,8,21
AE,09725,23,39,22,33
AE,09726,12,36,26,16
AE,09727,12,34,9,40
AE,09728,27,25,22,34
AE,09729,30,41,25,28
AE,09730,22,43,16,29
AE,09731,34,43,23,41
AE,09732,14,24,16,22
AE,09733,20,21,8,19
AE,09734,25,25,27,27
AE,09735,13,37,10,17
AE,09736,25,40,22,34
AE,09737,35,38,8,26
AE,09738,19,23,11,27
AE,09739,28,19,10,45
AE,09740,22,22,14,20
AE,09741,13,51,9,16
AE,09742,33,45,19,24
AE,09743,27,25,18,28
AE,09744,34,35,15,30
AE,09745,25,26,17,27
AE,09746,26,40,22,42
AE,09747,22,27,7,28
AE,09748,29,40,16,27
AE,09749,31,53,19,19
AE,09750,32,38,17,38
AE,09751,20,45,9,40
AE,09752,28,35,25,28
AE,09753,34,46,22,20
AE,09754,17,44,17,20
AE,09755,31,43,15,23
AE,09756,17,43,11,22
AE,09757,23,34,20,27
AE,09758,22,22,17,49
AE,09759,26,38,14,21
AE,09760,17,49,21,29
AE,09761,32,34,19,37
AE,09762,40,34,18,36
AE,09769,18,40,14,43
AE,09771,29,51,20,19
AE,09777,32,34,11,31
AE,09780,31,24,20,25
AE,09789,12,22,20,36
AE,09790,33,35,14,31
AE,09798,29,39,22,22
AE,09800,15,44,8,34
AE,09801,32,21,15,21
AE,09802,11,39,14,21
AE,09803,29,20,9,25
AE,09804,15,37,10,34
AE,09805,21,20,11,38
AE,09806,27,19,12,36
AE,09807,38,37,22,29
AE,09808,10,26,10,35
AE,09809,17,41,10,21
AE,09810,23,30,9,35
AE,09811,16,34,8,35
AE,09812,36,44,19,17
AE,09813,21,26,14,34
AE,09814,38,34,7,42
AE,09815,36,27,15,15
AE,09816,13,41,23,41
AE,09817,17,38,24,39
AE,09818,31,21,15,38
AE,09819,22,35,16,43
AE,09820,18,30,16,37
AE,09821,17,27,17,17
AE,09822,12,24,19,30
AE,09823,28,35,21,29
AE,09824,14,27,14,22
AE,09825,19,29,7,16
AE,09826,24,46,9,40
AE,09827,31,40,23,31
AE,09828,12,29,18,21
AE,09829,31,28,22,31
AE,09830,24,33,8,45
AE,09831,12,55,16,17
AE,09832,22,56,8,15
AE,09833,20,31,26,19
AE,09834,14,47,16,19
AE,09835,13,36,8,24
AE,09836,38,21,11,28
AE,09837,12,35,15,38
AE,09838,20,46,10,24
AE,09839,16,30,24,47
AE,09840,21,51,9,27
AE,09841,38,27,27,34
AE,09842,13,27,13,24
AE,09843,12,28,11,31
AE,09844,16,25,12,39
AE,09845,21,49,18,30
AE,09846,27,40,8,29
AE,09847,25,27,8,26
AE,09848,19,24,15,25
AE,09851,26,29,11,25
AE,09852,37,30,15,23
AE,09853,33,38,17,37
AE,09854,35,30,11,40
AE,09855,26,47,18,37
AE,09856,35,38,11,33
AE,09857,29,41,10,45
AE,09858,16,38,15,33
AE,09859,38,25,10,26
AE,09860,13,42,13,25
AE,09861,18,32,9,20
AE,09862,27,27,9,44
AE,09863,29,43,18,25
AE,09864,18,21,21,37
AE,09865,23,37,11,28
AE,09867,15,26,20,14
AE,09868,34,45,14,34
AE,09869,32,39,17,37
AE,09870,15,39,21,16
AE,09871,30,29,15,44
AE,09872,24,39,17,29
AE,09873,13,46,8,19
AE,09874,33,28,16,34
AE,09875,24,28,17,50
AE,09876,18,22,10,31
AE,09877,18,41,14,23
AE,09880,15,31,27,18
AE,09888,23,38,18,36
AE,09890,31,37,21,30
AE,09892,16,44,12,38
AE,09895,12,30,24,12
AE,09898,20,35,16,29
AE,09901,17,26,24,31
AE,09902,31,50,20,45
AE,09903,18,29,20,43
AE,09904,17,46,24,42
AE,09908,26,38,19,39
AE,09909,27,22,12,30
AE,09910,17,27,14,38
AE,09974,25,46,11,25
AE,09975,17,21,19,19
AE,09976,20,28,13,29
AE,09977,32,17,24,24
AE,09978,34,29,16,23
NY,10001,44,90,18,66
NY,10002,27,71,59,95
NY,10003,35,90,51,44
NY,10004,65,56,45,90
NY,10005,66,80,21,95
NY,10006,54,90,28,74
NY,10007,46,90,50,73
NY,10008,63,73,17,42
NY,10009,64,57,33,60
NY,10010,75,90,33,79
NY,10011,47,69,44,95
NY,10012,52,61,24,43
NY,10013,59,63,19,46
NY,10014,62,90,43,86
NY,10015,26,90,23,66
NY,10016,71,62,36,85
NY,10017,33,65,40,42
NY,10018,61,78,50,74
NY,10019,40,90,33,40
NY,10020,48,90,40,50
NY,10021,57,78,45,79
NY,10022,78,62,29,95
NY,10023,35,85,40,74
NY,10024,31,69,46,59
NY,10025,80,75,51,42
NY,10026,42,35,27,65
NY,10027,29,68,45,45
NY,10028,38,35,37,53
NY,10029,52,90,33,47
NY,10030,64,69,22,48
NY,10031,51,80,55,29
NY,10032,32,90,18,84
NY,10033,57,66,45,42
NY,10034,72,90,43,59
NY,10035,45,60,58,58
NY,10036,26,36,59,55
NY,10037,31,89,43,95
NY,10038,65,68,24,38
NY,10039,42,90,22,79
NY,10040,67,62,44,62
NY,10041,61,68,18,53
NY,10043,68,90,56,86
NY,10044,59,57,19,95
NY,10045,70,47,42,61
NY,10046,77,75,34,93
NY,10047,69,66,30,74
NY,10048,70,90,38,92
NY,10055,41,63,54,70
NY,10060,50,83,24,79
NY,10065,69,90,31,46
NY,10069,63,47,27,39
NY,10072,28,68,31,37
NY,10075,50,75,58,43
NY,10079,26,73,40,81
NY,10080,44,59,47,38
NY,10081,61,59,27,65
NY,10082,47,67,52,73
NY,10087,55,66,27,88
NY,10090,55,79,46,88
NY,10094,53,63,42,64
NY,10095,41,88,30,58
NY,10096,36,90,37,45
NY,10098,40,61,50,51
NY,10099,59,54,27,92
NY,10101,36,70,28,56
NY,10102,45,85,27,95
NY,10103,35,51,52,95
NY,10104,66,39,42,95
NY,10105,65,51,38,78
NY,10106,66,90,35,32
NY,10107,43,64,47,35
NY,10108,25,90,42,43
NY,10109,66,74,32,88
NY,10110,48,59,31,55
NY,10111,80,52,18,38
NY,10112,59,90,43,92
NY,10113,31,63,54,52
NY,10114,30,69,44,64
NY,10115,33,69,48,76
NY,10116,27,50,20,67
NY,10117,51,64,23,72
NY,10118,43,50,26,95
NY,10119,47,84,42,78
NY,10120,58,74,51,90
NY,10121,70,79,27,68
NY,10122,52,78,52,50
NY,10123,53,80,40,72
NY,10124,49,44,27,49
NY,10125,45,41,43,63
NY,10126,59,90,22,62
NY,10128,66,90,19,47
NY,10129,38,42,46,47
NY,10130,40,43,37,59
NY,10131,36,83,22,34
NY,10132,62,53,26,45
NY,10133,26,53,49,62
NY,10138,63,51,23,45
NY,10149,31,58,32,64
NY,10150,48,59,18,41
NY,10151,77,56,46,57
NY,10152,61,90,33,47
NY,10153,28,90,46,51
NY,10154,53,87,33,95
NY,10155,28,54,45,69
NY,10156,52,73,26,67
NY,10157,45,78,42,38
NY,10158,56,74,51,85
NY,10159,33,45,28,79
NY,10160,24,44,58,67
NY,10161,58,53,22,59
NY,10162,46,86,33,30
NY,10163,39,70,18,89
NY,10164,58,77,26,67
NY,10165,38,65,32,59
NY,10166,31,90,19,54
NY,10167,27,61,38,37
NY,10168,51,90,36,53
NY,10169,43,90,49,44
NY,10170,79,90,17,62
NY,10171,28,47,38,39
NY,10172,42,62,54,31
NY,10173,37,55,54,35
NY,10174,47,60,30,31
NY,10175,59,38,21,58
NY,10176,68,38,55,43
NY,10177,28,58,41,41
NY,10178,61,46,17,31
NY,10179,27,90,48,51
NY,10184,34,69,28,89
NY,10185,59,52,21,55
NY,10196,76,90,45,37
NY,10197,33,58,34,76
NY,10199,49,90,33,48
NY,10200,36,87,49,63
NY,10203,29,49,38,95
NY,10211,53,83,37,86
NY,10212,46,61,19,51
NY,10213,41,82,39,87
NY,10242,64,61,29,66
NY,10249,48,56,37,35
NY,10256,30,64,18,49
NY,10257,65,76,28,63
NY,10258,34,53,42,48
NY,10259,45,48,58,50
NY,10260,78,63,34,88
NY,10261,54,61,21,72
NY,10265,66,58,34,45
NY,10268,48,68,34,95
NY,10269,47,64,28,37
NY,10270,38,47,25,93
NY,10271,77,45,19,95
NY,10272,66,44,42,69
NY,10273,71,71,40,57
NY,10274,48,90,40,74
NY,10275,65,65,38,83
NY,10276,57,71,44,93
NY,10277,72,76,42,71
NY,10278,35,90,49,60
NY,10279,75,51,60,65
NY,10280,27,50,33,95
NY,10281,57,78,41,40
NY,10282,65,66,45,41
NY,10285,81,90,44,85
NY,10286,51,74,24,41
NY,10292,60,82,55,63
NY,10301,34,51,29,64
NY,10302,30,44,16,27
NY,10303,28,19,13,65
NY,10304,17,32,16,39
NY,10305,22,60,30,44
NY,10306,39,24,16,53
NY,10307,30,43,22,26
NY,10308,41,38,16,56
NY,10309,22,62,31,20
NY,10310,41,51,11,42
NY,10311,22,26,22,66
NY,10312,26,31,35,38
NY,10313,38,47,27,18
NY,10314,35,22,11,59
NY,10451,13,39,12,25
NY,10452,21,51,9,42
NY,10453,18,47,25,34
NY,10454,31,45,12,49
NY,10455,14,56,28,22
NY,10456,27,29,31,44
NY,10457,48,31,27,21
NY,10458,43,39,31,39
NY,10459,28,52,34,59
NY,10460,25,32,17,37
NY,10461,18,58,12,53
NY,10462,18,63,25,27
NY,10463,17,32,11,60
NY,10464,35,25,16,46
NY,10465,17,68,24,48
NY,10466,32,39,24,26
NY,10467,27,22,27,40
NY,10468,31,53,25,57
NY,10469,18,43,29,38
NY,10470,15,29,11,46
NY,10471,37,42,22,65
NY,10472,13,46,34,39
NY,10473,34,25,15,48
NY,10474,39,30,12,54
NY,10475,39,33,24,26
NY,10499,31,38,25,42
NY,10501,40,48,24,26
NY,10502,34,22,11,36
NY,10503,14,64,9,20
NY,10504,18,41,25,39
NY,10505,29,30,15,44
NY,10506,43,43,29,22
NY,10507,30,31,28,69
NY,10509,40,43,27,23
NY,10510,14,49,18,31
NY,10511,36,52,30,37
NY,10512,33,28,30,46
NY,10514,35,47,17,40
NY,10516,20,58,28,32
NY,10517,19,42,14,19
NY,10518,31,56,15,22
NY,10519,30,24,24,54
NY,10520,37,42,27,46
NY,10521,35,33,17,21
NY,10522,42,42,19,43
NY,10523,19,41,27,18
NY,10524,40,42,11,38
NY,10526,44,53,35,25
NY,10527,27,48,15,41
NY,10528,28,50,11,17
NY,10530,27,39,10,47
NY,10532,47,44,11,46
NY,10533,16,21,19,40
NY,10535,42,67,19,40
NY,10536,40,38,19,45
NY,10537,16,53,24,21
NY,10538,25,56,33,35
NY,10540,44,47,12,58
NY,10541,34,47,23,36
NY,10542,28,46,13,29
NY,10543,37,50,18,36
NY,10545,19,48,21,19
NY,10546,35,54,31,36
NY,10547,16,33,27,23
NY,10548,22,45,12,32
NY,10549,37,45,18,49
NY,10550,25,24,29,41
NY,10551,15,46,24,42
NY,10552,19,42,29,44
NY,10553,18,31,15,36
NY,10557,32,31,14,58
NY,10558,18,58,31,23
NY,10560,30,46,29,17
NY,10562,18,40,14,38
NY,10566,20,36,13,27
NY,10567,31,45,12,38
NY,10570,32,52,24,46
NY,10571,21,50,14,22
NY,10572,28,26,12,34
NY,10573,18,50,29,54
NY,10576,29,60,32,61
NY,10577,27,38,20,32
NY,10578,36,30,17,51
NY,10579,17,30,29,34
NY,10580,34,32,31,33
NY,10583,45,40,9,22
NY,10587,32,64,21,42
NY,10588,17,52,9,23
NY,10589,35,45,9,39
NY,10590,17,32,17,25
NY,10591,28,40,13,45
NY,10594,16,45,19,35
NY,10595,19,42,17,42
NY,10596,23,39,32,29
NY,10597,33,67,24,29
NY,10598,16,23,30,20
NY,10601,32,58,23,44
NY,10602,26,41,14,55
NY,10603,35,46,18,26
NY,10604,49,28,12,36
NY,10605,20,38,17,22
NY,10606,35,60,12,65
NY,10607,16,49,21,49
NY,10610,41,49,12,27
NY,10701,13,47,32,43
NY,10702,33,45,11,33
NY,10703,35,25,26,36
NY,10704,32,35,13,31
NY,10705,27,51,10,21
NY,10706,14,38,20,24
NY,10707,31,54,20,49
NY,10708,39,44,13,39
NY,10709,24,51,19,33
NY,10710,31,45,30,35
NY,10801,39,31,25,59
NY,10802,35,42,16,21
NY,10803,16,44,30,29
NY,10804,13,43,17,45
NY,10805,19,31,30,48
NY,10901,26,46,13,48
NY,10910,25,23,18,30
NY,10911,22,43,32,29
NY,10912,34,25,24,39
NY,10913,19,49,9,51
NY,10914,39,33,24,55
NY,10915,15,37,14,28
NY,10916,36,46,13,67
NY,10917,45,30,21,40
NY,10918,35,44,21,26
NY,10919,32,29,27,15
NY,10920,48,50,15,47
NY,10921,23,38,12,65
NY,10922,35,31,12,30
NY,10923,40,26,10,39
NY,10924,38,39,19,25
NY,10925,32,23,15,23
NY,10926,42,45,31,35
NY,10927,37,50,23,23
NY,10928,20,45,23,41
NY,10930,40,26,15,62
NY,10931,25,28,13,45
NY,10932,16,41,13,53
NY,10933,25,52,28,42
NY,10940,17,23,21,24
NY,10941,29,56,31,21
NY,10943,26,30,18,59
NY,10949,26,33,26,16
NY,10950,30,44,11,25
NY,10952,20,19,13,62
NY,10953,35,37,14,43
NY,10954,19,40,9,49
NY,10956,25,37,29,44
NY,10958,26,26,14,38
NY,10959,16,20,16,30
NY,10960,17,47,28,40
NY,10962,17,27,12,58
NY,10963,36,58,27,59
NY,10964,34,39,20,24
NY,10965,26,36,23,24
NY,10968,27,23,23,67
NY,10969,35,30,31,21
NY,10970,34,40,13,60
NY,10973,26,42,21,37
NY,10974,38,35,14,40
NY,10975,27,38,32,29
NY,10976,39,42,16,19
NY,10977,34,53,30,48
NY,10979,23,21,14,50
NY,10980,44,45,31,29
NY,10981,38,34,14,35
NY,10982,33,35,27,29
NY,10983,15,33,17,66
NY,10984,24,34,13,23
NY,10985,22,51,19,26
NY,10986,48,40,29,30
NY,10987,26,42,19,31
NY,10988,23,40,20,47
NY,10989,32,44,34,49
NY,10990,20,23,20,34
NY,10992,40,51,11,29
NY,10993,22,30,10,44
NY,10994,13,45,26,60
NY,10996,20,31,17,57
NY,10997,17,47,13,46
NY,10998,21,23,29,25
NY,11001,43,41,15,41
NY,11002,40,29,20,46
NY,11003,14,46,15,38
NY,11004,21,32,31,30
NY,11005,23,51,28,36
NY,11010,40,38,11,56
NY,11020,39,26,9,20
NY,11021,34,25,15,18
NY,11022,45,57,22,34
NY,11023,43,35,14,54
NY,11024,30,41,16,48
NY,11025,42,25,24,52
NY,11026,41,46,31,54
NY,11027,30,31,12,30
NY,11030,23,48,14,21
NY,11040,26,37,16,33
NY,11041,16,59,18,44
NY,11042,38,44,25,29
NY,11043,27,26,14,31
NY,11044,33,25,22,50
NY,11050,32,35,31,31
NY,11051,32,34,22,59
NY,11052,32,35,31,55
NY,11053,42,33,10,27
NY,11054,38,33,18,41
NY,11055,38,33,21,55
NY,11096,50,56,15,69
NY,11099,39,28,12,31
NY,11101,31,31,27,32
NY,11102,33,49,18,54
NY,11103,24,45,23,52
NY,11104,38,34,9,53
NY,11105,17,54,26,27
NY,11106,40,43,26,27
NY,11109,32,23,28,42
NY,11120,15,27,28,31
NY,11201,20,68,24,55
NY,11202,25,45,32,61
NY,11203,49,35,15,37
NY,11204,15,47,20,42
NY,11205,40,25,10,32
NY,11206,38,24,28,34
NY,11207,34,31,23,22
NY,11208,14,43,19,43
NY,11209,42,30,13,37
NY,11210,31,49,15,37
NY,11211,38,31,18,32
NY,11212,16,29,11,55
NY,11213,16,30,19,38
NY,11214,30,29,17,48
NY,11215,20,65,21,33
NY,11216,41,58,18,28
NY,11217,44,42,12,25
NY,11218,25,47,11,56
NY,11219,49,44,18,38
NY,11220,29,27,31,34
NY,11221,42,29,17,19
NY,11222,29,42,12,45
NY,11223,14,38,21,15
NY,11224,41,44,18,43
NY,11225,46,41,28,28
NY,11226,21,54,22,57
NY,11228,15,46,24,26
NY,11229,29,36,12,40
NY,11230,31,32,22,28
NY,11231,17,30,12,33
NY,11232,26,29,30,31
NY,11233,31,50,14,26
NY,11234,20,38,20,48
NY,11235,39,27,21,23
NY,11236,29,44,25,25
NY,11237,38,35,24,53
NY,11238,40,55,22,35
NY,11239,31,40,21,38
NY,11240,25,48,29,65
NY,11241,40,26,27,21
NY,11242,42,27,29,37
NY,11243,33,52,14,35
NY,11244,36,29,19,21
NY,11245,14,32,25,18
NY,11247,25,28,9,37
NY,11248,34,29,17,22
NY,11249,42,31,16,47
NY,11251,31,28,18,29
NY,11252,24,50,22,53
NY,11254,39,26,12,33
NY,11255,36,47,29,47
NY,11256,15,42,23,54
NY,11351,25,35,20,26
NY,11352,38,38,12,36
NY,11354,27,31,16,34
NY,11355,30,30,29,46
NY,11356,33,53,16,33
NY,11357,39,36,24,37
NY,11358,41,32,29,20
NY,11359,46,38,24,40
NY,11360,41,19,32,31
NY,11361,24,64,30,62
NY,11362,21,29,15,22
NY,11363,25,37,10,40
NY,11364,26,49,35,27
NY,11365,36,56,10,17
NY,11366,40,27,15,17
NY,11367,31,45,18,37
NY,11368,14,61,23,31
NY,11369,36,29,14,21
NY,11370,25,27,25,39
NY,11371,22,30,19,22
NY,11372,23,61,17,39
NY,11373,29,58,22,65
NY,11374,34,22,15,42
NY,11375,40,22,31,30
NY,11377,32,40,21,56
NY,11378,36,41,25,28
NY,11379,35,21,26,39
NY,11380,44,53,17,37
NY,11381,22,66,11,33
NY,11385,17,28,31,61
NY,11386,22,34,25,40
NY,11390,21,62,15,28
NY,11405,16,67,11,20
NY,11411,39,24,15,27
NY,11412,17,21,17,46
NY,11413,21,43,21,43
NY,11414,19,48,24,48
NY,11415,31,34,22,25
NY,11416,33,45,29,18
NY,11417,27,36,11,41
NY,11418,32,52,29,38
NY,11419,21,59,29,46
NY,11420,27,29,30,26
NY,11421,44,64,26,49
NY,11422,20,33,14,37
NY,11423,18,35,28,51
NY,11424,41,43,35,24
NY,11425,13,41,29,45
NY,11426,26,32,28,29
NY,11427,36,29,9,23
NY,11428,16,32,11,36
NY,11429,27,32,12,38
NY,11430,32,29,26,35
NY,11431,36,25,23,32
NY,11432,33,23,26,31
NY,11433,24,37,25,38
NY,11434,22,37,24,40
NY,11435,20,39,30,30
NY,11436,36,48,21,27
NY,11437,40,50,17,18
NY,11439,16,36,17,30
NY,11451,22,41,19,30
NY,11499,29,46,24,39
NY,11501,36,32,18,38
NY,11507,27,43,25,45
NY,11509,33,38,27,36
NY,11510,30,42,13,31
NY,11514,31,44,13,22
NY,11516,29,46,16,37
NY,11518,21,56,23,46
NY,11520,33,26,26,55
NY,11530,23,38,23,45
NY,11531,36,31,22,30
NY,11535,27,39,17,46
NY,11536,31,32,13,58
NY,11542,29,37,9,45
NY,11545,19,21,33,59
NY,11547,17,50,28,31
NY,11548,35,54,13,27
NY,11549,42,32,26,30
NY,11550,33,60,29,59
NY,11551,23,57,28,31
NY,11552,44,39,10,48
NY,11553,19,41,15,36
NY,11554,18,42,20,67
NY,11555,29,42,27,49
NY,11556,15,29,19,51
NY,11557,37,37,20,28
NY,11558,14,58,31,43
NY,11559,20,25,14,35
NY,11560,15,56,14,31
NY,11561,31,68,22,32
NY,11563,29,24,17,29
NY,11565,28,51,13,53
NY,11566,45,38,23,67
NY,11568,38,33,17,32
NY,11569,25,45,12,29
NY,11570,29,40,19,49
NY,11571,35,38,17,40
NY,11572,24,35,17,58
NY,11575,34,55,26,22
NY,11576,25,29,16,29
NY,11577,39,29,12,33
NY,11579,26,35,33,62
NY,11580,18,35,14,34
NY,11581,34,38,15,25
NY,11582,15,43,18,32
NY,11590,26,47,23,52
NY,11592,23,36,16,39
NY,11594,29,30,20,26
NY,11595,20,51,11,20
NY,11596,20,26,30,30
NY,11597,26,60,13,36
NY,11598,16,27,17,56
NY,11599,40,37,31,21
NY,11690,34,38,10,27
NY,11691,26,38,18,50
NY,11692,31,63,30,18
NY,11693,22,57,16,20
NY,11694,30,41,27,35
NY,11695,31,42,10,29
NY,11697,30,28,32,34
NY,11701,44,48,14,23
NY,11702,40,45,16,59
NY,11703,29,56,31,27
NY,11704,16,38,19,45
NY,11705,38,21,18,36
NY,11706,35,43,10,25
NY,11707,14,55,13,55
NY,11708,18,34,34,64
NY,11709,25,60,15,52
NY,11710,38,27,11,41
NY,11713,39,33,17,70
NY,11714,38,31,21,45
NY,11715,31,30,29,44
NY,11716,43,48,10,55
NY,11717,17,40,22,38
NY,11718,50,48,10,32
NY,11719,22,37,13,40
NY,11720,23,39,26,40
NY,11721,49,29,20,30
NY,11722,17,53,17,48
NY,11724,46,35,34,34
NY,11725,30,32,16,50
NY,11726,45,56,26,23
NY,11727,34,42,30,24
NY,11729,13,26,23,43
NY,11730,24,44,29,34
NY,11731,15,33,30,47
NY,11732,38,35,24,24
NY,11733,22,28,12,62
NY,11735,18,51,31,21
NY,11736,14,37,9,67
NY,11737,29,29,26,39
NY,11738,16,31,21,26
NY,11739,48,31,13,24
NY,11740,26,26,9,45
NY,11741,20,56,20,32
NY,11742,19,32,25,29
NY,11743,23,26,12,34
NY,11746,22,60,30,25
NY,11747,15,40,35,33
NY,11749,34,36,15,35
NY,11750,24,27,23,52
NY,11751,44,30,9,27
NY,11752,22,52,21,40
NY,11753,15,57,13,25
NY,11754,39,68,16,26
NY,11755,26,53,25,32
NY,11756,25,36,28,28
NY,11757,21,35,17,32
NY,11758,45,30,21,27
NY,11760,41,21,17,19
NY,11762,44,66,14,31
NY,11763,23,35,10,51
NY,11764,34,50,14,26
NY,11765,20,31,25,27
NY,11766,19,40,14,35
NY,11767,25,37,13,49
NY,11768,18,36,18,24
NY,11769,40,32,22,33
NY,11770,19,46,21,41
NY,11771,37,38,31,32
NY,11772,25,29,20,32
NY,11773,16,28,34,24
NY,11774,35,27,30,39
NY,11775,17,26,32,18
NY,11776,20,55,11,57
NY,11777,19,48,20,17
NY,11778,17,38,28,32
NY,11779,45,49,23,39
NY,11780,38,51,28,26
NY,11782,22,45,24,59
NY,11783,40,48,17,38
NY,11784,29,49,32,51
NY,11786,16,46,30,48
NY,11787,36,60,15,23
NY,11788,14,58,17,45
NY,11789,38,50,14,47
NY,11790,29,47,31,22
NY,11791,18,20,22,42
NY,11792,29,26,18,39
NY,11793,48,31,13,22
NY,11794,22,65,14,42
NY,11795,30,41,18,36
NY,11796,33,50,15,50
NY,11797,16,47,12,46
NY,11798,20,29,30,30
NY,11801,46,30,31,36
NY,11802,25,27,12,28
NY,11803,27,58,12,53
NY,11804,37,29,19,57
NY,11815,28,45,25,59
NY,11819,24,47,12,43
NY,11853,20,52,20,27
NY,11854,32,42,22,54
NY,11855,38,37,30,22
NY,11901,21,46,25,39
NY,11930,46,63,28,20
NY,11931,17,45,20,19
NY,11932,28,37,15,32
NY,11933,28,35,29,55
NY,11934,32,28,15,37
NY,11935,30,50,12,39
NY,11937,41,37,19,33
NY,11939,14,26,16,46
NY,11940,45,39,16,54
NY,11941,37,50,25,35
NY,11942,30,25,14,46
NY,11944,23,33,13,31
NY,11946,45,24,17,18
NY,11947,23,64,26,43
NY,11948,30,49,20,40
NY,11949,33,67,25,26
NY,11950,37,51,17,27
NY,11951,17,45,12,38
NY,11952,35,27,29,49
NY,11953,16,34,30,29
NY,11954,33,53,28,23
NY,11955,24,51,29,28
NY,11956,17,44,11,62
NY,11957,28,39,21,39
NY,11958,32,40,13,40
NY,11959,43,22,30,50
NY,11960,40,41,23,38
NY,11961,17,42,15,47
NY,11962,16,27,23,40
NY,11963,24,58,14,27
NY,11964,32,38,19,29
NY,11965,16,43,26,50
NY,11967,36,34,17,34
NY,11968,24,58,27,41
NY,11969,29,25,15,60
NY,11970,36,45,23,25
NY,11971,39,35,14,42
NY,11972,44,40,11,50
NY,11973,24,25,21,39
NY,11975,33,45,27,32
NY,11976,37,53,17,65
NY,11977,21,58,18,28
NY,11978,42,48,33,22
NY,11980,34,45,10,34
NY,12007,39,56,17,68
NY,12008,24,21,11,40
NY,12009,49,42,13,45
NY,12010,35,39,19,63
NY,12015,38,34,30,30
NY,12016,28,43,21,43
NY,12017,37,61,18,28
NY,12018,35,34,27,59
NY,12019,31,44,34,34
NY,12020,37,36,11,17
NY,12022,29,23,30,36
NY,12023,33,34,13,65
NY,12024,17,54,28,51
NY,12025,30,27,10,27
NY,12027,23,69,11,44
NY,12028,39,32,29,37
NY,12029,31,39,16,27
NY,12031,32,45,28,22
NY,12032,34,40,30,41
NY,12033,34,38,23,46
NY,12035,46,21,21,30
NY,12036,26,31,21,20
NY,12037,20,43,16,55
NY,12040,17,26,22,33
NY,12041,28,39,12,36
NY,12042,22,39,17,41
NY,12043,32,34,14,58
NY,12045,41,26,12,31
NY,12046,40,35,30,25
NY,12047,23,39,18,34
NY,12050,39,33,20,19
NY,12051,43,43,25,32
NY,12052,39,25,32,27
NY,12053,16,54,10,40
NY,12054,17,19,11,44
NY,12055,42,60,20,40
NY,12056,18,43,19,42
NY,12057,47,51,22,41
NY,12058,42,60,32,30
NY,12059,17,59,28,55
NY,12060,38,56,21,68
NY,12061,18,60,27,40
NY,12062,36,30,27,42
NY,12063,38,30,20,37
NY,12064,16,40,22,37
NY,12065,28,30,15,30
NY,12066,32,41,23,52
NY,12067,23,46,22,43
NY,12068,30,35,34,55
NY,12069,37,22,26,43
NY,12070,21,53,33,47
NY,12071,36,42,26,59
NY,12072,17,49,12,37
NY,12073,27,42,19,42
NY,12074,26,36,10,19
NY,12075,32,38,22,60
NY,12076,18,40,9,63
NY,12077,49,26,16,43
NY,12078,19,36,14,52
NY,12082,17,48,11,30
NY,12083,33,50,26,56
NY,12084,22,43,16,36
NY,12085,28,27,27,64
NY,12086,29,40,25,41
NY,12087,19,28,27,61
NY,12089,35,48,32,26
NY,12090,18,59,30,50
NY,12092,14,28,14,24
NY,12093,26,29,16,35
NY,12094,37,65,10,42
NY,12095,22,38,13,24
NY,12106,24,40,19,31
NY,12107,26,30,14,51
NY,12108,28,42,24,38
NY,12110,31,32,17,36
NY,12115,17,53,19,25
NY,12116,39,21,32,32
NY,12117,18,35,9,28
NY,12118,34,43,13,44
NY,12120,30,43,14,43
NY,12121,16,38,11,45
NY,12122,25,57,20,25
NY,12123,28,52,23,47
NY,12124,31,54,9,49
NY,12125,31,54,27,53
NY,12128,45,31,18,52
NY,12130,24,43,23,34
NY,12131,26,28,23,35
NY,12132,18,34,18,53
NY,12133,28,24,26,60
NY,12134,14,44,12,63
NY,12136,23,47,11,34
NY,12137,35,49,27,53
NY,12138,13,65,25,19
NY,12139,34,52,20,35
NY,12140,27,50,23,56
NY,12141,25,30,12,30
NY,12143,25,44,17,19
NY,12144,39,50,34,26
NY,12147,18,47,35,21
NY,12148,41,37,14,45
NY,12149,32,51,17,46
NY,12150,40,39,32,24
NY,12151,36,37,15,21
NY,12153,26,44,31,18
NY,12154,35,53,15,44
NY,12155,31,31,32,21
NY,12156,46,32,14,36
NY,12157,26,50,22,36
NY,12158,37,22,10,33
NY,12159,30,50,27,36
NY,12160,24,66,33,61
NY,12161,37,50,24,52
NY,12164,44,39,21,28
NY,12165,30,63,27,23
NY,12166,24,35,19,29
NY,12167,23,30,11,37
NY,12168,42,22,12,19
NY,12169,29,32,11,51
NY,12170,15,22,24,32
NY,12172,21,49,21,53
NY,12173,13,29,9,42
NY,12174,32,28,34,69
NY,12175,36,44,11,36
NY,12176,31,46,15,23
NY,12177,39,37,11,37
NY,12180,38,48,18,26
NY,12181,24,49,13,25
NY,12182,31,44,16,40
NY,12183,25,29,20,51
NY,12184,16,28,32,27
NY,12185,21,59,35,26
NY,12186,27,41,19,47
NY,12187,39,48,33,44
NY,12188,15,38,17,46
NY,12189,36,23,34,22
NY,12190,43,26,27,40
NY,12192,41,51,11,43
NY,12193,23,26,16,29
NY,12194,37,28,10,37
NY,12195,13,55,18,37
NY,12196,42,36,11,40
NY,12197,40,42,11,43
NY,12198,33,51,12,41
NY,12201,41,47,10,47
NY,12202,34,65,22,21
NY,12203,31,48,25,39
NY,12204,31,46,14,36
NY,12205,39,32,17,36
NY,12206,31,59,33,29
NY,12207,36,39,15,48
NY,12208,17,31,14,35
NY,12209,39,34,11,49
NY,12210,41,42,19,30
NY,12211,17,25,10,70
NY,12212,37,47,25,49
NY,12214,33,53,31,52
NY,12220,21,63,30,27
NY,12222,40,43,30,24
NY,12223,32,25,11,54
NY,12224,33,49,27,30
NY,12225,46,59,12,25
NY,12226,45,44,9,45
NY,12227,28,30,13,44
NY,12228,34,45,19,25
NY,12229,23,57,11,39
NY,12230,18,49,11,43
NY,12231,32,22,23,28
NY,12232,41,49,12,50
NY,12233,22,48,30,34
NY,12234,20,41,12,53
NY,12235,38,44,21,49
NY,12236,19,61,13,45
NY,12237,20,24,22,34
NY,12238,28,39,22,22
NY,12239,31,43,24,55
NY,12240,32,32,28,49
NY,12241,19,39,28,57
NY,12242,19,47,26,41
NY,12243,33,40,33,64
NY,12244,38,41,12,24
NY,12245,43,52,11,31
NY,12246,45,62,30,28
NY,12247,27,36,29,59
NY,12248,20,53,13,48
NY,12249,16,44,12,42
NY,12250,21,53,15,34
NY,12252,25,33,15,41
NY,12255,16,61,18,59
NY,12256,38,21,21,72
NY,12257,30,45,27,39
NY,12260,27,35,12,23
NY,12261,18,37,29,30
NY,12288,31,47,12,48
NY,12301,18,36,21,36
NY,12302,15,34,19,48
NY,12303,32,40,30,20
NY,12304,15,61,16,28
NY,12305,28,49,12,54
NY,12306,25,34,12,45
NY,12307,16,37,31,48
NY,12308,32,32,29,41
NY,12309,30,53,14,38
NY,12325,28,45,11,36
NY,12345,20,54,35,22
NY,12401,16,24,24,37
NY,12402,36,26,29,52
NY,12404,18,35,28,48
NY,12405,31,45,32,38
NY,12406,22,42,14,27
NY,12407,32,52,11,40
NY,12409,35,31,18,23
NY,12410,33,32,13,34
NY,12411,26,34,27,44
NY,12412,33,47,13,42
NY,12413,25,31,20,45
NY,12414,31,45,13,33
NY,12416,17,57,31,44
NY,12417,28,49,30,28
NY,12418,44,25,21,42
NY,12419,36,34,11,48
NY,12420,27,45,28,43
NY,12421,22,83,32,39
NY,12422,40,63,33,26
NY,12423,18,29,17,38
NY,12424,38,32,15,53
NY,12427,33,49,19,46
NY,12428,23,51,28,42
NY,12429,27,22,22,31
NY,12430,25,46,21,35
NY,12431,23,41,28,46
NY,12432,31,30,29,38
NY,12433,16,50,24,30
NY,12434,29,44,20,44
NY,12435,16,26,34,37
NY,12436,18,45,29,28
NY,12438,19,45,18,23
NY,12439,24,23,29,28
NY,12440,20,33,26,31
NY,12441,40,57,19,47
NY,12442,37,45,27,23
NY,12443,30,42,18,41
NY,12444,29,49,31,30
NY,12446,16,44,21,23
NY,12448,31,43,10,30
NY,12449,25,50,29,40
NY,12450,16,50,21,26
NY,12451,15,35,12,38
NY,12452,24,25,9,24
NY,12453,23,28,25,24
NY,12454,16,27,30,62
NY,12455,15,53,14,51
NY,12456,15,36,29,57
NY,12457,34,53,29,54
NY,12458,32,35,10,60
NY,12459,34,53,30,40
NY,12460,33,21,16,23
NY,12461,33,26,29,47
NY,12463,44,42,19,34
NY,12464,18,32,19,42
NY,12465,39,34,17,34
NY,12466,27,38,28,39
NY,12468,15,39,27,70
NY,12469,20,37,30,31
NY,12470,21,22,34,54
NY,12471,40,38,23,18
NY,12472,34,40,16,48
NY,12473,42,45,18,57
NY,12474,33,60,25,41
NY,12475,13,48,22,38
NY,12477,38,26,28,40
NY,12480,32,32,27,65
NY,12481,39,45,13,19
NY,12482,25,29,27,42
NY,12483,31,46,29,71
NY,12484,18,42,33,44
NY,12485,17,35,30,36
NY,12486,35,28,15,55
NY,12487,30,42,30,58
NY,12489,19,32,22,24
NY,12490,18,32,28,24
NY,12491,28,59,27,59
NY,12492,36,27,29,29
NY,12493,23,44,30,32
NY,12494,14,46,20,58
NY,12495,24,21,15,23
NY,12496,28,57,16,41
NY,12498,37,47,12,24
NY,12501,38,42,20,44
NY,12502,27,44,11,57
NY,12503,34,42,19,58
NY,12504,27,42,26,35
NY,12506,33,66,30,44
NY,12507,32,65,10,31
NY,12508,27,55,16,61
NY,12510,45,29,20,42
NY,12511,25,45,16,44
NY,12512,37,50,20,20
NY,12513,27,36,18,39
NY,12514,36,47,14,34
NY,12515,33,57,13,57
NY,12516,21,29,23,49
NY,12517,38,35,19,24
NY,12518,36,38,25,47
NY,12520,29,48,30,26
NY,12521,24,60,29,15
NY,12522,18,35,25,40
NY,12523,26,39,14,37
NY,12524,29,29,29,51
NY,12525,39,62,35,62
NY,12526,24,52,34,47
NY,12527,22,45,19,35
NY,12528,32,23,29,29
NY,12529,34,48,12,50
NY,12530,14,27,14,36
NY,12531,18,43,21,59
NY,12533,42,29,21,33
NY,12534,22,22,29,36
NY,12537,21,30,34,20
NY,12538,34,41,11,54
NY,12540,16,30,10,41
NY,12541,18,26,27,22
NY,12542,17,50,13,63
NY,12543,41,40,15,34
NY,12544,36,34,22,34
NY,12545,41,42,16,63
NY,12546,23,51,29,56
NY,12547,29,36,26,43
NY,12548,21,54,11,57
NY,12549,17,45,25,24
NY,12550,33,42,11,50
NY,12551,28,52,15,36
NY,12552,38,54,14,65
NY,12553,45,38,12,55
NY,12555,26,40,23,22
NY,12561,13,33,33,40
NY,12563,40,35,16,29
NY,12564,17,65,16,41
NY,12565,19,41,20,47
NY,12566,34,36,32,47
NY,12567,33,42,28,20
NY,12568,31,43,18,36
NY,12569,20,51,17,37
NY,12570,28,47,29,48
NY,12571,14,30,12,32
NY,12572,18,62,17,33
NY,12574,28,57,19,41
NY,12575,41,31,26,42
NY,12577,18,43,12,51
NY,12578,38,36,29,26
NY,12580,18,41,13,34
NY,12581,39,35,12,31
NY,12582,35,43,22,45
NY,12583,29,42,11,23
NY,12584,31,49,26,60
NY,12585,31,23,17,54
NY,12586,32,43,21,42
NY,12588,30,36,29,33
NY,12589,37,24,30,17
NY,12590,31,26,22,41
NY,12592,20,26,10,60
NY,12593,30,46,27,21
NY,12594,29,62,30,25
NY,12601,22,25,19,32
NY,12602,20,34,17,27
NY,12603,40,32,26,34
NY,12604,36,27,12,43
NY,12701,14,32,19,24
NY,12719,22,33,28,53
NY,12720,36,57,9,27
NY,12721,41,39,29,18
NY,12722,28,52,25,28
NY,12723,15,32,28,60
NY,12724,27,49,32,30
NY,12725,24,46,32,24
NY,12726,16,65,16,30
NY,12727,50,40,16,40
NY,12729,18,21,13,26
NY,12732,15,29,29,42
NY,12733,26,43,11,30
NY,12734,34,32,19,41
NY,12736,31,38,14,18
NY,12737,21,51,23,39
NY,12738,15,52,14,43
NY,12740,26,34,32,54
NY,12741,17,65,32,36
NY,12742,26,34,33,48
NY,12743,45,32,17,24
NY,12745,32,35,30,56
NY,12746,22,39,16,43
NY,12747,19,32,30,23
NY,12748,18,28,18,35
NY,12749,20,52,32,42
NY,12750,19,40,19,41
NY,12751,19,32,17,45
NY,12752,44,38,20,46
NY,12754,35,54,32,21
NY,12758,33,25,27,18
NY,12759,34,28,25,26
NY,12760,23,52,23,26
NY,12762,23,33,21,32
NY,12763,37,39,25,62
NY,12764,27,41,19,47
NY,12765,15,42,20,51
NY,12766,31,49,17,37
NY,12767,25,30,28,50
NY,12768,37,44,24,34
NY,12769,45,28,28,55
NY,12770,17,52,18,68
NY,12771,42,21,27,29
NY,12775,45,34,14,23
NY,12776,39,29,27,35
NY,12777,36,42,13,34
NY,12778,35,45,28,36
NY,12779,36,29,13,45
NY,12780,16,48,22,45
NY,12781,14,20,16,59
NY,12783,34,22,29,64
NY,12784,42,45,19,25
NY,12785,44,50,27,41
NY,12786,39,28,27,25
NY,12787,20,25,13,21
NY,12788,28,52,17,53
NY,12789,18,44,18,48
NY,12790,24,34,23,38
NY,12791,28,48,29,58
NY,12792,12,26,29,17
NY,12801,39,23,23,43
NY,12803,22,42,9,45
NY,12804,27,23,16,20
NY,12808,26,50,32,32
NY,12809,38,29,27,32
NY,12810,27,31,18,46
NY,12811,30,33,22,41
NY,12812,25,39,23,41
NY,12814,24,45,24,41
NY,12815,16,33,14,41
NY,12816,34,26,29,32
NY,12817,27,57,23,41
NY,12819,26,30,16,32
NY,12820,25,49,24,63
NY,12821,36,26,17,24
NY,12822,16,39,11,60
NY,12823,28,23,23,52
NY,12824,21,26,26,51
NY,12827,23,44,35,24
NY,12828,28,34,23,37
NY,12831,43,42,12,39
NY,12832,37,59,25,66
NY,12833,24,59,21,29
NY,12834,16,57,14,56
NY,12835,27,53,14,47
NY,12836,35,33,22,49
NY,12837,27,34,24,36
NY,12838,21,27,18,37
NY,12839,23,29,23,25
NY,12841,29,29,10,49
NY,12842,27,36,26,39
NY,12843,21,40,23,40
NY,12844,30,52,26,32
NY,12845,35,35,26,35
NY,12846,26,41,10,29
NY,12847,38,35,31,32
NY,12848,25,26,10,27
NY,12849,17,31,18,46
NY,12850,34,47,25,36
NY,12851,26,54,35,35
NY,12852,42,20,19,29
NY,12853,36,51,25,57
NY,12854,37,27,22,35
NY,12855,32,37,29,46
NY,12856,38,58,18,26
NY,12857,41,28,29,52
NY,12858,39,42,26,26
NY,12859,23,27,12,49
NY,12860,38,50,14,57
NY,12861,37,42,12,32
NY,12862,27,20,25,42
NY,12863,28,41,24,27
NY,12864,35,52,19,61
NY,12865,15,35,11,34
NY,12866,17,27,23,28
NY,12870,17,51,14,43
NY,12871,45,36,14,45
NY,12872,35,26,15,20
NY,12873,44,53,30,40
NY,12874,15,21,15,27
NY,12878,36,32,11,48
NY,12879,37,36,26,24
NY,12883,21,43,25,31
NY,12884,33,36,11,31
NY,12885,44,47,28,21
NY,12886,24,48,10,28
NY,12887,24,41,15,25
NY,12901,33,30,21,45
NY,12903,38,44,22,64
NY,12910,17,43,28,36
NY,12911,33,53,22,54
NY,12912,17,38,12,28
NY,12913,21,20,11,37
NY,12914,27,55,13,23
NY,12915,17,25,13,50
NY,12916,37,37,30,63
NY,12917,22,37,9,31
NY,12918,14,31,13,36
NY,12919,34,39,26,46
NY,12920,45,50,22,25
NY,12921,43,46,21,17
NY,12922,26,54,12,33
NY,12923,22,33,16,35
NY,12924,27,50,24,32
NY,12926,31,44,27,27
NY,12927,15,31,24,54
NY,12928,17,44,19,36
NY,12929,25,19,15,41
NY,12930,13,48,20,55
NY,12932,34,27,17,34
NY,12933,17,30,30,29
NY,12934,17,48,13,55
NY,12935,43,46,18,18
NY,12936,26,59,21,47
NY,12937,31,39,13,27
NY,12939,19,60,12,46
NY,12941,38,53,11,46
NY,12942,30,30,35,26
NY,12943,15,58,11,45
NY,12944,25,49,14,21
NY,12945,26,26,15,31
NY,12946,45,54,18,24
NY,12949,27,25,23,30
NY,12950,38,46,24,48
NY,12952,16,65,26,27
NY,12953,34,34,31,42
NY,12955,17,45,14,26
NY,12956,40,53,29,36
NY,12957,22,24,9,49
NY,12958,18,31,11,40
NY,12959,22,41,12,23
NY,12960,25,37,11,46
NY,12961,25,49,26,61
NY,12962,32,40,12,28
NY,12964,38,63,27,38
NY,12965,24,66,27,52
NY,12966,26,36,9,49
NY,12967,32,57,31,39
NY,12969,26,54,12,29
NY,12970,38,25,27,18
NY,12972,35,54,11,43
NY,12973,29,61,29,40
NY,12974,24,19,21,25
NY,12975,26,26,24,36
NY,12976,18,36,21,37
NY,12977,46,59,26,30
NY,12978,18,54,18,48
NY,12979,18,41,14,19
NY,12980,19,43,32,60
NY,12981,28,31,12,17
NY,12983,33,36,26,42
NY,12985,21,43,12,45
NY,12986,17,41,31,52
NY,12987,22,50,10,45
NY,12989,24,38,16,53
NY,12992,21,45,24,40
NY,12993,15,59,20,62
NY,12995,38,31,12,37
NY,12996,28,57,25,30
NY,12997,29,57,12,28
NY,12998,37,34,19,40
NY,13020,29,31,23,45
NY,13021,36,49,31,28
NY,13022,28,28,26,44
NY,13024,35,42,28,30
NY,13026,15,40,15,21
NY,13027,30,42,21,18
NY,13028,28,48,29,31
NY,13029,20,61,16,22
NY,13030,17,52,13,32
NY,13031,42,25,15,25
NY,13032,21,28,19,52
NY,13033,38,29,33,46
NY,13034,17,31,25,43
NY,13035,37,35,32,43
NY,13036,16,24,19,47
NY,13037,27,48,22,17
NY,13039,18,27,24,26
NY,13040,23,50,20,26
NY,13041,30,32,29,31
NY,13042,35,34,12,31
NY,13043,26,29,20,35
NY,13044,29,50,24,19
NY,13045,33,37,17,44
NY,13051,18,38,21,46
NY,13052,43,39,17,53
NY,13053,37,26,23,38
NY,13054,23,64,13,66
NY,13056,21,43,30,37
NY,13057,21,51,12,44
NY,13060,21,27,18,33
NY,13061,19,42,28,49
NY,13062,30,59,24,31
NY,13063,29,21,19,38
NY,13064,32,43,11,43
NY,13065,23,47,21,28
NY,13066,22,46,12,33
NY,13068,22,56,27,44
NY,13069,28,46,26,26
NY,13071,35,52,18,42
NY,13072,34,52,13,28
NY,13073,24,58,11,54
NY,13074,25,49,28,19
NY,13076,18,29,19,19
NY,13077,33,31,24,57
NY,13078,42,44,31,46
NY,13080,19,30,29,42
NY,13081,14,46,27,41
NY,13082,29,46,20,26
NY,13083,15,40,18,33
NY,13084,24,28,27,36
NY,13087,22,36,24,34
NY,13088,30,29,12,38
NY,13089,33,41,10,34
NY,13090,15,22,12,37
NY,13092,40,59,27,29
NY,13093,36,27,11,49
NY,13101,24,69,25,44
NY,13102,34,34,27,21
NY,13103,23,40,19,45
NY,13104,30,47,26,25
NY,13107,19,46,32,68
NY,13108,14,47,26,50
NY,13110,42,43,30,41
NY,13111,41,33,14,45
NY,13112,36,46,18,33
NY,13113,45,34,13,27
NY,13114,34,36,22,60
NY,13115,49,32,27,28
NY,13116,24,43,15,56
NY,13117,32,34,17,29
NY,13118,31,48,24,20
NY,13119,25,42,15,28
NY,13120,25,31,18,29
NY,13121,36,45,12,30
NY,13122,31,29,32,49
NY,13123,22,29,29,46
NY,13124,37,29,20,50
NY,13126,28,23,23,41
NY,13131,23,50,26,43
NY,13132,18,55,30,20
NY,13134,40,29,31,62
NY,13135,57,50,40,61
NY,13136,28,41,12,52
NY,13137,19,40,16,30
NY,13138,36,46,31,57
NY,13139,45,63,14,21
NY,13140,38,24,24,58
NY,13141,19,31,16,35
NY,13142,26,35,22,60
NY,13143,28,52,23,43
NY,13144,21,52,26,50
NY,13145,24,27,16,56
NY,13146,43,41,10,57
NY,13147,26,28,25,25
NY,13148,33,38,19,48
NY,13152,33,55,22,22
NY,13153,31,42,19,22
NY,13154,16,63,26,21
NY,13155,38,31,16,38
NY,13156,44,30,22,59
NY,13157,35,30,13,47
NY,13158,28,43,13,19
NY,13159,23,31,11,35
NY,13160,38,56,10,55
NY,13162,20,42,19,45
NY,13163,28,24,29,18
NY,13164,27,46,19,52
NY,13165,35,30,27,22
NY,13166,39,34,29,57
NY,13167,38,55,29,48
NY,13201,36,45,20,31
NY,13202,15,26,26,41
NY,13203,24,44,17,21
NY,13204,22,41,29,69
NY,13205,16,34,24,37
NY,13206,27,27,25,17
NY,13207,16,52,20,39
NY,13208,47,54,26,58
NY,13209,22,39,20,42
NY,13210,17,26,12,47
NY,13211,24,28,20,29
NY,13212,15,26,34,32
NY,13214,25,23,12,48
NY,13215,31,51,23,38
NY,13217,22,60,33,49
NY,13218,27,38,33,39
NY,13219,34,59,12,38
NY,13220,43,44,15,27
NY,13221,18,45,10,29
NY,13224,42,26,16,32
NY,13225,14,42,26,39
NY,13235,25,29,26,60
NY,13244,33,62,35,25
NY,13250,33,35,27,49
NY,13251,39,49,34,20
NY,13252,19,27,11,54
NY,13261,16,31,30,34
NY,13290,36,37,16,52
NY,13301,20,42,20,24
NY,13302,43,53,17,43
NY,13303,18,28,22,22
NY,13304,27,55,13,26
NY,13305,26,50,27,45
NY,13308,14,34,15,21
NY,13309,19,26,28,26
NY,13310,46,40,20,24
NY,13312,28,33,12,32
NY,13313,17,38,23,26
NY,13314,26,32,31,25
NY,13315,29,36,19,24
NY,13316,35,27,17,44
NY,13317,25,57,15,37
NY,13318,17,24,18,35
NY,13319,35,35,16,22
NY,13320,30,54,35,30
NY,13321,41,48,18,36
NY,13322,46,53,28,41
NY,13323,29,53,15,30
NY,13324,21,44,20,33
NY,13325,35,38,10,30
NY,13326,33,34,16,33
NY,13327,28,36,23,47
NY,13328,22,20,24,16
NY,13329,34,33,15,52
NY,13331,36,26,28,60
NY,13332,20,54,9,21
NY,13333,18,54,28,40
NY,13334,32,30,17,56
NY,13335,26,30,31,42
NY,13337,22,21,10,68
NY,13338,34,32,19,44
NY,13339,26,41,31,43
NY,13340,29,46,30,37
NY,13341,32,60,26,36
NY,13342,27,28,17,31
NY,13343,43,52,12,41
NY,13345,42,29,23,40
NY,13346,31,44,26,47
NY,13348,15,47,26,33
NY,13350,19,32,17,45
NY,13352,14,49,12,25
NY,13353,41,23,18,28
NY,13354,32,45,22,47
NY,13355,16,56,20,38
NY,13357,41,47,16,27
NY,13360,29,33,23,35
NY,13361,25,45,18,36
NY,13362,27,58,15,23
NY,13363,34,36,16,42
NY,13364,14,61,24,29
NY,13365,27,28,27,28
NY,13367,32,45,23,47
NY,13368,14,36,34,21
NY,13401,18,46,31,56
NY,13402,31,39,16,23
NY,13403,17,32,13,33
NY,13404,37,25,29,33
NY,13406,41,42,23,44
NY,13407,44,29,15,29
NY,13408,17,55,24,45
NY,13409,33,23,15,64
NY,13410,30,48,31,47
NY,13411,29,33,12,26
NY,13413,38,50,21,39
NY,13415,41,25,13,47
NY,13416,28,42,32,61
NY,13417,24,56,41,48
NY,13418,14,37,15,22
NY,13420,21,31,30,30
NY,13421,33,53,20,33
NY,13424,17,64,30,29
NY,13425,14,42,22,40
NY,13426,27,48,15,47
NY,13428,46,41,25,22
NY,13431,19,36,10,61
NY,13433,22,49,19,44
NY,13435,20,26,22,28
NY,13436,38,44,12,48
NY,13437,29,31,32,43
NY,13438,37,34,16,50
NY,13439,30,38,12,18
NY,13440,17,25,31,37
NY,13441,23,24,14,31
NY,13442,37,34,9,54
NY,13449,21,28,15,41
NY,13450,28,47,25,26
NY,13452,15,60,13,68
NY,13454,32,51,10,43
NY,13455,18,36,14,41
NY,13456,33,56,18,28
NY,13457,21,53,32,47
NY,13459,17,32,11,40
NY,13460,28,53,19,53
NY,13461,24,36,27,56
NY,13464,41,49,18,34
NY,13465,20,57,32,70
NY,13468,33,53,32,46
NY,13469,28,35,31,22
NY,13470,39,36,21,53
NY,13471,23,61,13,32
NY,13472,24,66,19,32
NY,13473,19,33,24,37
NY,13475,16,47,17,64
NY,13476,26,67,26,44
NY,13477,16,40,20,56
NY,13478,15,48,11,42
NY,13479,34,44,20,24
NY,13480,28,33,12,35
NY,13482,24,45,12,60
NY,13483,32,53,31,54
NY,13484,25,51,17,40
NY,13485,15,29,10,52
NY,13486,31,33,21,41
NY,13488,17,44,28,44
NY,13489,39,29,20,20
NY,13490,33,57,28,42
NY,13491,25,56,21,53
NY,13492,45,32,15,23
NY,13493,41,47,12,37
NY,13494,28,30,18,33
NY,13495,32,34,21,66
NY,13501,38,38,18,48
NY,13502,34,60,29,29
NY,13503,21,54,28,28
NY,13504,21,36,19,45
NY,13505,27,28,21,38
NY,13599,28,40,18,40
NY,13601,25,57,22,41
NY,13602,33,30,24,32
NY,13603,31,46,12,32
NY,13605,43,45,23,47
NY,13606,29,27,17,40
NY,13607,27,46,19,46
NY,13608,23,40,24,31
NY,13611,22,31,17,47
NY,13612,14,49,24,46
NY,13613,20,29,21,56
NY,13614,27,60,25,32
NY,13615,43,30,22,49
NY,13616,33,37,33,27
NY,13617,24,40,14,30
NY,13618,15,39,24,43
NY,13619,38,34,20,72
NY,13620,36,42,9,48
NY,13621,32,46,17,20
NY,13622,30,31,11,43
NY,13623,33,61,15,44
NY,13624,33,26,26,22
NY,13625,40,35,12,23
NY,13626,38,42,19,29
NY,13627,36,38,20,41
NY,13628,36,44,26,22
NY,13630,44,30,21,45
NY,13631,21,41,31,37
NY,13632,29,44,19,55
NY,13633,44,51,23,35
NY,13634,30,53,30,34
NY,13635,31,30,28,55
NY,13636,18,36,21,39
NY,13637,36,48,12,31
NY,13638,19,56,15,37
NY,13639,30,24,22,33
NY,13640,26,41,10,36
NY,13641,40,47,16,48
NY,13642,21,48,29,62
NY,13643,30,27,12,50
NY,13645,39,30,27,33
NY,13646,27,41,15,41
NY,13647,28,44,28,24
NY,13648,31,37,27,32
NY,13649,18,38,15,34
NY,13650,33,49,27,39
NY,13651,16,59,28,28
NY,13652,28,23,25,19
NY,13654,19,37,32,47
NY,13655,33,35,13,16
NY,13656,33,50,11,26
NY,13657,17,63,16,59
NY,13658,18,44,18,61
NY,13659,45,62,27,41
NY,13660,43,23,20,40
NY,13661,13,47,11,33
NY,13662,35,36,16,43
NY,13664,34,45,13,44
NY,13665,39,38,26,32
NY,13666,39,44,23,36
NY,13667,43,33,26,35
NY,13668,33,40,16,54
NY,13669,38,41,24,45
NY,13670,22,56,32,39
NY,13671,17,61,34,51
NY,13672,44,36,15,42
NY,13673,32,36,22,93
NY,13674,43,40,18,28
NY,13675,37,25,24,54
NY,13676,35,24,19,26
NY,13677,42,39,17,41
NY,13678,50,52,21,40
NY,13679,18,31,14,25
NY,13680,26,40,14,46
NY,13681,16,31,23,60
NY,13682,32,45,13,55
NY,13683,30,39,31,30
NY,13684,38,46,12,40
NY,13685,17,35,27,25
NY,13687,33,36,10,48
NY,13690,32,35,15,43
NY,13691,26,56,18,26
NY,13692,42,28,15,58
NY,13693,27,25,22,27
NY,13694,30,34,21,68
NY,13695,13,45,31,26
NY,13696,31,35,25,38
NY,13697,18,52,21,48
NY,13699,41,26,13,48
NY,13730,21,52,14,35
NY,13731,25,34,17,46
NY,13732,34,30,27,26
NY,13733,15,31,31,28
NY,13734,17,36,20,33
NY,13736,39,33,26,29
NY,13737,17,39,27,60
NY,13738,29,46,26,31
NY,13739,38,35,25,35
NY,13740,27,41,26,40
NY,13743,17,23,12,24
NY,13744,22,35,15,59
NY,13745,32,50,19,43
NY,13746,20,26,23,51
NY,13747,24,54,24,26
NY,13748,33,47,28,50
NY,13749,24,52,27,52
NY,13750,21,35,27,31
NY,13751,36,55,18,53
NY,13752,31,37,27,20
NY,13753,24,45,27,30
NY,13754,29,67,20,21
NY,13755,38,26,13,31
NY,13756,29,30,34,17
NY,13757,36,44,23,22
NY,13758,33,63,12,34
NY,13760,37,36,28,51
NY,13761,15,35,29,26
NY,13762,24,38,34,50
NY,13763,16,23,28,34
NY,13774,41,35,14,57
NY,13775,31,37,19,61
NY,13776,41,26,28,51
NY,13777,34,50,24,47
NY,13778,23,42,22,21
NY,13780,14,33,21,32
NY,13782,28,20,29,20
NY,13783,42,22,19,39
NY,13784,37,23,10,28
NY,13786,28,39,22,22
NY,13787,38,61,23,68
NY,13788,16,64,14,34
NY,13790,29,26,15,44
NY,13794,23,40,26,30
NY,13795,27,40,21,33
NY,13796,42,42,32,40
NY,13797,42,42,14,42
NY,13801,28,34,29,42
NY,13802,36,31,32,59
NY,13803,33,41,21,42
NY,13804,16,35,30,39
NY,13806,39,48,21,52
NY,13807,33,48,13,22
NY,13808,20,26,25,22
NY,13809,36,30,22,64
NY,13810,27,25,20,29
NY,13811,27,43,9,28
NY,13812,16,23,27,43
NY,13813,18,35,23,41
NY,13814,30,37,19,58
NY,13815,29,46,20,38
NY,13820,32,33,18,36
NY,13825,33,37,22,23
NY,13826,40,39,25,46
NY,13827,40,58,25,35
NY,13830,24,45,13,28
NY,13832,47,30,23,57
NY,13833,39,34,27,37
NY,13834,14,33,26,60
NY,13835,36,49,13,62
NY,13837,26,47,22,50
NY,13838,24,44,29,38
NY,13839,13,50,17,68
NY,13840,23,36,25,43
NY,13841,39,37,28,50
NY,13842,29,48,15,34
NY,13843,32,33,18,44
NY,13844,22,44,19,53
NY,13845,36,49,16,44
NY,13846,19,43,18,42
NY,13847,31,28,30,48
NY,13848,42,50,18,23
NY,13849,24,41,17,37
NY,13850,43,39,30,42
NY,13851,17,36,19,46
NY,13856,35,53,20,52
NY,13859,22,40,11,29
NY,13860,24,39,18,41
NY,13861,35,47,23,41
NY,13862,29,41,21,35
NY,13863,28,54,21,48
NY,13864,33,29,22,51
NY,13865,23,62,20,49
NY,13901,17,65,30,21
NY,13902,25,29,24,31
NY,13903,28,38,26,37
NY,13904,35,42,12,47
NY,13905,17,31,29,25
NY,14001,24,41,19,42
NY,14004,43,26,21,41
NY,14005,39,35,33,46
NY,14006,45,30,27,56
NY,14008,16,29,30,24
NY,14009,41,64,31,28
NY,14010,36,43,9,25
NY,14011,21,26,29,33
NY,14012,39,51,34,19
NY,14013,47,42,17,33
NY,14020,26,50,24,34
NY,14021,25,53,29,28
NY,14024,31,28,31,24
NY,14025,26,34,14,20
NY,14026,15,36,10,61
NY,14027,29,51,16,32
NY,14028,17,27,33,31
NY,14029,37,28,17,21
NY,14030,18,38,19,56
NY,14031,47,29,24,30
NY,14032,34,54,28,42
NY,14033,41,31,18,37
NY,14034,30,48,25,49
NY,14035,29,22,21,39
NY,14036,23,34,27,61
NY,14037,15,46,18,16
NY,14038,39,38,11,40
NY,14039,21,56,33,25
NY,14040,42,42,31,38
NY,14041,23,32,24,27
NY,14042,31,22,15,43
NY,14043,37,35,11,42
NY,14047,17,47,13,54
NY,14048,38,31,30,59
NY,14051,21,23,19,35
NY,14052,31,34,11,49
NY,14054,31,30,26,31
NY,14055,16,33,24,51
NY,14056,45,37,25,44
NY,14057,25,37,14,45
NY,14058,24,42,28,63
NY,14059,41,66,25,32
NY,14060,26,38,28,38
NY,14061,22,31,18,49
NY,14062,45,27,31,40
NY,14063,39,57,13,50
NY,14065,21,30,25,39
NY,14066,17,46,16,23
NY,14067,32,36,11,18
NY,14068,47,56,16,42
NY,14069,34,47,16,25
NY,14070,21,45,24,24
NY,14072,41,56,10,22
NY,14075,41,68,11,30
NY,14080,45,62,28,24
NY,14081,37,33,26,25
NY,14082,28,67,23,38
NY,14083,22,32,16,31
NY,14085,23,30,21,63
NY,14086,24,34,15,27
NY,14091,20,34,9,30
NY,14092,27,33,26,39
NY,14094,41,30,30,41
NY,14095,22,28,20,48
NY,14098,26,31,18,21
NY,14101,21,60,13,50
NY,14102,43,52,16,24
NY,14103,32,48,30,68
NY,14105,16,21,25,37
NY,14107,25,27,28,47
NY,14108,45,58,14,22
NY,14109,38,31,12,53
NY,14110,30,31,24,28
NY,14111,16,64,15,21
NY,14112,17,54,29,22
NY,14113,34,30,24,42
NY,14120,18,42,34,25
NY,14125,39,66,18,50
NY,14126,14,38,32,26
NY,14127,36,35,34,31
NY,14129,27,27,27,62
NY,14130,18,62,15,42
NY,14131,34,40,14,42
NY,14132,17,23,10,31
NY,14133,17,32,16,30
NY,14134,30,43,23,22
NY,14135,18,30,17,21
NY,14136,36,55,24,21
NY,14138,37,33,21,31
NY,14139,24,39,31,40
NY,14140,40,48,33,21
NY,14141,35,47,19,33
NY,14143,32,68,16,56
NY,14144,19,55,28,58
NY,14145,25,35,19,48
NY,14150,34,55,18,53
NY,14151,14,56,16,49
NY,14166,31,36,27,30
NY,14167,22,33,20,46
NY,14168,39,44,27,29
NY,14169,21,41,15,22
NY,14170,39,30,23,53
NY,14171,25,42,10,36
NY,14172,30,36,18,43
NY,14173,37,40,19,45
NY,14174,29,58,25,19
NY,14201,34,39,13,52
NY,14202,29,42,10,49
NY,14203,25,62,18,27
NY,14204,23,31,20,21
NY,14205,46,27,31,38
NY,14206,20,43,20,37
NY,14207,35,41,23,30
NY,14208,26,35,31,37
NY,14209,42,30,28,56
NY,14210,17,29,28,50
NY,14211,31,23,32,49
NY,14212,27,44,12,45
NY,14213,36,33,18,45
NY,14214,32,46,26,33
NY,14215,32,60,29,31
NY,14216,15,39,27,55
NY,14217,41,36,9,54
NY,14218,25,46,12,28
NY,14219,23,53,19,20
NY,14220,27,50,20,36
NY,14221,17,27,26,62
NY,14222,44,30,19,50
NY,14223,18,48,34,37
NY,14224,38,58,32,47
NY,14225,43,29,11,40
NY,14226,26,42,14,24
NY,14227,22,59,30,22
NY,14228,21,43,21,43
NY,14231,21,29,22,30
NY,14233,45,45,25,55
NY,14240,17,43,13,57
NY,14241,34,22,26,66
NY,14260,21,40,23,46
NY,14261,44,27,30,55
NY,14263,18,54,30,35
NY,14264,25,44,19,50
NY,14265,24,37,18,53
NY,14267,29,45,29,38
NY,14269,44,47,30,54
NY,14270,23,34,12,20
NY,14272,27,47,16,25
NY,14273,22,38,18,59
NY,14276,37,51,33,25
NY,14280,37,46,12,35
NY,14301,28,29,24,17
NY,14302,18,63,20,38
NY,14303,34,69,26,34
NY,14304,31,43,18,45
NY,14305,22,23,17,49
NY,14410,40,33,18,27
NY,14411,31,29,30,48
NY,14413,14,38,35,48
NY,14414,26,39,10,53
NY,14415,31,49,22,58
NY,14416,36,25,25,44
NY,14418,14,31,16,41
NY,14420,42,58,12,28
NY,14422,36,37,30,56
NY,14423,26,42,24,41
NY,14424,25,25,24,36
NY,14425,29,30,13,34
NY,14427,24,40,13,40
NY,14428,26,37,26,33
NY,14429,39,31,12,50
NY,14430,37,40,20,41
NY,14432,34,57,32,48
NY,14433,36,22,27,48
NY,14435,30,42,15,24
NY,14437,22,28,29,28
NY,14441,25,51,16,33
NY,14443,35,65,19,36
NY,14445,28,36,22,31
NY,14449,18,23,13,59
NY,14450,30,25,14,37
NY,14452,44,38,22,17
NY,14453,24,29,23,67
NY,14454,40,27,12,68
NY,14456,43,43,24,62
NY,14461,32,32,10,44
NY,14462,19,45,32,40
NY,14463,45,42,12,33
NY,14464,38,44,16,35
NY,14466,40,50,30,31
NY,14467,28,27,23,52
NY,14468,18,35,31,29
NY,14469,39,49,22,47
NY,14470,17,57,14,30
NY,14471,39,27,28,28
NY,14472,17,48,26,54
NY,14475,35,43,24,25
NY,14476,29,45,29,50
NY,14477,35,40,22,35
NY,14478,32,26,23,24
NY,14479,19,45,18,31
NY,14480,20,66,29,39
NY,14481,17,61,19,25
NY,14482,21,41,14,47
NY,14485,35,27,22,45
NY,14486,38,32,11,46
NY,14487,25,51,13,42
NY,14488,42,56,29,56
NY,14489,31,53,16,44
NY,14502,41,39,27,31
NY,14504,20,27,20,59
NY,14505,21,33,24,33
NY,14506,16,30,11,18
NY,14507,21,45,17,33
NY,14508,27,51,20,35
NY,14510,26,44,26,54
NY,14511,27,21,28,46
NY,14512,22,24,25,61
NY,14513,24,22,24,20
NY,14514,18,63,18,67
NY,14515,30,35,22,22
NY,14516,25,44,18,27
NY,14517,34,34,16,27
NY,14518,23,50,18,40
NY,14519,13,32,12,36
NY,14520,28,44,25,47
NY,14521,39,59,25,26
NY,14522,17,30,21,22
NY,14525,36,30,28,30
NY,14526,15,35,22,41
NY,14527,24,41,23,54
NY,14529,38,39,17,30
NY,14530,23,22,19,26
NY,14532,28,51,24,67
NY,14533,29,21,16,31
NY,14534,20,33,11,53
NY,14536,29,49,24,32
NY,14537,31,47,12,64
NY,14538,18,46,22,44
NY,14539,41,34,23,32
NY,14541,38,30,28,51
NY,14542,26,47,19,66
NY,14543,44,41,28,31
NY,14544,28,47,17,56
NY,14545,15,37,13,54
NY,14546,17,33,10,25
NY,14547,24,51,14,31
NY,14548,41,31,26,42
NY,14549,22,44,14,35
NY,14550,16,25,11,39
NY,14551,31,39,21,42
NY,14555,13,27,20,37
NY,14556,13,53,16,54
NY,14557,15,21,18,51
NY,14558,42,45,15,28
NY,14559,35,57,23,41
NY,14560,33,30,11,54
NY,14561,29,48,26,43
NY,14563,19,32,34,42
NY,14564,35,36,12,43
NY,14568,30,29,17,21
NY,14569,46,48,16,43
NY,14571,29,26,14,47
NY,14572,49,37,25,57
NY,14580,48,32,26,20
NY,14585,37,42,30,35
NY,14586,33,42,35,61
NY,14588,23,52,16,38
NY,14589,20,49,25,23
NY,14590,31,49,23,47
NY,14591,42,46,16,31
NY,14592,27,90,46,40
NY,14602,44,31,12,23
NY,14603,39,48,32,20
NY,14604,21,41,22,20
NY,14605,34,64,23,47
NY,14606,38,30,20,29
NY,14607,17,38,22,68
NY,14608,19,50,18,26
NY,14609,39,51,12,30
NY,14610,17,32,31,26
NY,14611,17,57,26,45
NY,14612,36,47,30,41
NY,14613,39,42,31,57
NY,14614,45,47,21,28
NY,14615,32,45,12,40
NY,14616,40,42,20,27
NY,14617,19,43,26,60
NY,14618,24,23,19,35
NY,14619,28,58,13,32
NY,14620,45,30,29,21
NY,14621,26,36,13,48
NY,14622,31,57,15,31
NY,14623,39,40,12,30
NY,14624,29,49,20,35
NY,14625,37,23,25,30
NY,14626,46,31,23,67
NY,14627,24,30,28,60
NY,14638,31,41,9,27
NY,14639,46,50,17,34
NY,14642,23,36,25,34
NY,14643,30,44,19,31
NY,14644,34,34,22,30
NY,14645,34,46,24,23
NY,14646,39,32,15,47
NY,14647,41,60,31,24
NY,14649,39,45,14,42
NY,14650,25,25,27,31
NY,14651,23,30,18,54
NY,14652,18,57,15,20
NY,14653,43,45,17,43
NY,14664,21,52,35,25
NY,14673,27,32,16,22
NY,14683,25,38,31,30
NY,14692,28,47,28,22
NY,14694,23,54,10,53
NY,14701,38,39,20,23
NY,14702,47,47,17,49
NY,14706,34,38,15,39
NY,14707,26,34,14,56
NY,14708,20,46,24,58
NY,14709,37,37,20,53
NY,14710,21,26,11,26
NY,14711,40,55,25,38
NY,14712,18,47,28,54
NY,14714,30,23,17,47
NY,14715,42,42,30,30
NY,14716,28,31,10,60
NY,14717,26,57,26,23
NY,14718,24,58,12,61
NY,14719,34,28,24,19
NY,14720,41,48,25,57
NY,14721,43,45,16,46
NY,14722,19,22,18,33
NY,14723,34,40,30,59
NY,14724,43,39,22,35
NY,14726,26,42,19,32
NY,14727,28,22,20,48
NY,14728,24,47,33,34
NY,14729,17,56,18,22
NY,14730,31,48,24,39
NY,14731,16,57,29,57
NY,14732,32,39,22,30
NY,14733,34,62,11,23
NY,14735,18,49,13,55
NY,14736,23,32,17,26
NY,14737,30,29,30,31
NY,14738,43,44,26,46
NY,14739,30,25,22,27
NY,14740,28,48,11,34
NY,14741,31,40,26,33
NY,14742,27,57,21,63
NY,14743,23,36,10,31
NY,14744,30,36,29,36
NY,14745,15,33,11,33
NY,14747,29,45,14,22
NY,14748,30,53,21,24
NY,14750,25,39,23,59
NY,14751,43,42,16,21
NY,14752,40,65,23,62
NY,14753,41,49,22,32
NY,14754,23,35,28,70
NY,14755,36,31,14,31
NY,14756,15,50,29,38
NY,14757,35,37,14,46
NY,14758,22,42,26,57
NY,14760,28,48,28,31
NY,14766,42,43,21,50
NY,14767,23,37,24,44
NY,14769,20,57,28,25
NY,14770,30,37,19,42
NY,14772,16,51,19,27
NY,14774,44,44,27,63
NY,14775,15,41,16,59
NY,14777,21,44,19,24
NY,14778,26,47,22,22
NY,14779,30,48,15,71
NY,14781,33,41,24,51
NY,14782,31,26,22,56
NY,14783,33,30,23,38
NY,14784,29,26,20,30
NY,14785,16,39,23,47
NY,14786,16,42,32,26
NY,14787,18,32,24,41
NY,14788,31,42,20,53
NY,14801,23,63,27,38
NY,14802,16,46,25,24
NY,14803,33,39,9,33
NY,14804,22,53,13,52
NY,14805,19,28,29,59
NY,14806,24,32,9,48
NY,14807,36,58,30,23
NY,14808,49,66,29,31
NY,14809,32,41,15,24
NY,14810,16,49,17,65
NY,14812,14,41,15,33
NY,14813,35,39,20,34
NY,14814,30,24,23,53
NY,14815,18,56,11,32
NY,14816,37,31,19,40
NY,14817,22,61,29,38
NY,14818,35,46,15,33
NY,14819,42,60,24,29
NY,14820,24,66,25,45
NY,14821,36,36,21,61
NY,14822,27,34,23,45
NY,14823,34,65,15,31
NY,14824,31,48,27,49
NY,14825,14,52,11,41
NY,14826,29,40,25,15
NY,14827,18,30,16,22
NY,14830,17,47,22,32
NY,14831,22,28,26,21
NY,14836,14,33,24,29
NY,14837,35,62,20,36
NY,14838,20,42,17,31
NY,14839,44,35,24,49
NY,14840,40,35,23,53
NY,14841,35,51,15,49
NY,14842,28,36,18,28
NY,14843,35,38,19,44
NY,14845,36,58,28,47
NY,14846,14,44,11,24
NY,14847,34,36,27,66
NY,14850,27,45,20,36
NY,14851,36,61,24,41
NY,14852,16,29,18,48
NY,14853,33,23,20,52
NY,14854,16,29,22,34
NY,14855,38,38,24,48
NY,14856,38,43,21,60
NY,14857,29,24,27,17
NY,14858,24,26,23,37
NY,14859,16,42,19,26
NY,14860,35,35,26,17
NY,14861,26,38,28,41
NY,14863,14,37,13,57
NY,14864,18,38,31,42
NY,14865,38,31,15,43
NY,14867,40,20,20,45
NY,14869,34,33,16,38
NY,14870,31,38,25,41
NY,14871,17,66,22,35
NY,14872,22,36,14,39
NY,14873,14,48,11,24
NY,14874,32,31,27,42
NY,14876,25,42,32,66
NY,14877,37,34,16,21
NY,14878,38,28,16,39
NY,14879,31,57,12,37
NY,14880,21,39,15,39
NY,14881,31,48,25,40
NY,14882,24,38,13,45
NY,14883,27,34,24,25
NY,14884,25,23,17,43
NY,14885,16,33,13,43
NY,14886,32,55,15,49
NY,14887,17,35,19,30
NY,14889,20,24,25,40
NY,14891,39,30,21,24
NY,14892,18,41,16,28
NY,14893,35,34,20,34
NY,14894,32,43,26,35
NY,14895,22,62,23,71
NY,14897,15,43,23,55
NY,14898,45,66,21,33
NY,14901,39,48,16,60
NY,14902,43,23,16,24
NY,14903,34,51,32,56
NY,14904,39,50,28,30
NY,14905,21,39,30,57
NY,14925,33,30,16,35
PA,15001,32,45,14,22
PA,15003,16,41,22,26
PA,15004,13,38,28,34
PA,15005,27,28,18,28
PA,15006,13,25,13,43
PA,15007,21,19,25,20
PA,15009,27,50,32,35
PA,15010,31,36,10,44
PA,15012,28,31,29,33
PA,15014,29,33,28,24
PA,15015,30,52,23,28
PA,15017,27,42,28,34
PA,15018,24,24,29,30
PA,15019,32,28,13,25
PA,15020,22,38,31,48
PA,15021,19,26,19,47
PA,15022,28,50,30,61
PA,15024,12,23,18,24
PA,15025,35,20,22,25
PA,15026,32,26,13,37
PA,15027,21,45,11,35
PA,15028,32,25,16,41
PA,15030,21,33,25,36
PA,15031,28,26,12,30
PA,15032,14,42,12,58
PA,15033,30,24,25,65
PA,15034,28,44,23,30
PA,15035,14,50,29,34
PA,15037,27,27,17,18
PA,15038,25,19,11,56
PA,15042,33,18,19,28
PA,15043,14,45,25,50
PA,15044,35,26,27,46
PA,15045,22,34,19,56
PA,15046,21,43,16,58
PA,15047,24,29,25,69
PA,15049,14,36,25,52
PA,15050,28,26,14,21
PA,15051,31,38,12,35
PA,15052,24,22,27,30
PA,15053,17,23,20,19
PA,15054,35,34,11,22
PA,15055,23,22,9,26
PA,15056,26,51,14,37
PA,15057,36,36,16,49
PA,15059,18,30,33,22
PA,15060,33,36,33,31
PA,15061,27,25,21,60
PA,15062,31,28,10,62
PA,15063,12,48,9,30
PA,15064,32,51,21,61
PA,15065,20,38,13,38
PA,15066,20,29,20,34
PA,15067,20,39,27,38
PA,15068,25,41,29,46
PA,15069,22,26,21,32
PA,15071,23,27,20,56
PA,15072,22,48,25,22
PA,15074,12,30,24,49
PA,15075,27,22,12,48
PA,15076,25,21,14,63
PA,15077,30,37,32,31
PA,15078,18,35,32,54
PA,15081,16,37,17,36
PA,15082,20,25,28,45
PA,15083,20,30,26,55
PA,15084,28,32,19,16
PA,15085,25,17,10,19
PA,15086,32,35,33,40
PA,15087,37,26,27,41
PA,15088,14,40,23,23
PA,15089,28,45,9,24
PA,15090,12,20,13,21
PA,15091,15,38,11,49
PA,15095,20,19,21,56
PA,15096,27,24,26,36
PA,15101,28,24,15,26
PA,15102,31,50,15,16
PA,15104,17,28,27,47
PA,15106,35,22,25,36
PA,15108,14,42,11,31
PA,15110,34,34,15,66
PA,15112,17,37,18,30
PA,15116,11,23,18,39
PA,15120,19,25,32,49
PA,15122,18,49,30,52
PA,15123,31,22,23,29
PA,15126,28,19,22,54
PA,15127,17,36,16,31
PA,15129,23,37,17,32
PA,15131,18,24,15,48
PA,15132,30,24,28,27
PA,15133,30,50,26,53
PA,15134,27,36,30,57
PA,15135,38,36,31,38
PA,15136,26,31,19,41
PA,15137,32,26,24,41
PA,15139,32,36,29,44
PA,15140,14,47,10,39
PA,15142,13,50,26,43
PA,15143,16,49,16,31
PA,15144,31,39,28,45
PA,15145,33,39,24,69
PA,15146,30,18,16,58
PA,15147,15,50,12,44
PA,15148,24,23,13,23
PA,15201,25,39,27,42
PA,15202,33,48,21,28
PA,15203,27,49,30,43
PA,15204,16,44,10,25
PA,15205,24,25,10,26
PA,15206,20,25,16,36
PA,15207,33,25,18,24
PA,15208,23,40,31,25
PA,15209,13,34,29,18
PA,15210,16,24,10,27
PA,15211,19,38,17,25
PA,15212,16,34,15,30
PA,15213,22,55,25,46
PA,15214,35,21,16,49
PA,15215,30,24,33,24
PA,15216,15,32,28,22
PA,15217,33,20,22,33
PA,15218,38,52,10,62
PA,15219,13,41,26,25
PA,15220,20,24,20,56
PA,15221,22,38,28,30
PA,15222,29,34,34,45
PA,15223,24,33,16,42
PA,15224,32,36,20,33
PA,15225,14,40,16,54
PA,15226,35,48,10,36
PA,15227,32,25,25,27
PA,15228,26,40,25,24
PA,15229,18,24,31,39
PA,15230,14,29,25,53
PA,15231,22,27,13,25
PA,15232,28,32,32,32
PA,15233,15,43,11,59
PA,15234,32,35,25,37
PA,15235,18,44,13,27
PA,15236,19,26,21,50
PA,15237,23,39,31,47
PA,15238,28,47,22,52
PA,15239,28,40,27,36
PA,15240,34,34,9,45
PA,15241,13,49,19,23
PA,15242,19,47,24,49
PA,15243,15,31,32,40
PA,15244,22,41,17,64
PA,15250,26,25,27,25
PA,15251,26,39,23,36
PA,15252,33,51,13,62
PA,15253,11,29,13,22
PA,15254,21,19,28,36
PA,15255,14,26,13,67
PA,15257,32,43,12,35
PA,15258,16,49,31,31
PA,15259,16,24,14,43
PA,15260,16,24,25,22
PA,15261,29,28,10,27
PA,15262,25,31,26,45
PA,15263,14,39,23,35
PA,15264,25,23,21,44
PA,15265,27,34,15,28
PA,15266,34,24,27,41
PA,15267,19,52,30,34
PA,15268,32,33,18,28
PA,15270,14,25,18,18
PA,15272,27,29,28,22
PA,15273,36,25,22,22
PA,15274,14,22,9,58
PA,15275,32,46,18,27
PA,15276,18,20,28,47
PA,15277,20,52,18,45
PA,15278,14,19,30,38
PA,15279,33,33,30,16
PA,15281,12,24,27,40
PA,15282,40,32,13,30
PA,15283,25,43,17,27
PA,15285,22,30,14,51
PA,15286,27,38,11,41
PA,15288,30,44,22,58
PA,15289,23,30,10,42
PA,15290,14,42,33,49
PA,15295,15,38,10,19
PA,15301,23,37,14,37
PA,15310,14,27,13,30
PA,15311,17,35,18,24
PA,15312,28,26,19,67
PA,15313,24,45,25,27
PA,15314,22,30,30,23
PA,15315,26,36,11,28
PA,15316,13,30,30,41
PA,15317,12,36,27,20
PA,15320,22,25,29,43
PA,15321,17,40,11,48
PA,15322,20,36,25,22
PA,15323,31,21,29,39
PA,15324,20,38,32,26
PA,15325,14,35,26,20
PA,15327,29,47,14,20
PA,15329,23,38,26,63
PA,15330,20,40,27,50
PA,15331,24,25,17,23
PA,15332,21,35,32,50
PA,15333,14,28,33,42
PA,15334,20,22,24,68
PA,15336,28,46,11,49
PA,15337,19,42,17,35
PA,15338,12,32,13,37
PA,15339,31,29,31,43
PA,15340,30,30,20,36
PA,15341,33,20,10,23
PA,15342,28,49,49,46
PA,15344,24,37,13,30
PA,15345,26,17,23,64
PA,15346,21,34,26,48
PA,15347,14,43,22,25
PA,15348,11,42,12,23
PA,15349,37,48,22,49
PA,15350,30,34,27,24
PA,15351,15,26,32,59
PA,15352,19,28,18,32
PA,15353,29,44,17,58
PA,15357,23,32,9,56
PA,15358,16,26,18,50
PA,15359,18,27,15,28
PA,15360,34,31,17,40
PA,15361,32,25,16,44
PA,15362,23,28,25,32
PA,15363,14,26,13,30
PA,15364,37,20,25,47
PA,15365,18,37,21,54
PA,15366,13,36,20,33
PA,15367,16,30,33,41
PA,15368,34,40,22,31
PA,15370,33,43,23,26
PA,15376,24,22,11,33
PA,15377,20,43,31,34
PA,15378,33,35,16,38
PA,15379,41,23,11,51
PA,15380,37,38,19,19
PA,15401,14,26,34,39
PA,15410,29,28,17,17
PA,15411,27,24,15,26
PA,15412,14,52,23,28
PA,15413,33,29,23,37
PA,15415,33,42,35,42
PA,15416,19,49,27,25
PA,15417,11,46,30,32
PA,15419,24,35,23,34
PA,15420,30,36,10,20
PA,15421,11,24,24,23
PA,15422,32,29,28,34
PA,15423,11,27,18,30
PA,15424,20,35,14,39
PA,15425,27,47,21,43
PA,15427,33,49,22,38
PA,15428,25,47,16,36
PA,15429,18,43,29,29
PA,15430,30,36,15,41
PA,15431,29,46,12,22
PA,15432,36,33,29,47
PA,15433,24,36,22,51
PA,15434,21,24,12,37
PA,15435,36,33,29,17
PA,15436,36,35,16,26
PA,15437,27,39,16,17
PA,15438,14,22,23,25
PA,15439,31,30,18,52
PA,15440,11,37,29,58
PA,15442,20,21,26,19
PA,15443,19,27,27,37
PA,15444,35,33,10,54
PA,15445,36,36,19,36
PA,15446,18,29,29,38
PA,15447,21,18,11,22
PA,15448,19,31,22,35
PA,15449,17,29,15,34
PA,15450,29,24,28,39
PA,15451,20,42,29,26
PA,15454,29,37,30,20
PA,15455,13,27,11,55
PA,15456,16,24,19,18
PA,15458,25,19,27,69
PA,15459,20,52,9,43
PA,15460,16,32,12,21
PA,15461,11,19,16,21
PA,15462,22,26,25,51
PA,15463,15,49,29,38
PA,15464,28,20,16,34
PA,15465,24,22,17,24
PA,15466,18,42,9,30
PA,15467,18,19,18,31
PA,15468,18,43,28,35
PA,15469,17,44,20,24
PA,15470,41,34,31,54
PA,15472,20,28,29,26
PA,15473,11,34,17,58
PA,15474,20,32,23,60
PA,15475,25,25,13,46
PA,15476,40,29,17,27
PA,15477,21,37,26,46
PA,15478,30,21,24,61
PA,15479,20,32,23,41
PA,15480,17,31,9,32
PA,15482,31,32,22,54
PA,15483,36,26,13,41
PA,15484,33,47,19,32
PA,15485,18,34,11,24
PA,15486,34,18,20,49
PA,15488,21,28,32,61
PA,15489,30,36,27,51
PA,15490,14,45,31,42
PA,15492,20,21,17,41
PA,15501,12,33,25,39
PA,15502,34,25,19,34
PA,15510,11,26,19,30
PA,15520,22,37,12,41
PA,15521,27,37,23,24
PA,15522,12,24,27,52
PA,15530,19,21,19,20
PA,15531,35,44,15,55
PA,15532,27,43,27,17
PA,15533,36,27,19,50
PA,15534,18,52,23,49
PA,15535,19,38,9,54
PA,15536,29,46,29,40
PA,15537,28,36,23,31
PA,15538,13,28,19,53
PA,15539,18,39,24,29
PA,15540,16,41,13,18
PA,15541,23,38,30,46
PA,15542,22,35,29,53
PA,15544,26,33,33,33
PA,15545,40,34,27,27
PA,15546,28,30,23,40
PA,15547,26,35,17,19
PA,15548,31,32,17,46
PA,15549,32,32,22,51
PA,15550,22,29,11,39
PA,15551,14,26,10,18
PA,15552,17,22,26,28
PA,15553,35,40,30,40
PA,15554,33,22,28,28
PA,15555,13,51,11,38
PA,15557,18,39,30,36
PA,15558,21,24,21,55
PA,15559,22,46,29,53
PA,15560,22,27,18,32
PA,15561,13,20,28,66
PA,15562,28,33,29,40
PA,15563,25,32,22,50
PA,15564,25,22,13,29
PA,15565,14,35,25,51
PA,15601,12,26,14,19
PA,15605,38,41,28,27
PA,15606,27,23,21,18
PA,15610,20,38,12,43
PA,15611,26,36,14,19
PA,15612,35,26,21,38
PA,15613,22,57,30,22
PA,15615,24,32,13,48
PA,15616,18,21,15,41
PA,15617,18,25,26,43
PA,15618,30,20,27,49
PA,15619,25,31,11,31
PA,15620,23,29,34,37
PA,15621,27,29,12,71
PA,15622,21,16,18,46
PA,15623,20,42,15,47
PA,15624,28,20,32,28
PA,15625,33,47,22,44
PA,15626,34,37,27,65
PA,15627,35,25,20,23
PA,15628,18,28,22,42
PA,15629,24,31,11,44
PA,15631,12,38,26,62
PA,15632,27,29,19,23
PA,15633,29,32,15,53
PA,15634,17,33,25,55
PA,15635,34,45,33,21
PA,15636,27,18,25,30
PA,15637,30,22,32,28
PA,15638,20,28,26,39
PA,15639,24,53,10,55
PA,15640,20,41,17,72
PA,15641,24,47,12,59
PA,15642,20,23,23,39
PA,15644,20,43,29,38
PA,15646,16,37,18,45
PA,15647,16,26,27,32
PA,15650,29,25,12,33
PA,15655,22,25,16,41
PA,15656,29,29,29,31
PA,15658,27,44,15,43
PA,15660,23,24,18,38
PA,15661,34,31,25,35
PA,15662,30,29,16,45
PA,15663,25,22,17,25
PA,15664,16,41,19,24
PA,15665,20,42,14,39
PA,15666,13,35,22,50
PA,15668,17,23,16,53
PA,15670,39,47,28,36
PA,15671,24,50,32,31
PA,15672,30,32,26,51
PA,15673,35,26,17,41
PA,15674,22,29,13,39
PA,15675,26,42,13,47
PA,15676,37,19,26,32
PA,15677,24,37,14,23
PA,15678,20,37,17,32
PA,15679,13,31,15,36
PA,15680,30,31,24,54
PA,15681,25,29,14,21
PA,15682,33,35,22,18
PA,15683,30,43,19,48
PA,15684,27,32,22,32
PA,15685,13,21,19,27
PA,15686,12,38,23,33
PA,15687,39,22,16,19
PA,15688,28,29,31,50
PA,15689,33,39,9,23
PA,15690,32,16,26,20
PA,15691,28,34,10,20
PA,15692,20,27,34,33
PA,15693,14,28,24,56
PA,15695,22,41,13,39
PA,15696,15,32,30,55
PA,15697,18,35,29,52
PA,15698,35,38,35,23
PA,15701,36,20,19,33
PA,15705,19,22,29,58
PA,15710,34,47,29,55
PA,15711,21,31,19,41
PA,15712,26,44,28,57
PA,15713,36,36,31,17
PA,15714,20,27,31,35
PA,15715,29,29,31,52
PA,15716,16,39,24,33
PA,15717,16,30,31,54
PA,15720,21,27,28,41
PA,15721,23,32,15,53
PA,15722,36,55,21,18
PA,15723,18,54,31,39
PA,15724,27,20,32,47
PA,15725,28,56,24,17
PA,15727,27,51,17,23
PA,15728,22,46,27,41
PA,15729,22,29,30,34
PA,15730,15,31,15,30
PA,15731,18,43,30,58
PA,15732,33,17,15,39
PA,15733,20,33,13,41
PA,15734,27,33,22,70
PA,15736,22,25,23,43
PA,15737,29,51,13,31
PA,15738,28,25,25,26
PA,15739,12,21,15,48
PA,15740,33,34,11,56
PA,15741,36,31,9,40
PA,15742,32,41,14,65
PA,15744,23,40,22,25
PA,15745,28,38,23,65
PA,15746,36,28,28,46
PA,15747,27,25,18,66
PA,15748,20,27,29,44
PA,15750,20,30,21,31
PA,15752,30,33,21,44
PA,15753,24,27,22,40
PA,15754,27,29,13,26
PA,15756,17,29,17,29
PA,15757,13,30,11,20
PA,15758,33,29,26,31
PA,15759,24,18,15,31
PA,15760,29,44,10,39
PA,15761,29,48,11,42
PA,15762,23,37,14,28
PA,15763,25,40,27,28
PA,15764,14,27,23,43
PA,15765,21,39,18,41
PA,15767,28,35,18,36
PA,15770,26,28,21,61
PA,15771,15,24,28,32
PA,15772,28,24,30,46
PA,15773,17,47,17,41
PA,15774,15,22,26,32
PA,15775,28,23,19,20
PA,15776,22,35,15,20
PA,15777,23,35,29,23
PA,15778,28,39,21,47
PA,15779,21,16,17,58
PA,15780,17,45,24,40
PA,15781,22,29,24,28
PA,15783,11,24,13,28
PA,15784,25,43,21,41
PA,15801,25,39,19,37
PA,15821,12,30,13,33
PA,15822,19,34,30,27
PA,15823,29,32,21,30
PA,15824,26,32,24,38
PA,15825,40,27,31,32
PA,15827,26,27,13,34
PA,15828,22,30,22,51
PA,15829,13,37,28,52
PA,15831,32,21,14,38
PA,15832,21,33,22,44
PA,15834,26,32,21,49
PA,15840,24,33,19,22
PA,15841,15,28,35,51
PA,15845,28,49,17,58
PA,15846,22,40,29,33
PA,15847,33,25,29,51
PA,15848,14,48,20,33
PA,15849,13,27,10,52
PA,15851,24,43,30,47
PA,15853,19,24,14,32
PA,15856,26,44,15,39
PA,15857,29,26,15,51
PA,15860,18,44,9,45
PA,15861,32,34,25,38
PA,15863,33,33,17,26
PA,15864,27,49,23,48
PA,15865,21,32,12,58
PA,15866,24,43,20,33
PA,15868,22,25,15,34
PA,15870,27,21,28,39
PA,15901,26,25,16,16
PA,15902,26,22,21,43
PA,15904,24,32,17,33
PA,15905,22,40,14,54
PA,15906,25,21,18,32
PA,15907,14,48,25,65
PA,15909,30,33,23,29
PA,15915,23,27,13,19
PA,15920,35,30,34,68
PA,15921,17,38,15,56
PA,15922,11,51,29,54
PA,15923,20,41,10,26
PA,15924,22,43,17,55
PA,15925,15,34,15,24
PA,15926,35,43,16,32
PA,15927,19,19,26,39
PA,15928,16,28,17,41
PA,15929,31,37,28,58
PA,15930,16,21,16,39
PA,15931,25,27,21,26
PA,15934,39,33,16,40
PA,15935,16,39,27,50
PA,15936,31,23,23,48
PA,15937,31,30,18,27
PA,15938,17,24,28,55
PA,15940,15,38,23,31
PA,15942,17,30,9,29
PA,15943,29,29,10,55
PA,15944,31,40,21,29
PA,15945,15,52,17,46
PA,15946,27,42,30,31
PA,15948,22,55,23,25
PA,15949,18,31,10,56
PA,15951,15,36,10,32
PA,15952,29,21,15,23
PA,15953,19,37,26,26
PA,15954,13,24,22,17
PA,15955,25,44,29,44
PA,15956,32,43,21,28
PA,15957,19,37,18,17
PA,15958,14,36,11,59
PA,15959,21,31,12,45
PA,15960,13,40,30,33
PA,15961,19,37,23,39
PA,15962,14,39,25,59
PA,15963,31,34,29,62
PA,16001,17,44,19,32
PA,16002,20,24,19,45
PA,16003,25,49,29,41
PA,16016,14,51,31,26
PA,16017,14,36,14,51
PA,16018,19,24,19,25
PA,16020,27,25,22,32
PA,16021,33,23,24,24
PA,16022,20,34,11,55
PA,16023,21,26,24,35
PA,16024,32,20,32,63
PA,16025,14,23,20,44
PA,16027,28,46,20,46
PA,16028,22,36,26,36
PA,16029,15,21,16,47
PA,16030,19,38,13,31
PA,16033,22,41,10,31
PA,16034,11,31,23,28
PA,16035,30,20,13,64
PA,16036,12,36,19,71
PA,16037,12,39,24,29
PA,16038,23,30,16,36
PA,16039,35,25,18,20
PA,16040,27,36,14,60
PA,16041,35,41,28,42
PA,16045,16,47,29,46
PA,16046,19,29,25,42
PA,16048,20,27,24,46
PA,16049,32,28,23,48
PA,16050,33,23,13,60
PA,16051,28,26,17,36
PA,16052,33,34,25,31
PA,16053,13,48,30,41
PA,16054,20,46,24,48
PA,16055,34,45,9,53
PA,16056,15,35,12,36
PA,16057,39,24,25,25
PA,16058,28,47,10,35
PA,16059,13,38,14,18
PA,16061,26,26,19,29
PA,16063,36,23,9,48
PA,16066,24,48,19,53
PA,16101,27,28,10,39
PA,16102,23,42,34,39
PA,16103,29,25,20,44
PA,16105,20,25,26,20
PA,16107,23,31,19,47
PA,16108,33,22,16,23
PA,16110,37,25,31,59
PA,16111,23,50,24,33
PA,16112,23,31,33,34
PA,16113,32,31,28,64
PA,16114,34,18,26,44
PA,16115,27,20,22,23
PA,16116,18,33,25,33
PA,16117,14,28,14,68
PA,16120,25,31,26,48
PA,16121,11,49,12,57
PA,16123,27,30,26,47
PA,16124,21,40,25,51
PA,16125,12,26,21,36
PA,16127,27,46,23,57
PA,16130,18,27,30,42
PA,16131,30,47,24,68
PA,16132,31,35,25,39
PA,16133,21,32,15,34
PA,16134,15,22,23,51
PA,16136,28,37,23,43
PA,16137,17,31,23,19
PA,16140,25,42,9,38
PA,16141,32,32,14,49
PA,16142,13,29,25,54
PA,16143,23,39,13,52
PA,16145,20,25,23,33
PA,16146,31,21,28,22
PA,16148,29,55,29,36
PA,16150,20,19,18,60
PA,16151,29,42,26,27
PA,16153,14,20,12,41
PA,16154,38,27,17,32
PA,16155,28,27,22,70
PA,16156,28,36,31,20
PA,16157,17,46,11,21
PA,16159,26,35,32,37
PA,16160,41,30,17,36
PA,16161,25,18,23,56
PA,16172,14,45,32,34
PA,16201,16,38,21,45
PA,16210,20,24,11,27
PA,16211,12,32,33,60
PA,16212,12,36,30,34
PA,16213,21,33,13,24
PA,16214,27,51,26,35
PA,16215,19,21,22,21
PA,16217,24,47,23,29
PA,16218,22,36,26,28
PA,16220,21,43,25,37
PA,16221,18,38,17,55
PA,16222,27,38,9,43
PA,16223,31,40,29,23
PA,16224,15,52,27,36
PA,16225,17,31,25,48
PA,16226,19,30,29,32
PA,16228,12,21,22,48
PA,16229,17,34,12,22
PA,16230,24,40,28,23
PA,16232,16,33,19,21
PA,16233,22,45,30,41
PA,16234,12,47,26,33
PA,16235,36,37,12,35
PA,16236,28,40,29,26
PA,16238,16,27,12,39
PA,16239,13,26,14,47
PA,16240,24,16,19,26
PA,16242,35,29,25,57
PA,16244,17,26,17,32
PA,16245,22,34,23,47
PA,16246,34,31,13,24
PA,16248,24,39,13,30
PA,16249,28,45,23,35
PA,16250,15,53,13,34
PA,16253,22,54,11,56
PA,16254,28,45,21,36
PA,16255,21,25,35,41
PA,16256,29,24,16,40
PA,16257,21,31,27,26
PA,16258,10,33,28,69
PA,16259,39,42,21,49
PA,16260,34,22,31,28
PA,16261,28,34,31,36
PA,16262,25,31,16,46
PA,16263,31,34,26,34
PA,16301,24,35,14,17
PA,16311,27,27,20,40
PA,16312,21,41,29,48
PA,16313,15,26,33,46
PA,16314,10,51,18,22
PA,16316,21,41,12,52
PA,16317,30,40,32,26
PA,16319,23,27,15,49
PA,16321,27,46,32,28
PA,16322,29,38,28,53
PA,16323,18,45,23,43
PA,16326,28,51,26,42
PA,16327,29,47,32,43
PA,16328,36,28,24,30
PA,16329,24,24,19,38
PA,16331,20,39,25,24
PA,16332,19,28,16,29
PA,16333,20,35,18,42
PA,16334,23,35,17,32
PA,16335,12,45,32,40
PA,16340,16,35,24,59
PA,16341,18,35,23,44
PA,16342,27,24,16,50
PA,16343,28,53,18,21
PA,16344,32,27,18,29
PA,16345,39,39,22,50
PA,16346,12,49,20,27
PA,16347,34,26,31,41
PA,16350,23,38,12,55
PA,16351,21,32,19,66
PA,16352,13,54,29,34
PA,16353,21,18,31,25
PA,16354,17,46,16,25
PA,16360,34,50,22,59
PA,16361,20,43,28,33
PA,16362,39,36,23,27
PA,16364,13,32,32,51
PA,16365,18,31,33,27
PA,16366,20,39,16,26
PA,16367,35,42,31,21
PA,16368,12,39,16,49
PA,16369,37,23,28,33
PA,16370,14,20,28,46
PA,16371,19,40,11,52
PA,16372,28,55,17,23
PA,16373,35,31,13,32
PA,16374,33,27,24,19
PA,16375,14,32,19,21
PA,16388,13,41,33,19
PA,16401,26,24,33,59
PA,16402,14,34,20,37
PA,16403,35,37,11,47
PA,16404,30,23,17,36
PA,16405,28,56,22,16
PA,16406,21,33,27,33
PA,16407,32,41,20,54
PA,16410,33,32,25,59
PA,16411,32,37,32,49
PA,16412,15,42,29,44
PA,16413,41,22,16,22
PA,16415,15,41,24,43
PA,16416,23,41,15,30
PA,16417,19,33,9,55
PA,16420,17,34,29,48
PA,16421,21,33,30,34
PA,16422,21,36,12,62
PA,16423,22,27,19,43
PA,16424,29,23,27,66
PA,16426,25,28,18,43
PA,16427,24,55,18,45
PA,16428,20,50,20,22
PA,16430,10,41,22,20
PA,16432,20,24,15,47
PA,16433,29,26,24,65
PA,16434,36,26,27,50
PA,16435,20,49,22,54
PA,16436,24,25,16,24
PA,16438,16,23,14,29
PA,16440,27,22,20,23
PA,16441,22,24,29,45
PA,16442,40,35,16,48
PA,16443,16,39,24,52
PA,16444,25,56,25,53
PA,16475,34,35,25,61
PA,16501,24,38,17,43
PA,16502,18,45,29,42
PA,16503,21,24,17,35
PA,16504,17,53,20,24
PA,16505,22,30,11,41
PA,16506,24,42,31,34
PA,16507,28,33,15,32
PA,16508,12,25,15,33
PA,16509,30,52,33,27
PA,16510,26,27,28,48
PA,16511,33,23,28,35
PA,16512,30,50,17,44
PA,16514,16,23,28,28
PA,16515,33,33,22,24
PA,16522,35,33,26,38
PA,16530,24,29,31,34
PA,16531,23,47,20,54
PA,16532,25,39,30,41
PA,16533,12,23,27,54
PA,16534,31,42,22,20
PA,16538,27,32,35,57
PA,16541,14,31,10,40
PA,16544,31,42,19,36
PA,16546,18,42,20,68
PA,16550,22,34,18,53
PA,16553,20,40,20,27
PA,16554,33,27,21,27
PA,16563,31,30,13,54
PA,16565,31,51,27,35
PA,16601,28,36,16,41
PA,16602,29,33,18,31
PA,16603,17,36,11,20
PA,16611,41,43,29,46
PA,16613,20,30,16,49
PA,16616,15,32,19,27
PA,16617,13,27,26,36
PA,16619,23,46,13,55
PA,16620,24,24,14,48
PA,16621,24,40,27,42
PA,16622,12,34,11,41
PA,16623,36,40,34,39
PA,16624,25,35,33,35
PA,16625,26,38,24,62
PA,16627,32,21,18,16
PA,16629,23,26,23,46
PA,16630,15,37,26,62
PA,16631,15,42,30,42
PA,16633,34,20,12,29
PA,16634,27,30,25,28
PA,16635,28,31,19,18
PA,16636,25,28,22,26
PA,16637,12,26,25,49
PA,16638,28,32,25,56
PA,16639,19,34,26,35
PA,16640,29,24,28,25
PA,16641,13,20,27,56
PA,16644,29,46,13,26
PA,16645,29,36,22,36
PA,16646,31,23,21,51
PA,16647,30,26,15,32
PA,16648,27,43,31,24
PA,16650,26,44,18,38
PA,16651,28,36,31,28
PA,16652,26,31,12,40
PA,16654,34,40,27,27
PA,16655,28,51,15,56
PA,16656,22,32,11,41
PA,16657,29,36,10,45
PA,16659,24,37,27,63
PA,16660,32,32,13,45
PA,16661,17,46,20,46
PA,16662,34,38,27,29
PA,16663,29,36,27,52
PA,16664,13,41,17,42
PA,16665,38,30,16,62
PA,16666,28,27,23,37
PA,16667,36,28,25,48
PA,16668,32,49,14,27
PA,16669,12,33,19,51
PA,16670,19,41,24,48
PA,16671,24,22,20,26
PA,16672,19,28,27,67
PA,16673,35,22,12,58
PA,16674,17,44,19,51
PA,16675,25,18,19,52
PA,16677,20,28,10,63
PA,16678,29,48,15,50
PA,16679,36,44,32,53
PA,16680,19,35,24,36
PA,16681,17,25,14,39
PA,16682,35,25,9,55
PA,16683,20,31,19,26
PA,16684,16,52,21,22
PA,16685,33,35,31,42
PA,16686,31,31,28,24
PA,16689,19,46,11,66
PA,16691,35,54,13,23
PA,16692,32,48,26,50
PA,16693,21,24,25,25
PA,16694,20,19,20,43
PA,16695,36,38,28,71
PA,16698,11,50,22,36
PA,16699,28,26,24,58
PA,16701,31,23,17,59
PA,16720,23,53,19,33
PA,16724,19,53,20,52
PA,16725,17,20,14,30
PA,16726,37,20,15,22
PA,16727,12,18,10,46
PA,16728,14,33,32,36
PA,16729,25,39,31,53
PA,16730,21,31,25,43
PA,16731,29,45,14,37
PA,16732,23,30,19,27
PA,16733,34,24,24,33
PA,16734,29,44,19,21
PA,16735,15,28,33,29
PA,16738,29,37,32,30
PA,16740,24,26,10,38
PA,16743,16,33,24,53
PA,16744,33,21,26,41
PA,16745,18,26,30,21
PA,16746,22,37,10,51
PA,16748,34,36,15,32
PA,16749,16,47,33,40
PA,16750,25,53,13,35
PA,16801,23,43,16,21
PA,16802,12,36,13,41
PA,16803,19,29,11,69
PA,16804,35,45,17,71
PA,16805,26,23,21,29
PA,16820,13,37,23,70
PA,16821,26,19,32,43
PA,16822,31,52,16,34
PA,16823,12,47,13,31
PA,16825,24,30,16,39
PA,16826,35,40,20,36
PA,16827,24,26,10,65
PA,16828,15,29,18,44
PA,16829,15,43,13,38
PA,16830,37,16,22,18
PA,16832,11,52,31,32
PA,16833,34,30,12,41
PA,16834,24,32,24,32
PA,16835,37,43,35,20
PA,16836,29,39,20,26
PA,16837,20,36,32,19
PA,16838,33,35,28,33
PA,16839,32,24,15,38
PA,16840,15,50,15,45
PA,16841,11,26,14,19
PA,16843,32,26,17,33
PA,16844,21,29,13,37
PA,16845,20,20,22,46
PA,16847,17,29,15,42
PA,16848,21,39,29,47
PA,16849,25,44,19,47
PA,16850,18,48,10,38
PA,16851,34,27,26,63
PA,16852,25,37,13,38
PA,16853,24,42,17,23
PA,16854,37,34,13,65
PA,16855,29,29,19,20
PA,16856,31,39,16,27
PA,16858,11,31,23,33
PA,16859,19,30,30,35
PA,16860,18,33,29,45
PA,16861,28,56,14,26
PA,16863,13,43,11,34
PA,16864,33,41,10,49
PA,16865,19,44,17,18
PA,16866,14,31,21,35
PA,16868,22,21,26,37
PA,16870,24,25,12,68
PA,16871,18,29,12,31
PA,16872,27,29,31,26
PA,16873,23,28,22,18
PA,16874,32,30,30,38
PA,16875,16,35,19,53
PA,16876,12,26,29,56
PA,16877,28,44,23,69
PA,16878,25,49,13,54
PA,16879,22,51,24,34
PA,16881,24,32,18,16
PA,16882,23,30,28,32
PA,16901,19,23,14,35
PA,16910,22,21,26,43
PA,16911,29,26,30,31
PA,16912,13,45,9,37
PA,16914,14,16,25,52
PA,16915,30,35,14,54
PA,16917,18,48,23,18
PA,16918,35,22,17,58
PA,16920,25,23,28,35
PA,16921,30,16,11,34
PA,16922,20,46,12,46
PA,16923,24,27,27,37
PA,16925,20,34,24,30
PA,16926,16,25,15,55
PA,16927,12,17,29,34
PA,16928,17,20,26,41
PA,16929,16,45,23,57
PA,16930,15,35,10,23
PA,16932,35,24,29,40
PA,16933,19,35,20,35
PA,16935,25,46,13,43
PA,16936,39,46,24,55
PA,16937,27,40,28,40
PA,16938,20,38,24,19
PA,16939,33,26,19,18
PA,16940,12,41,24,29
PA,16941,35,20,26,39
PA,16942,33,51,29,25
PA,16943,16,35,31,56
PA,16945,17,23,17,53
PA,16946,34,24,17,40
PA,16947,15,26,18,38
PA,16948,19,40,13,39
PA,16950,12,35,29,62
PA,17001,13,41,11,20
PA,17002,26,31,25,20
PA,17003,37,21,10,39
PA,17004,27,21,14,57
PA,17005,31,42,30,56
PA,17006,12,29,23,29
PA,17007,30,35,11,34
PA,17008,21,21,28,30
PA,17009,13,41,33,43
PA,17010,21,55,15,40
PA,17011,35,44,11,36
PA,17012,17,28,11,28
PA,17013,21,29,19,36
PA,17014,18,21,11,43
PA,17015,18,43,14,26
PA,17016,30,43,31,35
PA,17017,17,35,22,46
PA,17018,22,24,18,44
PA,17019,28,29,31,39
PA,17020,33,20,13,21
PA,17021,16,38,18,50
PA,17022,14,43,16,42
PA,17023,32,53,23,47
PA,17024,35,46,19,45
PA,17025,28,22,18,54
PA,17026,33,21,29,41
PA,17027,18,24,19,32
PA,17028,19,29,11,34
PA,17029,34,26,13,42
PA,17030,21,49,15,42
PA,17032,14,18,21,22
PA,17033,25,29,29,57
PA,17034,39,43,22,16
PA,17035,18,35,33,57
PA,17036,15,36,28,37
PA,17037,38,49,28,70
PA,17038,20,51,23,43
PA,17039,26,30,22,41
PA,17040,18,23,25,36
PA,17041,15,35,23,53
PA,17042,15,31,29,43
PA,17043,39,35,10,58
PA,17044,10,38,25,45
PA,17045,26,18,11,43
PA,17046,33,26,17,24
PA,17047,24,21,10,19
PA,17048,22,27,25,37
PA,17049,11,37,21,58
PA,17050,20,38,22,40
PA,17051,20,34,12,19
PA,17052,14,43,29,41
PA,17053,22,23,21,44
PA,17054,28,32,16,37
PA,17055,17,35,18,55
PA,17056,35,19,33,30
PA,17057,14,48,21,29
PA,17058,18,25,17,33
PA,17059,21,32,13,39
PA,17060,22,26,28,31
PA,17061,23,51,12,30
PA,17062,20,47,16,51
PA,17063,31,40,27,23
PA,17064,13,21,19,52
PA,17065,14,27,31,42
PA,17066,12,38,24,64
PA,17067,14,46,22,46
PA,17068,22,20,17,60
PA,17069,27,18,30,58
PA,17070,25,44,25,40
PA,17071,25,49,12,49
PA,17072,19,26,30,23
PA,17073,13,46,22,39
PA,17074,20,31,14,35
PA,17075,27,42,19,58
PA,17076,15,24,26,36
PA,17077,33,32,27,22
PA,17078,32,27,24,39
PA,17080,14,21,26,63
PA,17081,33,27,25,40
PA,17082,29,35,22,45
PA,17083,32,40,13,42
PA,17084,13,23,21,40
PA,17085,36,31,17,32
PA,17086,14,25,29,42
PA,17087,35,51,17,45
PA,17088,28,27,27,51
PA,17089,26,27,15,25
PA,17090,20,45,21,19
PA,17091,30,41,19,51
PA,17093,16,18,11,22
PA,17094,32,29,14,67
PA,17097,24,37,23,25
PA,17098,21,40,31,36
PA,17099,35,28,20,41
PA,17101,33,31,21,30
PA,17102,28,55,9,31
PA,17103,20,25,25,33
PA,17104,19,34,33,17
PA,17105,31,34,11,29
PA,17106,14,29,29,48
PA,17107,17,27,15,40
PA,17108,15,37,9,67
PA,17109,14,35,32,62
PA,17110,37,50,18,17
PA,17111,28,17,10,58
PA,17112,32,42,26,55
PA,17113,36,38,19,43
PA,17120,17,34,19,40
PA,17121,37,46,11,35
PA,17122,21,42,15,44
PA,17123,25,50,11,23
PA,17124,14,51,26,25
PA,17125,28,27,11,49
PA,17126,11,46,11,61
PA,17127,26,45,25,44
PA,17128,24,27,13,40
PA,17129,35,41,15,39
PA,17130,27,25,10,41
PA,17140,14,38,17,46
PA,17177,33,33,24,19
PA,17201,15,37,30,25
PA,17202,17,43,25,44
PA,17210,20,35,26,36
PA,17211,18,31,20,19
PA,17212,26,16,28,39
PA,17213,13,19,19,30
PA,17214,30,29,31,40
PA,17215,23,37,13,46
PA,17217,36,31,25,42
PA,17219,36,39,20,44
PA,17220,29,36,24,23
PA,17221,21,18,29,66
PA,17222,41,42,25,25
PA,17223,39,25,25,40
PA,17224,21,33,11,39
PA,17225,15,32,16,47
PA,17228,18,29,29,64
PA,17229,17,23,20,51
PA,17231,24,54,21,23
PA,17232,30,31,23,20
PA,17233,27,29,15,45
PA,17235,30,37,25,39
PA,17236,15,33,26,52
PA,17237,37,35,19,21
PA,17238,35,28,13,30
PA,17239,35,28,25,48
PA,17240,39,31,18,25
PA,17241,14,37,28,18
PA,17243,30,36,28,50
PA,17244,23,27,23,54
PA,17246,25,34,27,40
PA,17247,20,44,33,42
PA,17249,24,32,16,61
PA,17250,29,19,18,27
PA,17251,17,39,18,38
PA,17252,23,55,22,38
PA,17253,30,33,27,46
PA,17254,28,25,24,46
PA,17255,25,45,14,23
PA,17256,13,44,22,56
PA,17257,14,38,30,36
PA,17260,19,32,17,17
PA,17261,20,39,22,68
PA,17262,32,26,30,60
PA,17263,33,23,13,45
PA,17264,37,41,19,52
PA,17265,16,36,21,23
PA,17266,33,40,23,43
PA,17267,17,30,19,30
PA,17268,12,57,22,43
PA,17270,23,35,23,54
PA,17271,18,31,33,22
PA,17272,30,44,29,31
PA,17301,30,44,17,24
PA,17302,26,35,20,46
PA,17303,21,29,23,60
PA,17304,26,25,21,43
PA,17306,29,30,18,37
PA,17307,26,28,26,37
PA,17309,23,39,18,57
PA,17310,32,26,11,29
PA,17311,30,41,30,47
PA,17312,22,46,9,42
PA,17313,16,33,28,28
PA,17314,31,28,24,34
PA,17315,28,36,25,46
PA,17316,25,44,25,32
PA,17317,27,30,14,28
PA,17318,28,44,28,34
PA,17319,33,18,27,43
PA,17320,32,51,13,53
PA,17321,25,22,35,36
PA,17322,12,26,10,36
PA,17323,14,33,19,36
PA,17324,13,41,16,36
PA,17325,25,28,30,41
PA,17326,23,32,13,29
PA,17327,11,45,18,32
PA,17329,16,27,19,69
PA,17331,27,24,10,39
PA,17332,16,30,26,54
PA,17333,28,50,10,26
PA,17334,32,26,13,56
PA,17335,19,25,13,32
PA,17337,37,42,23,54
PA,17339,20,21,27,47
PA,17340,16,36,16,70
PA,17342,21,23,12,38
PA,17343,20,35,15,25
PA,17344,18,28,26,41
PA,17345,24,28,24,24
PA,17347,33,44,30,43
PA,17349,13,31,14,27
PA,17350,15,49,31,31
PA,17352,25,29,12,30
PA,17353,33,40,13,51
PA,17354,23,49,26,45
PA,17355,32,49,28,35
PA,17356,31,38,13,38
PA,17358,26,32,31,26
PA,17360,12,38,16,38
PA,17361,18,29,30,34
PA,17362,40,41,29,38
PA,17363,18,45,31,20
PA,17364,19,18,14,50
PA,17365,20,45,24,54
PA,17366,29,37,30,34
PA,17368,15,24,23,29
PA,17370,30,33,31,32
PA,17371,26,34,16,32
PA,17372,17,23,17,41
PA,17375,31,46,18,21
PA,17401,55,49,18,51
PA,17402,33,82,24,93
PA,17403,49,48,34,62
PA,17404,32,68,26,95
PA,17405,28,44,46,41
PA,17406,34,69,26,47
PA,17407,41,62,52,78
PA,17408,30,78,54,95
PA,17415,38,83,41,47
PA,17501,19,36,14,55
PA,17502,19,34,27,26
PA,17503,14,32,24,21
PA,17504,17,35,18,30
PA,17505,36,19,15,23
PA,17506,20,56,12,36
PA,17507,16,27,29,27
PA,17508,38,33,24,47
PA,17509,21,24,32,43
PA,17512,17,46,21,19
PA,17516,28,21,25,26
PA,17517,21,42,24,90
PA,17518,30,44,15,45
PA,17519,11,26,18,38
PA,17520,34,25,11,34
PA,17521,26,21,25,60
PA,17522,14,30,18,34
PA,17527,32,37,18,58
PA,17528,23,29,16,51
PA,17529,23,37,26,46
PA,17532,26,40,12,26
PA,17533,27,21,30,25
PA,17534,21,45,13,40
PA,17535,22,32,12,56
PA,17536,17,35,33,53
PA,17537,26,33,13,39
PA,17538,13,38,10,47
PA,17540,16,37,27,37
PA,17543,18,24,14,34
PA,17545,16,38,29,60
PA,17547,28,40,15,29
PA,17549,34,29,21,31
PA,17550,22,49,9,40
PA,17551,36,32,10,19
PA,17552,32,50,34,52
PA,17554,21,51,16,46
PA,17555,23,34,26,36
PA,17557,20,26,13,41
PA,17560,25,37,14,61
PA,17562,10,41,14,31
PA,17563,26,39,16,56
PA,17564,31,18,17,38
PA,17565,31,47,13,16
PA,17566,25,33,19,31
PA,17567,33,21,19,17
PA,17568,12,24,13,34
PA,17569,36,33,31,30
PA,17570,20,34,22,33
PA,17572,37,36,32,39
PA,17573,25,25,16,23
PA,17575,24,34,23,38
PA,17576,34,46,17,35
PA,17578,15,24,13,32
PA,17579,29,22,33,58
PA,17580,14,26,17,20
PA,17581,23,36,24,32
PA,17582,33,24,24,49
PA,17583,27,21,19,33
PA,17584,24,28,21,28
PA,17585,24,39,12,48
PA,17601,28,32,30,54
PA,17602,39,31,12,37
PA,17603,17,54,17,27
PA,17604,19,23,13,48
PA,17605,14,32,21,27
PA,17606,27,28,16,20
PA,17607,16,26,27,46
PA,17608,36,43,23,28
PA,17611,19,41,27,38
PA,17622,25,33,24,64
PA,17699,17,52,11,50
PA,17701,30,43,30,62
PA,17702,29,34,32,65
PA,17703,31,22,19,47
PA,17705,15,34,11,39
PA,17720,17,37,27,34
PA,17721,32,38,31,28
PA,17723,25,41,30,51
PA,17724,29,48,17,28
PA,17726,29,33,26,41
PA,17727,30,32,34,59
PA,17728,26,32,16,31
PA,17729,21,27,32,24
PA,17730,25,23,21,18
PA,17731,16,36,18,54
PA,17735,16,34,19,38
PA,17737,13,36,24,27
PA,17738,17,33,22,27
PA,17739,19,32,13,31
PA,17740,31,25,14,48
PA,17742,22,26,21,40
PA,17744,17,31,21,40
PA,17745,13,27,20,27
PA,17747,19,32,19,27
PA,17748,30,47,33,31
PA,17749,21,22,12,28
PA,17750,36,35,27,41
PA,17751,11,28,27,27
PA,17752,33,52,31,33
PA,17754,33,32,25,66
PA,17756,24,22,12,28
PA,17758,24,34,18,26
PA,17760,23,32,17,26
PA,17762,14,41,28,52
PA,17763,34,33,24,46
PA,17764,24,48,22,36
PA,17765,22,34,22,29
PA,17767,30,25,22,60
PA,17768,15,24,23,20
PA,17769,16,25,23,50
PA,17771,20,28,17,19
PA,17772,12,35,19,48
PA,17773,28,27,12,43
PA,17774,33,35,21,35
PA,17776,38,21,19,59
PA,17777,14,47,29,52
PA,17778,20,51,23,56
PA,17779,12,37,23,27
PA,17801,32,49,32,36
PA,17810,33,51,26,44
PA,17812,21,33,22,35
PA,17813,35,34,23,38
PA,17814,30,44,22,46
PA,17815,27,26,16,36
PA,17820,34,51,11,27
PA,17821,24,37,19,37
PA,17822,28,48,25,28
PA,17823,37,35,16,42
PA,17824,33,46,21,41
PA,17827,40,36,22,51
PA,17829,32,20,18,56
PA,17830,19,22,19,45
PA,17831,19,21,25,51
PA,17832,29,44,21,43
PA,17833,14,30,27,60
PA,17834,38,39,10,43
PA,17835,34,34,19,38
PA,17836,20,33,21,30
PA,17837,14,50,24,40
PA,17839,29,22,21,35
PA,17840,35,46,27,39
PA,17841,15,56,28,27
PA,17842,17,24,19,29
PA,17843,26,35,11,40
PA,17844,29,23,17,37
PA,17845,32,35,16,41
PA,17846,37,46,15,25
PA,17847,37,41,17,46
PA,17850,13,28,17,46
PA,17851,39,38,33,39
PA,17853,12,40,20,38
PA,17855,18,24,14,62
PA,17856,22,19,14,27
PA,17857,19,43,14,48
PA,17858,32,41,15,39
PA,17859,16,30,28,29
PA,17860,35,35,13,44
PA,17861,16,32,27,64
PA,17862,16,26,24,24
PA,17864,13,28,11,42
PA,17865,13,33,15,31
PA,17866,15,40,19,50
PA,17867,19,35,23,60
PA,17868,17,28,28,51
PA,17870,19,32,12,33
PA,17872,36,42,10,65
PA,17876,19,34,15,43
PA,17877,28,31,29,24
PA,17878,25,26,27,36
PA,17880,23,27,22,38
PA,17881,21,40,24,54
PA,17882,41,29,29,30
PA,17883,14,22,14,44
PA,17884,15,47,26,30
PA,17885,14,18,33,55
PA,17886,24,36,12,52
PA,17887,13,50,34,24
PA,17888,36,42,20,29
PA,17889,27,39,9,64
PA,17901,24,36,17,49
PA,17920,29,18,34,43
PA,17921,19,25,11,19
PA,17922,23,43,12,52
PA,17923,30,36,23,33
PA,17925,17,22,14,34
PA,17929,30,39,15,39
PA,17930,14,48,16,45
PA,17931,29,37,26,19
PA,17932,22,47,12,59
PA,17933,27,33,16,20
PA,17934,20,36,13,16
PA,17935,38,37,22,26
PA,17936,20,33,31,52
PA,17938,21,28,21,34
PA,17941,28,36,32,21
PA,17942,15,32,20,39
PA,17943,14,24,30,27
PA,17944,27,38,24,54
PA,17945,23,26,17,21
PA,17946,22,25,21,37
PA,17948,20,48,10,55
PA,17949,23,18,18,40
PA,17951,26,46,14,27
PA,17952,26,48,24,37
PA,17953,30,29,31,32
PA,17954,34,25,14,59
PA,17957,33,40,26,28
PA,17959,50,46,37,77
PA,17960,33,46,21,31
PA,17961,36,32,28,40
PA,17963,16,40,32,41
PA,17964,11,42,13,59
PA,17965,15,42,12,43
PA,17966,24,37,20,54
PA,17967,33,27,17,41
PA,17968,13,50,27,37
PA,17970,27,28,22,38
PA,17972,19,37,19,48
PA,17974,38,29,28,37
PA,17976,24,26,12,52
PA,17978,28,31,20,51
PA,17979,38,42,31,44
PA,17980,11,43,14,59
PA,17981,35,24,15,23
PA,17982,14,29,11,49
PA,17983,19,39,25,50
PA,17985,35,43,26,32
PA,18001,23,54,14,41
PA,18002,18,24,18,17
PA,18003,23,39,32,56
PA,18010,35,41,18,65
PA,18011,34,19,12,27
PA,18012,31,30,17,24
PA,18013,21,36,19,29
PA,18014,25,25,27,40
PA,18015,27,31,28,20
PA,18016,11,48,26,21
PA,18017,30,43,25,22
PA,18018,28,27,12,50
PA,18020,21,50,17,47
PA,18025,32,33,27,35
PA,18030,18,35,12,53
PA,18031,18,35,28,21
PA,18032,12,24,28,33
PA,18034,14,25,24,38
PA,18035,36,21,26,20
PA,18036,27,21,13,66
PA,18037,37,30,11,29
PA,18038,14,27,17,25
PA,18039,26,31,27,61
PA,18040,14,32,13,63
PA,18041,36,37,17,48
PA,18042,15,43,28,48
PA,18043,23,23,15,45
PA,18044,28,39,13,32
PA,18045,26,30,18,15
PA,18046,26,21,19,42
PA,18049,13,40,29,33
PA,18050,15,24,28,33
PA,18051,24,27,19,32
PA,18052,27,43,31,24
PA,18053,29,52,22,36
PA,18054,16,17,33,26
PA,18055,16,35,32,64
PA,18056,24,37,24,33
PA,18058,33,47,29,48
PA,18059,38,27,26,38
PA,18060,20,42,29,50
PA,18062,20,39,30,38
PA,18063,30,26,20,32
PA,18064,18,36,28,38
PA,18065,12,48,14,29
PA,18066,23,25,22,27
PA,18067,38,48,25,51
PA,18068,24,33,24,20
PA,18069,19,46,33,49
PA,18070,18,35,28,41
PA,18071,19,32,18,41
PA,18072,23,30,16,31
PA,18073,22,26,29,40
PA,18074,28,46,30,28
PA,18076,12,49,18,44
PA,18077,29,29,20,59
PA,18078,22,25,34,43
PA,18079,17,38,26,35
PA,18080,12,36,11,25
PA,18081,35,45,14,59
PA,18083,21,40,29,48
PA,18084,31,35,35,36
PA,18085,28,40,31,26
PA,18086,29,33,21,38
PA,18087,19,29,31,47
PA,18088,31,49,29,42
PA,18091,37,32,32,32
PA,18092,30,23,22,30
PA,18098,30,37,25,22
PA,18099,26,19,33,21
PA,18101,31,37,24,40
PA,18102,24,34,26,33
PA,18103,35,25,24,39
PA,18104,24,49,17,35
PA,18105,21,40,25,32
PA,18106,34,43,21,34
PA,18109,31,45,28,47
PA,18175,24,38,25,56
PA,18195,26,33,26,35
PA,18201,23,35,28,26
PA,18202,22,27,18,33
PA,18210,35,46,28,59
PA,18211,28,29,24,20
PA,18212,22,47,22,58
PA,18214,31,45,20,33
PA,18216,15,42,12,35
PA,18218,29,27,33,42
PA,18219,29,37,16,32
PA,18220,21,20,25,45
PA,18221,15,24,22,26
PA,18222,14,32,20,27
PA,18223,17,23,21,43
PA,18224,27,45,31,32
PA,18225,22,45,10,52
PA,18229,12,39,22,25
PA,18230,28,32,27,60
PA,18231,31,33,25,19
PA,18232,28,27,29,38
PA,18234,34,28,28,50
PA,18235,12,19,17,37
PA,18237,24,21,11,21
PA,18239,13,22,30,35
PA,18240,24,30,28,32
PA,18241,19,31,24,70
PA,18242,14,36,11,46
PA,18244,32,47,12,33
PA,18245,30,37,10,28
PA,18246,19,24,26,66
PA,18247,14,31,10,35
PA,18248,23,28,18,49
PA,18249,33,38,13,48
PA,18250,25,20,11,25
PA,18251,17,24,29,53
PA,18252,20,26,11,51
PA,18254,22,28,10,43
PA,18255,34,39,14,56
PA,18256,39,21,13,48
PA,18301,32,39,28,32
PA,18302,27,25,32,43
PA,18320,27,29,21,26
PA,18321,17,21,17,41
PA,18322,29,28,34,20
PA,18323,33,27,16,21
PA,18324,30,44,17,30
PA,18325,18,34,31,29
PA,18326,12,28,29,30
PA,18327,12,25,18,25
PA,18328,28,25,23,55
PA,18330,13,32,9,48
PA,18331,25,39,18,70
PA,18332,14,42,20,43
PA,18333,32,22,25,42
PA,18334,15,19,11,19
PA,18335,18,23,22,59
PA,18336,17,47,15,53
PA,18337,36,47,26,32
PA,18340,24,29,13,44
PA,18341,16,36,16,42
PA,18342,35,36,19,37
PA,18343,13,48,15,21
PA,18344,20,24,11,36
PA,18346,37,44,25,34
PA,18347,24,25,31,28
PA,18348,16,46,15,59
PA,18349,26,39,24,35
PA,18350,18,45,15,37
PA,18351,33,39,33,30
PA,18352,33,37,26,35
PA,18353,26,32,19,35
PA,18354,34,39,22,43
PA,18355,22,31,17,59
PA,18356,28,36,16,64
PA,18357,31,25,22,41
PA,18360,19,27,19,45
PA,18370,28,29,23,41
PA,18371,33,20,10,43
PA,18372,21,30,11,56
PA,18373,19,23,19,35
PA,18403,14,26,21,33
PA,18405,32,36,12,32
PA,18407,24,35,23,24
PA,18410,22,35,17,42
PA,18411,31,51,16,55
PA,18413,19,56,29,26
PA,18414,27,57,13,38
PA,18415,15,33,28,28
PA,18416,30,28,22,50
PA,18417,28,40,15,35
PA,18419,23,18,10,41
PA,18420,18,32,10,40
PA,18421,20,29,18,26
PA,18424,27,33,30,40
PA,18425,26,53,31,24
PA,18426,31,42,21,32
PA,18427,35,41,33,64
PA,18428,32,41,20,68
PA,18430,31,25,21,66
PA,18431,13,36,10,37
PA,18433,13,28,16,31
PA,18434,18,25,11,43
PA,18435,16,30,11,50
PA,18436,31,51,31,45
PA,18437,22,36,15,24
PA,18438,17,27,29,61
PA,18439,36,35,15,56
PA,18440,32,25,21,40
PA,18441,20,42,14,39
PA,18443,28,25,28,28
PA,18444,29,39,18,45
PA,18445,14,45,23,34
PA,18446,26,52,13,31
PA,18447,28,29,13,36
PA,18448,30,47,26,32
PA,18449,14,33,18,24
PA,18451,22,31,25,28
PA,18452,18,24,21,40
PA,18453,12,55,29,32
PA,18454,21,42,9,39
PA,18455,19,28,18,35
PA,18456,12,31,20,63
PA,18457,25,21,11,24
PA,18458,30,37,23,41
PA,18459,17,52,21,37
PA,18460,21,24,22,31
PA,18461,17,36,30,26
PA,18462,36,42,11,42
PA,18463,29,29,14,28
PA,18464,27,21,15,30
PA,18465,23,18,16,28
PA,18466,22,44,35,55
PA,18469,19,23,13,53
PA,18470,26,34,17,56
PA,18471,16,25,22,29
PA,18472,23,39,15,25
PA,18473,26,46,18,34
PA,18501,14,38,27,52
PA,18502,35,51,26,19
PA,18503,21,25,25,37
PA,18504,12,41,20,35
PA,18505,29,26,28,58
PA,18507,34,24,12,41
PA,18508,21,34,18,52
PA,18509,23,33,23,44
PA,18510,22,36,14,34
PA,18512,28,21,16,63
PA,18514,32,36,22,24
PA,18515,29,39,27,34
PA,18517,27,44,20,38
PA,18518,14,45,18,35
PA,18519,21,42,25,36
PA,18522,34,31,20,42
PA,18540,15,30,15,37
PA,18577,25,25,28,44
PA,18601,22,39,21,33
PA,18602,27,42,30,56
PA,18603,32,45,27,64
PA,18610,20,24,29,69
PA,18611,14,44,28,58
PA,18612,17,26,17,25
PA,18614,16,31,18,60
PA,18615,24,20,26,58
PA,18616,35,38,15,17
PA,18617,13,45,27,20
PA,18618,26,30,27,29
PA,18619,12,31,21,58
PA,18621,15,41,28,36
PA,18622,18,36,18,28
PA,18623,19,37,10,27
PA,18624,22,31,19,69
PA,18625,32,43,26,56
PA,18626,29,36,19,54
PA,18627,40,36,18,51
PA,18628,17,37,29,33
PA,18629,24,39,14,25
PA,18630,14,36,22,32
PA,18631,35,27,28,42
PA,18632,16,47,19,25
PA,18634,26,34,26,25
PA,18635,27,42,22,39
PA,18636,37,45,11,23
PA,18640,20,29,14,23
PA,18641,20,27,10,56
PA,18642,22,41,18,23
PA,18643,31,25,25,18
PA,18644,15,40,23,23
PA,18651,41,19,17,54
PA,18653,28,21,23,34
PA,18654,33,37,18,31
PA,18655,28,39,27,36
PA,18656,37,27,31,42
PA,18657,16,21,10,42
PA,18660,18,42,18,60
PA,18661,18,51,16,55
PA,18690,31,29,26,72
PA,18701,30,45,23,37
PA,18702,30,41,14,37
PA,18703,16,23,31,54
PA,18704,20,54,27,60
PA,18705,19,43,20,33
PA,18706,16,23,31,36
PA,18707,19,33,21,35
PA,18708,15,27,18,66
PA,18709,40,46,23,36
PA,18710,35,46,23,42
PA,18711,19,39,28,24
PA,18762,31,22,20,29
PA,18764,17,29,32,64
PA,18765,36,46,32,24
PA,18766,29,40,14,30
PA,18767,33,21,10,59
PA,18769,29,30,25,22
PA,18773,28,36,19,23
PA,18801,36,31,25,23
PA,18810,18,24,15,48
PA,18812,27,35,16,26
PA,18813,28,24,20,44
PA,18814,33,28,23,36
PA,18815,19,27,17,37
PA,18816,24,27,10,67
PA,18817,11,16,11,20
PA,18818,39,16,15,39
PA,18820,14,50,12,62
PA,18821,39,37,26,28
PA,18822,34,35,9,38
PA,18823,34,25,21,34
PA,18824,18,51,19,19
PA,18825,25,30,14,41
PA,18826,19,51,26,22
PA,18827,31,50,22,32
PA,18828,26,39,18,50
PA,18829,17,30,23,21
PA,18830,19,42,17,28
PA,18831,22,49,14,25
PA,18832,12,39,11,27
PA,18833,14,29,13,53
PA,18834,36,47,16,20
PA,18837,39,34,28,39
PA,18840,23,29,29,27
PA,18842,24,28,27,60
PA,18843,20,31,27,36
PA,18844,27,52,15,46
PA,18845,28,32,14,20
PA,18846,35,25,18,70
PA,18847,36,38,22,29
PA,18848,14,24,17,25
PA,18850,31,34,20,52
PA,18851,19,32,11,24
PA,18853,23,43,26,47
PA,18854,37,31,22,51
PA,18901,15,34,24,58
PA,18902,23,22,29,37
PA,18910,23,23,19,39
PA,18911,22,47,10,17
PA,18912,25,35,29,42
PA,18913,27,28,13,53
PA,18914,31,39,26,23
PA,18915,13,33,26,32
PA,18916,23,30,21,20
PA,18917,36,27,29,26
PA,18918,12,36,21,52
PA,18920,39,36,12,32
PA,18921,19,36,17,52
PA,18922,18,28,33,44
PA,18923,21,24,13,42
PA,18924,35,28,27,51
PA,18925,17,26,17,43
PA,18926,31,45,25,42
PA,18927,21,30,15,60
PA,18928,13,49,31,43
PA,18929,26,42,16,36
PA,18930,20,28,29,26
PA,18931,18,35,19,44
PA,18932,23,19,29,48
PA,18933,13,40,24,47
PA,18934,32,19,10,38
PA,18935,25,33,13,63
PA,18936,31,24,24,24
PA,18938,13,38,17,51
PA,18940,30,38,20,37
PA,18942,33,39,13,28
PA,18943,35,39,14,47
PA,18944,27,37,30,29
PA,18946,18,39,30,51
PA,18947,15,41,29,44
PA,18949,18,36,12,34
PA,18950,20,40,17,26
PA,18951,31,36,26,31
PA,18953,26,21,14,21
PA,18954,13,29,14,47
PA,18955,26,31,19,55
PA,18956,37,42,21,54
PA,18957,28,45,14,47
PA,18958,11,44,27,30
PA,18960,16,24,21,31
PA,18962,23,37,21,31
PA,18963,29,30,14,31
PA,18964,14,36,31,37
PA,18966,11,26,14,42
PA,18968,21,31,32,39
PA,18969,29,35,25,38
PA,18970,28,29,23,23
PA,18971,30,52,13,31
PA,18972,21,23,10,19
PA,18974,27,39,25,34
PA,18976,38,34,19,49
PA,18977,19,43,11,22
PA,18979,39,37,29,31
PA,18980,34,30,14,44
PA,18981,16,56,35,38
PA,18991,28,32,24,22
PA,19001,23,29,15,19
PA,19002,14,18,17,53
PA,19003,18,22,9,21
PA,19004,25,44,15,57
PA,19006,17,49,24,44
PA,19007,26,21,21,29
PA,19008,34,26,22,34
PA,19009,17,36,21,25
PA,19010,19,46,29,44
PA,19012,24,29,25,71
PA,19013,22,37,30,28
PA,19014,26,40,32,30
PA,19015,22,29,18,62
PA,19016,35,24,26,28
PA,19017,21,42,30,25
PA,19018,34,52,23,54
PA,19019,30,44,36,49
PA,19020,17,43,9,28
PA,19021,29,33,20,27
PA,19022,22,37,28,42
PA,19023,27,50,24,39
PA,19025,20,30,13,46
PA,19026,23,21,13,39
PA,19027,24,51,15,40
PA,19028,36,39,27,57
PA,19029,32,23,23,45
PA,19030,15,51,16,62
PA,19031,21,31,24,32
PA,19032,12,50,10,64
PA,19033,18,53,30,31
PA,19034,19,40,13,49
PA,19035,21,50,26,44
PA,19036,32,38,15,30
PA,19037,32,29,16,20
PA,19038,12,22,15,35
PA,19039,31,36,29,27
PA,19040,34,23,10,30
PA,19041,24,42,17,24
PA,19043,21,42,15,47
PA,19044,21,24,20,34
PA,19046,26,33,11,34
PA,19047,23,27,12,47
PA,19048,27,33,10,45
PA,19049,38,48,15,19
PA,19050,35,38,22,54
PA,19052,16,39,23,35
PA,19053,35,19,10,27
PA,19054,25,42,11,27
PA,19055,15,49,10,49
PA,19056,17,23,16,53
PA,19057,16,44,17,39
PA,19058,20,33,14,53
PA,19060,28,42,21,30
PA,19061,26,40,12,59
PA,19063,22,23,27,48
PA,19064,20,17,19,26
PA,19065,31,31,9,26
PA,19066,32,34,16,22
PA,19067,28,35,12,25
PA,19070,14,17,12,60
PA,19072,20,33,11,36
PA,19073,30,51,13,40
PA,19074,35,26,16,26
PA,19075,19,32,25,47
PA,19076,12,42,19,38
PA,19078,22,37,10,43
PA,19079,25,50,14,34
PA,19080,32,47,31,39
PA,19081,23,31,29,25
PA,19082,37,32,14,19
PA,19083,16,33,28,42
PA,19085,24,17,27,31
PA,19086,24,25,16,36
PA,19087,28,28,21,43
PA,19088,22,27,25,32
PA,19089,31,29,13,33
PA,19090,35,34,22,51
PA,19091,31,41,15,33
PA,19092,33,33,33,29
PA,19093,33,33,16,68
PA,19094,14,39,10,46
PA,19095,27,29,14,53
PA,19096,35,29,20,32
PA,19098,13,35,12,34
PA,19099,58,60,33,68
PA,19101,49,59,45,90
PA,19102,24,69,35,88
PA,19103,31,34,31,75
PA,19104,60,49,46,58
PA,19105,23,72,27,61
PA,19106,18,53,27,79
PA,19107,39,45,31,35
PA,19108,25,86,26,48
PA,19109,26,77,21,75
PA,19110,40,46,26,68
PA,19111,20,36,16,39
PA,19112,40,43,45,27
PA,19113,51,36,37,66
PA,19114,53,47,27,44
PA,19115,28,42,18,36
PA,19116,52,39,45,73
PA,19118,38,50,42,56
PA,19119,23,81,46,66
PA,19120,24,35,48,74
PA,19121,47,65,40,28
PA,19122,54,49,17,32
PA,19123,36,65,15,54
PA,19124,32,63,35,58
PA,19125,26,67,24,91
PA,19126,23,50,37,43
PA,19127,30,44,49,91
PA,19128,41,70,21,79
PA,19129,42,74,34,31
PA,19130,57,55,16,73
PA,19131,45,43,43,76
PA,19132,45,24,44,31
PA,19133,52,39,44,59
PA,19134,40,42,42,30
PA,19135,35,62,37,41
PA,19136,47,52,44,45
PA,19137,41,34,36,45
PA,19138,44,51,18,70
PA,19139,23,34,30,50
PA,19140,41,41,16,65
PA,19141,23,45,26,81
PA,19142,18,52,40,59
PA,19143,24,65,42,46
PA,19144,27,37,18,24
PA,19145,20,37,41,77
PA,19146,51,65,44,30
PA,19147,41,37,34,24
PA,19148,40,67,35,36
PA,19149,17,47,22,38
PA,19150,27,63,33,36
PA,19151,31,35,34,54
PA,19152,38,77,14,60
PA,19153,24,35,28,50
PA,19154,30,82,16,95
PA,19155,46,70,52,60
PA,19160,48,55,21,52
PA,19161,31,30,18,92
PA,19162,38,48,52,71
PA,19170,44,53,23,34
PA,19171,28,63,16,68
PA,19172,60,44,48,47
PA,19173,48,61,44,58
PA,19175,32,63,19,64
PA,19176,34,58,33,76
PA,19177,21,81,16,95
PA,19178,27,39,30,70
PA,19179,42,65,22,30
PA,19181,20,76,36,69
PA,19182,35,31,35,37
PA,19183,20,37,19,60
PA,19184,33,75,48,50
PA,19185,52,72,28,69
PA,19187,23,38,22,73
PA,19188,31,41,20,70
PA,19190,40,54,32,73
PA,19191,22,48,21,86
PA,19192,26,69,40,42
PA,19193,53,48,37,35
PA,19194,44,30,21,47
PA,19195,37,31,28,80
PA,19196,35,41,19,30
PA,19197,55,35,22,58
PA,19244,48,54,20,73
PA,19255,46,35,16,81
PA,19301,13,22,22,46
PA,19310,26,33,32,43
PA,19311,17,32,16,36
PA,19312,30,30,14,33
PA,19316,32,18,12,19
PA,19317,25,52,10,58
PA,19318,19,40,12,49
PA,19319,22,52,13,36
PA,19320,22,24,18,25
PA,19330,28,29,13,19
PA,19331,21,45,20,71
PA,19333,20,20,28,45
PA,19335,36,19,15,31
PA,19339,22,46,12,53
PA,19340,16,46,20,53
PA,19341,38,36,20,36
PA,19342,31,19,33,36
PA,19343,27,41,19,18
PA,19344,18,27,25,46
PA,19345,17,43,30,39
PA,19346,16,24,25,26
PA,19347,38,46,15,31
PA,19348,23,34,18,34
PA,19350,14,50,27,49
PA,19351,19,28,16,47
PA,19352,21,24,19,28
PA,19353,22,34,15,37
PA,19354,18,28,16,24
PA,19355,13,37,31,54
PA,19357,25,40,15,28
PA,19358,36,28,15,56
PA,19360,24,36,12,38
PA,19362,31,56,20,66
PA,19363,22,23,24,38
PA,19365,12,49,15,30
PA,19366,31,36,30,36
PA,19367,27,37,24,40
PA,19369,19,46,34,48
PA,19371,36,23,27,46
PA,19372,16,27,13,48
PA,19373,13,32,24,27
PA,19374,37,28,22,28
PA,19375,28,28,30,64
PA,19376,39,26,26,25
PA,19380,19,30,26,60
PA,19381,36,21,32,27
PA,19382,30,25,23,31
PA,19383,32,26,18,28
PA,19388,13,29,16,23
PA,19390,12,21,10,62
PA,19395,25,32,22,36
PA,19397,15,29,22,22
PA,19398,29,27,31,32
PA,19399,20,24,25,46
PA,19401,19,28,23,34
PA,19403,22,41,17,45
PA,19404,33,21,20,27
PA,19405,12,43,20,35
PA,19406,37,34,19,46
PA,19407,32,45,30,17
PA,19408,19,24,15,44
PA,19409,35,22,23,57
PA,19415,27,36,18,29
PA,19420,37,55,25,27
PA,19421,25,34,14,22
PA,19422,21,52,18,38
PA,19423,33,27,13,26
PA,19424,14,28,25,61
PA,19425,28,34,10,30
PA,19426,17,39,14,41
PA,19428,39,38,15,63
PA,19429,24,47,30,57
PA,19430,25,50,29,45
PA,19432,27,29,24,56
PA,19435,33,24,21,32
PA,19436,30,18,23,27
PA,19437,28,31,28,36
PA,19438,16,43,13,16
PA,19440,29,25,25,47
PA,19441,17,32,29,52
PA,19442,26,38,15,44
PA,19443,16,30,21,42
PA,19444,14,33,26,53
PA,19446,20,50,9,41
PA,19450,18,16,21,40
PA,19451,24,30,26,48
PA,19453,35,25,16,37
PA,19454,13,47,30,37
PA,19455,16,37,29,49
PA,19456,17,35,10,17
PA,19457,34,40,23,47
PA,19460,28,45,24,27
PA,19462,27,46,18,27
PA,19464,28,48,22,42
PA,19465,27,28,24,27
PA,19468,30,43,21,32
PA,19470,37,38,21,20
PA,19472,17,43,16,45
PA,19473,25,19,25,42
PA,19474,17,37,14,25
PA,19475,11,37,28,52
PA,19477,29,50,11,20
PA,19478,14,32,11,22
PA,19480,31,24,18,50
PA,19481,24,30,20,20
PA,19482,14,28,31,36
PA,19483,30,44,19,57
PA,19484,34,24,21,33
PA,19485,21,35,30,32
PA,19486,30,37,10,40
PA,19487,24,44,27,34
PA,19488,14,22,31,66
PA,19489,15,30,18,41
PA,19490,14,34,13,34
PA,19492,10,31,20,52
PA,19493,32,27,27,48
PA,19494,34,24,18,52
PA,19495,21,32,32,33
PA,19496,36,18,30,45
PA,19501,24,29,20,34
PA,19503,26,46,32,44
PA,19504,27,30,9,43
PA,19505,15,47,12,27
PA,19506,38,42,15,47
PA,19507,33,24,25,50
PA,19508,33,27,12,22
PA,19510,37,26,18,40
PA,19511,15,36,15,32
PA,19512,25,33,24,58
PA,19516,35,23,15,46
PA,19518,24,32,21,51
PA,19519,14,32,29,39
PA,19520,25,34,14,33
PA,19522,14,48,13,28
PA,19523,27,33,20,61
PA,19525,15,22,14,43
PA,19526,21,35,23,38
PA,19529,23,45,25,64
PA,19530,14,39,33,51
PA,19533,35,26,13,49
PA,19534,28,31,33,52
PA,19535,21,36,10,31
PA,19536,15,48,24,37
PA,19538,12,41,25,58
PA,19539,21,36,16,52
PA,19540,13,27,18,31
PA,19541,15,48,32,39
PA,19542,20,44,15,52
PA,19543,30,30,27,32
PA,19544,32,22,19,25
PA,19545,21,28,31,40
PA,19547,17,39,25,59
PA,19548,28,28,25,43
PA,19549,17,23,12,27
PA,19550,27,39,9,26
PA,19551,14,38,12,25
PA,19554,28,20,15,34
PA,19555,29,31,28,28
PA,19559,13,45,11,33
PA,19560,18,43,11,22
PA,19562,20,35,27,68
PA,19564,31,23,21,29
PA,19565,26,34,20,38
PA,19567,29,23,26,32
PA,19601,17,33,21,24
PA,19602,21,53,26,23
PA,19603,16,52,14,18
PA,19604,39,49,25,48
PA,19605,12,34,23,34
PA,19606,26,46,32,33
PA,19607,24,20,17,42
PA,19608,23,24,25,47
PA,19609,30,39,28,63
PA,19610,25,27,10,44
PA,19611,34,18,19,56
PA,19612,21,31,31,49
PA,19640,15,20,11,38
DE,19701,15,26,15,22
DE,19702,31,43,11,34
DE,19703,31,34,23,21
DE,19706,23,32,9,18
DE,19707,17,44,13,29
DE,19708,13,28,20,16
DE,19709,32,54,11,18
DE,19710,19,41,10,20
DE,19711,16,26,21,22
DE,19712,23,49,15,47
DE,19713,26,22,21,44
DE,19714,16,38,8,23
DE,19715,34,25,18,38
DE,19716,26,27,17,20
DE,19717,13,34,8,28
DE,19718,15,34,15,22
DE,19720,20,40,8,34
DE,19721,18,22,24,37
DE,19725,17,24,12,38
DE,19726,17,38,11,34
DE,19730,29,18,13,43
DE,19731,32,49,25,25
DE,19732,18,22,21,18
DE,19733,25,33,24,45
DE,19734,19,46,14,25
DE,19735,32,31,7,13
DE,19736,20,29,17,41
DE,19801,35,41,8,26
DE,19802,25,33,10,37
DE,19803,33,34,16,25
DE,19804,32,44,21,32
DE,19805,31,18,16,23
DE,19806,20,30,12,37
DE,19807,27,34,21,37
DE,19808,31,25,7,30
DE,19809,38,24,15,19
DE,19810,16,28,16,44
DE,19850,19,28,7,28
DE,19880,29,30,9,24
DE,19884,12,39,12,49
DE,19885,31,39,20,30
DE,19886,12,25,20,29
DE,19887,30,21,17,42
DE,19889,24,28,8,21
DE,19890,13,40,13,30
DE,19891,28,37,13,24
DE,19892,19,29,19,35
DE,19893,29,33,13,39
DE,19894,22,24,16,22
DE,19895,28,46,21,40
DE,19896,37,23,12,36
DE,19897,27,27,8,39
DE,19898,24,20,12,40
DE,19899,21,40,8,26
DE,19901,16,30,23,21
DE,19902,31,51,23,29
DE,19903,19,45,21,27
DE,19904,32,19,10,37
DE,19905,36,35,15,34
DE,19906,31,40,8,21
DE,19930,28,43,8,34
DE,19931,26,47,14,27
DE,19933,24,18,23,30
DE,19934,38,26,21,29
DE,19936,31,29,20,22
DE,19938,31,20,8,31
DE,19939,15,32,8,19
DE,19940,39,55,18,24
DE,19941,12,50,15,26
DE,19943,19,34,10,41
DE,19944,28,33,18,38
DE,19945,15,35,19,22
DE,19946,26,23,14,16
DE,19947,34,21,15,32
DE,19950,22,44,22,35
DE,19951,25,30,11,27
DE,19952,33,40,9,36
DE,19953,25,28,16,37
DE,19954,41,69,17,28
DE,19955,24,21,24,28
DE,19956,26,37,8,31
DE,19958,19,19,19,32
DE,19960,30,37,23,24
DE,19961,14,27,13,32
DE,19962,38,35,12,23
DE,19963,31,52,14,32
DE,19964,22,18,13,41
DE,19966,17,20,8,31
DE,19967,21,22,23,28
DE,19968,14,41,8,40
DE,19969,16,36,10,28
DE,19970,31,35,23,19
DE,19971,29,19,13,47
DE,19973,38,24,15,27
DE,19975,31,18,20,32
DE,19977,16,21,21,25
DE,19979,20,49,9,34
DE,19980,27,31,8,48
DC,20001,27,26,16,17
DC,20002,18,27,14,14
DC,20003,25,30,17,13
DC,20004,31,30,23,21
DC,20005,26,39,13,18
DC,20006,22,40,15,16
DC,20007,21,33,16,44
DC,20008,31,30,18,21
DC,20009,25,25,12,24
DC,20010,21,31,12,23
DC,20011,11,32,23,16
DC,20012,21,39,24,18
DC,20013,28,34,17,21
DC,20015,37,28,16,45
DC,20016,22,18,23,18
DC,20017,30,24,9,23
DC,20018,17,38,18,18
DC,20019,15,40,18,18
DC,20020,23,49,8,27
DC,20022,32,52,7,31
DC,20023,14,17,19,42
DC,20024,23,33,18,41
DC,20026,27,34,13,50
DC,20027,16,36,8,12
DC,20029,26,47,14,27
DC,20030,18,30,10,44
DC,20032,31,31,21,47
DC,20033,23,37,25,32
DC,20035,38,27,20,30
DC,20036,33,29,7,39
DC,20037,14,24,18,38
DC,20038,27,32,24,41
DC,20039,14,42,14,30
DC,20040,26,26,14,39
DC,20041,27,37,22,14
DC,20042,33,19,12,22
DC,20043,27,43,18,34
DC,20044,26,25,19,16
DC,20045,26,30,22,25
DC,20046,33,30,19,17
DC,20047,22,23,8,43
DC,20049,22,24,8,34
DC,20050,23,34,16,34
DC,20051,12,28,10,44
DC,20052,25,29,9,25
DC,20053,32,34,14,28
DC,20055,30,46,20,32
DC,20056,15,40,9,24
DC,20057,13,36,18,22
DC,20058,15,29,12,38
DC,20059,21,31,14,16
DC,20060,29,16,25,36
DC,20061,17,41,23,47
DC,20062,21,38,18,27
DC,20063,18,23,9,16
DC,20064,14,24,10,22
DC,20065,23,19,18,25
DC,20066,20,21,8,33
DC,20067,38,42,10,31
DC,20068,22,22,20,45
DC,20069,20,37,7,22
DC,20070,23,32,13,20
DC,20071,23,28,7,42
DC,20073,16,32,18,24
DC,20074,16,38,15,22
DC,20075,29,30,25,14
DC,20076,12,37,7,26
DC,20077,25,27,9,36
DC,20078,28,28,12,17
DC,20080,30,26,12,50
DC,20081,37,36,12,28
DC,20082,39,18,22,29
DC,20088,30,23,26,15
DC,20090,26,30,11,37
DC,20091,15,49,9,46
DC,20097,17,41,13,27
DC,20098,26,34,13,22
VA,20101,18,24,24,13
VA,20102,19,58,9,25
VA,20103,17,28,22,20
VA,20104,40,31,7,32
VA,20105,32,51,16,44
VA,20106,20,51,10,38
VA,20107,30,57,21,22
VA,20108,43,47,22,38
VA,20109,31,32,25,32
VA,20110,29,65,9,24
VA,20111,28,29,21,48
VA,20112,35,28,10,34
VA,20113,33,33,11,26
VA,20115,20,29,10,37
VA,20116,15,39,10,21
VA,20117,21,23,7,24
VA,20118,37,34,13,40
VA,20119,17,24,18,18
VA,20120,43,47,13,32
VA,20121,33,23,16,44
VA,20122,32,27,18,22
VA,20124,22,41,16,53
VA,20128,35,42,12,34
VA,20129,27,59,12,12
VA,20130,21,44,15,36
VA,20131,43,29,23,36
VA,20132,45,40,15,36
VA,20134,44,37,13,22
VA,20135,27,43,15,22
VA,20136,30,25,17,19
VA,20137,34,32,11,16
VA,20138,36,37,22,15
VA,20139,19,41,23,42
VA,20140,43,52,17,24
VA,20141,34,35,26,31
VA,20142,20,42,10,31
VA,20143,25,37,17,18
VA,20144,21,42,21,52
VA,20146,45,20,12,36
VA,20147,40,29,20,30
VA,20148,26,55,22,22
VA,20149,35,40,15,25
VA,20151,21,38,16,24
VA,20152,24,40,23,37
VA,20153,39,44,21,33
VA,20155,41,33,13,39
VA,20156,15,29,21,23
VA,20158,28,29,10,40
VA,20159,14,29,8,20
VA,20160,31,43,26,29
VA,20163,49,49,23,54
VA,20164,43,35,13,39
VA,20165,33,40,8,24
VA,20166,35,55,15,31
VA,20167,27,28,8,20
VA,20168,35,29,12,17
VA,20169,25,44,9,34
VA,20170,21,32,20,18
VA,20171,23,38,10,28
VA,20172,20,44,18,32
VA,20175,21,38,13,15
VA,20176,35,32,25,25
VA,20177,44,27,14,39
VA,20178,39,42,12,47
VA,20180,23,65,17,24
VA,20181,26,31,23,30
VA,20182,33,25,13,27
VA,20184,27,44,16,40
VA,20185,30,35,23,42
VA,20186,39,43,12,27
VA,20187,36,26,18,33
VA,20188,21,48,8,28
VA,20189,42,28,24,27
VA,20190,23,21,9,41
VA,20191,16,39,10,25
VA,20192,39,23,24,19
VA,20193,17,52,8,45
VA,20194,15,29,24,39
VA,20195,31,37,22,25
VA,20196,15,38,23,37
VA,20197,20,47,23,31
VA,20198,17,39,12,44
VA,20199,15,44,8,18
DC,20201,14,23,16,19
DC,20202,12,30,15,37
DC,20203,24,52,24,20
DC,20204,30,20,10,17
DC,20206,23,41,16,25
DC,20207,17,36,12,18
DC,20208,19,37,20,20
DC,20210,34,25,21,33
DC,20211,16,44,19,19
DC,20212,20,36,16,43
DC,20213,33,43,15,21
DC,20214,12,26,11,17
DC,20215,34,42,15,25
DC,20216,40,28,17,27
DC,20217,20,46,20,33
DC,20218,16,17,7,41
DC,20219,16,36,7,30
DC,20220,12,26,8,32
DC,20221,30,19,26,30
DC,20222,29,43,18,39
DC,20223,26,39,13,21
DC,20224,13,33,18,39
DC,20226,38,54,15,46
DC,20227,21,28,20,35
DC,20228,22,58,8,42
DC,20229,32,38,9,41
DC,20230,33,32,19,40
DC,20232,35,30,16,26
DC,20233,19,37,10,19
DC,20235,13,23,16,39
DC,20237,29,40,10,26
DC,20238,35,48,15,31
DC,20239,17,35,14,23
DC,20240,13,24,24,30
DC,20241,32,40,14,45
DC,20242,27,32,7,18
DC,20244,19,21,19,30
DC,20245,18,33,22,17
DC,20250,15,40,22,24
DC,20251,19,24,20,31
DC,20252,31,24,18,18
DC,20254,35,23,13,26
DC,20260,24,31,15,31
DC,20261,30,30,19,41
DC,20262,33,51,13,19
DC,20265,23,24,10,22
DC,20266,31,52,14,28
DC,20268,12,38,9,38
DC,20270,28,24,14,24
DC,20277,25,45,21,16
DC,20289,37,33,18,21
DC,20299,27,21,13,34
DC,20301,21,50,9,34
DC,20303,17,33,21,36
DC,20306,18,20,9,29
DC,20307,32,35,22,26
DC,20310,16,29,26,32
DC,20314,31,35,25,18
DC,20317,19,40,16,22
DC,20318,28,21,13,43
DC,20319,32,39,13,28
DC,20330,24,37,10,34
DC,20340,31,32,24,35
DC,20350,18,47,20,37
DC,20355,26,38,20,39
DC,20370,29,43,11,33
DC,20372,13,37,25,34
DC,20373,31,37,18,31
DC,20374,16,23,23,35
DC,20375,39,39,10,45
DC,20376,27,37,21,39
DC,20380,31,21,26,29
DC,20388,37,30,22,33
DC,20389,17,36,7,28
DC,20390,18,23,12,45
DC,20391,12,18,19,37
DC,20392,11,35,17,34
DC,20393,12,37,19,27
DC,20394,25,19,20,38
DC,20395,23,33,22,14
DC,20398,20,47,15,28
DC,20401,32,16,13,34
DC,20402,21,33,11,17
DC,20403,19,38,12,29
DC,20404,33,39,8,38
DC,20405,19,47,11,26
DC,20406,28,34,23,19
DC,20407,28,52,17,31
DC,20408,37,39,12,19
DC,20409,20,39,20,17
DC,20410,15,36,11,28
DC,20411,40,39,8,16
DC,20412,36,27,14,13
DC,20413,20,18,18,20
DC,20414,36,28,15,17
DC,20415,18,45,9,40
DC,20416,23,31,9,35
DC,20417,21,17,18,34
DC,20418,32,52,17,48
DC,20419,34,29,21,40
DC,20420,22,22,24,34
DC,20421,23,48,16,15
DC,20422,23,49,21,25
DC,20423,36,41,19,32
DC,20424,35,28,10,26
DC,20425,18,49,24,21
DC,20426,23,43,12,41
DC,20427,27,37,22,28
DC,20428,31,42,16,30
DC,20429,29,24,18,55
DC,20431,31,29,18,37
DC,20433,26,23,13,15
DC,20434,28,43,15,40
DC,20435,16,19,14,39
DC,20436,16,36,10,18
DC,20437,18,29,20,12
DC,20439,17,39,8,15
DC,20440,12,21,12,32
DC,20441,23,36,18,41
DC,20442,26,23,7,18
DC,20444,14,41,21,26
DC,20447,29,40,15,36
DC,20451,16,20,16,28
DC,20453,21,30,20,24
DC,20456,31,52,16,38
DC,20460,36,34,10,36
DC,20463,30,25,14,16
DC,20468,28,18,21,33
DC,20469,31,48,16,26
DC,20470,22,36,13,22
DC,20472,23,43,18,25
DC,20500,21,16,24,27
DC,20501,11,28,24,42
DC,20502,19,35,19,16
DC,20503,23,35,19,44
DC,20504,18,40,9,33
DC,20505,16,21,20,32
DC,20506,39,39,9,14
DC,20507,19,26,18,22
DC,20508,24,28,16,46
DC,20509,22,37,7,43
DC,20510,35,18,10,36
DC,20511,26,18,21,39
DC,20515,21,30,20,32
DC,20520,19,20,12,34
DC,20521,36,40,24,41
DC,20522,19,23,20,17
DC,20523,23,37,13,24
DC,20524,32,21,13,34
DC,20525,30,36,17,18
DC,20526,16,23,9,21
DC,20527,23,23,8,24
DC,20528,24,42,14,22
DC,20529,14,30,24,36
DC,20530,20,40,20,28
DC,20531,14,34,13,30
DC,20532,21,35,9,45
DC,20533,18,37,8,37
DC,20534,31,19,8,23
DC,20535,16,22,14,42
DC,20536,17,25,18,33
DC,20537,19,37,13,28
DC,20538,12,30,25,26
DC,20539,13,23,26,39
DC,20540,37,39,22,26
DC,20541,14,54,20,18
DC,20542,22,29,19,35
DC,20543,23,47,10,42
DC,20544,25,42,24,50
DC,20546,22,29,12,32
DC,20547,25,26,10,50
DC,20548,37,46,13,18
DC,20549,25,28,23,35
DC,20551,24,24,13,17
DC,20552,26,30,17,39
DC,20553,26,35,15,27
DC,20554,31,19,12,27
DC,20555,33,35,12,20
DC,20557,28,35,23,21
DC,20558,19,28,18,29
DC,20559,22,37,21,43
DC,20560,35,38,9,46
DC,20565,38,17,11,41
DC,20566,38,55,14,34
DC,20570,14,26,13,19
DC,20571,18,35,8,32
DC,20572,23,43,23,28
DC,20573,26,18,9,25
DC,20575,21,49,15,24
DC,20576,36,34,14,34
DC,20577,23,36,11,36
DC,20578,22,50,19,35
DC,20579,31,41,8,18
DC,20580,19,24,18,17
DC,20581,40,31,16,26
DC,20585,24,35,25,31
DC,20586,30,34,21,36
MD,20588,40,33,8,29
DC,20590,31,48,26,39
DC,20591,23,36,14,35
DC,20593,30,25,10,36
DC,20594,34,29,26,31
DC,20597,21,46,9,29
VA,20598,18,60,17,27
DC,20599,29,34,18,48
MD,20601,26,40,14,35
MD,20602,29,27,14,21
MD,20603,33,24,8,32
MD,20604,47,66,11,18
MD,20606,43,48,22,47
MD,20607,21,48,21,26
MD,20608,19,68,20,31
MD,20609,41,64,22,28
MD,20610,37,44,22,14
MD,20611,15,51,23,29
MD,20612,15,59,11,38
MD,20613,35,58,21,31
MD,20615,39,40,22,28
MD,20616,42,33,10,17
MD,20617,33,48,8,34
MD,20618,39,39,19,39
MD,20619,31,24,17,25
MD,20620,29,48,12,35
MD,20621,24,47,21,20
MD,20622,15,39,26,35
MD,20623,28,63,10,39
MD,20624,38,34,14,34
MD,20625,31,32,21,26
MD,20626,18,44,18,24
MD,20627,25,50,14,55
MD,20628,34,37,15,14
MD,20629,37,41,13,34
MD,20630,27,48,24,23
MD,20632,31,50,22,48
MD,20634,37,36,13,46
MD,20635,37,32,11,12
MD,20636,22,54,7,19
MD,20637,29,46,9,48
MD,20639,23,42,8,41
MD,20640,22,32,14,21
MD,20643,17,23,12,30
MD,20645,20,30,22,40
MD,20646,22,43,23,43
MD,20650,16,26,21,21
MD,20653,37,25,22,40
MD,20656,41,41,9,17
MD,20657,33,44,13,48
MD,20658,28,55,15,27
MD,20659,35,39,23,26
MD,20660,27,36,7,27
MD,20661,38,60,16,44
MD,20662,34,29,9,47
MD,20664,32,46,20,48
MD,20667,24,44,16,16
MD,20670,46,45,22,26
MD,20674,30,45,20,37
MD,20675,29,37,21,29
MD,20676,27,26,23,26
MD,20677,19,49,12,26
MD,20678,38,61,13,43
MD,20680,32,53,23,44
MD,20682,32,38,15,42
MD,20684,15,45,8,54
MD,20685,27,26,17,24
MD,20686,30,43,9,33
MD,20687,34,35,10,25
MD,20688,28,33,18,18
MD,20689,30,49,22,19
MD,20690,24,44,7,15
MD,20692,34,37,20,38
MD,20693,26,25,10,26
MD,20695,14,52,10,30
MD,20697,27,26,18,44
MD,20701,23,33,21,24
MD,20703,17,34,19,50
MD,20704,22,58,16,15
MD,20705,41,55,21,42
MD,20706,37,37,13,24
MD,20707,32,34,23,30
MD,20708,20,40,19,25
MD,20709,29,55,8,46
MD,20710,14,37,12,15
MD,20711,31,34,9,36
MD,20712,45,56,16,22
MD,20714,47,56,15,25
MD,20715,31,39,15,22
MD,20716,25,51,13,36
MD,20717,25,47,7,20
MD,20718,21,35,27,31
MD,20719,33,21,25,39
MD,20720,31,29,13,17
MD,20721,26,32,16,24
MD,20722,41,28,9,35
MD,20723,29,42,24,23
MD,20724,16,34,10,17
MD,20725,16,45,13,50
MD,20726,18,59,20,22
MD,20731,38,51,14,21
MD,20732,16,58,12,30
MD,20733,41,34,10,33
MD,20735,36,43,18,41
MD,20736,23,44,21,30
MD,20737,20,31,17,40
MD,20738,19,49,16,19
MD,20740,19,30,17,32
MD,20741,32,42,14,36
MD,20742,29,66,10,26
MD,20743,29,57,14,33
MD,20744,18,45,16,37
MD,20745,44,41,9,33
MD,20746,32,33,16,19
MD,20747,26,22,16,26
MD,20748,32,29,10,17
MD,20749,30,57,18,34
MD,20750,38,41,14,24
MD,20751,34,22,18,20
MD,20752,32,22,16,25
MD,20753,47,33,23,32
MD,20754,19,50,24,20
MD,20755,34,29,8,21
MD,20757,23,34,15,37
MD,20758,44,35,25,25
MD,20759,28,50,12,13
MD,20762,46,49,17,28
MD,20763,21,27,20,31
MD,20764,28,42,8,40
MD,20765,42,45,14,42
MD,20768,48,45,21,19
MD,20769,27,32,21,25
MD,20770,23,44,24,18
MD,20771,40,20,18,17
MD,20772,43,22,14,41
MD,20773,31,46,23,29
MD,20774,40,26,26,35
MD,20775,38,25,23,30
MD,20776,39,23,14,23
MD,20777,36,42,10,24
MD,20778,17,32,10,18
MD,20779,20,29,17,31
MD,20781,16,32,16,41
MD,20782,17,58,16,23
MD,20783,19,35,17,39
MD,20784,21,30,11,36
MD,20785,34,54,12,19
MD,20787,38,29,19,22
MD,20788,27,24,23,25
MD,20790,19,39,18,48
MD,20791,14,32,15,29
MD,20792,23,44,13,26
MD,20794,23,32,8,18
MD,20797,19,32,21,36
MD,20799,33,46,22,26
MD,20810,30,52,19,46
MD,20811,18,42,9,32
MD,20812,32,29,14,15
MD,20813,42,43,9,29
MD,20814,30,54,17,17
MD,20815,14,30,7,20
MD,20816,36,34,17,39
MD,20817,23,26,19,38
MD,20818,14,20,12,18
MD,20824,32,59,19,26
MD,20825,28,38,12,26
MD,20827,33,40,14,16
MD,20830,43,57,12,35
MD,20832,38,32,18,34
MD,20833,42,58,23,29
MD,20837,22,37,12,25
MD,20838,18,40,18,31
MD,20839,15,41,9,17
MD,20841,30,33,9,14
MD,20842,34,46,21,22
MD,20847,24,23,13,29
MD,20848,41,32,18,38
MD,20849,48,32,26,37
MD,20850,24,44,8,42
MD,20851,21,25,15,20
MD,20852,43,36,9,29
MD,20853,39,50,23,29
MD,20854,21,29,20,38
MD,20855,20,29,16,19
MD,20857,27,30,16,28
MD,20859,45,40,9,37
MD,20860,41,46,21,19
MD,20861,28,47,9,30
MD,20862,29,33,21,18
MD,20866,43,39,22,32
MD,20868,26,33,21,20
MD,20871,24,42,15,21
MD,20872,38,50,21,34
MD,20874,15,27,14,22
MD,20875,21,45,19,46
MD,20876,33,51,22,19
MD,20877,33,29,10,26
MD,20878,26,36,16,34
MD,20879,31,40,11,15
MD,20880,25,27,18,25
MD,20882,44,40,17,20
MD,20883,37,23,15,24
MD,20884,28,48,19,17
MD,20885,32,50,18,21
MD,20886,40,34,19,18
MD,20889,43,32,14,13
MD,20891,40,59,17,23
MD,20892,37,59,22,37
MD,20894,17,30,19,32
MD,20895,18,28,23,43
MD,20896,41,50,14,15
MD,20897,17,28,21,36
MD,20898,21,32,18,36
MD,20899,20,57,13,23
MD,20901,15,64,10,21
MD,20902,40,32,9,21
MD,20903,14,34,17,26
MD,20904,25,45,13,44
MD,20905,37,36,19,34
MD,20906,34,43,13,27
MD,20907,25,46,18,32
MD,20908,34,34,15,23
MD,20910,35,35,14,51
MD,20911,29,53,13,34
MD,20912,38,50,22,36
MD,20913,34,34,19,29
MD,20914,21,50,22,30
MD,20915,31,33,24,39
MD,20916,47,35,25,14
MD,20918,18,30,24,33
MD,20993,38,38,17,33
MD,20997,24,34,17,22
MD,21001,18,42,17,18
MD,21005,28,52,23,20
MD,21009,20,32,12,43
MD,21010,18,22,7,42
MD,21012,14,43,21,17
MD,21013,15,25,21,17
MD,21014,22,30,21,25
MD,21015,17,29,15,20
MD,21017,27,46,19,32
MD,21018,38,37,20,20
MD,21020,41,36,9,31
MD,21022,37,56,11,20
MD,21023,17,27,19,24
MD,21027,25,53,9,24
MD,21028,42,45,14,21
MD,21029,38,43,16,40
MD,21030,16,60,25,39
MD,21031,37,26,24,36
MD,21032,35,36,13,46
MD,21034,32,35,17,38
MD,21035,22,65,25,31
MD,21036,17,49,11,42
MD,21037,31,33,9,27
MD,21040,36,31,25,32
MD,21041,42,61,12,22
MD,21042,36,58,8,15
MD,21043,42,48,10,24
MD,21044,24,43,12,24
MD,21045,39,40,25,19
MD,21046,40,42,22,21
MD,21047,31,33,20,36
MD,21048,22,36,15,27
MD,21050,29,54,10,35
MD,21051,35,48,9,19
MD,21052,39,41,18,17
MD,21053,25,38,16,14
MD,21054,30,27,14,15
MD,21056,28,41,23,24
MD,21057,28,49,15,46
MD,21060,24,65,15,34
MD,21061,13,38,9,22
MD,21062,41,55,11,34
MD,21065,25,43,12,22
MD,21071,34,29,25,13
MD,21074,37,44,14,12
MD,21075,40,59,13,13
MD,21076,31,43,15,30
MD,21077,41,29,23,15
MD,21078,14,29,19,19
MD,21082,18,49,7,27
MD,21084,33,43,9,41
MD,21085,40,21,25,37
MD,21087,42,62,9,35
MD,21088,18,61,22,35
MD,21090,35,44,8,38
MD,21092,39,29,16,29
MD,21093,24,44,12,28
MD,21094,21,48,13,21
MD,21098,25,29,16,36
MD,21102,16,29,26,26
MD,21104,47,30,8,36
MD,21105,13,35,14,35
MD,21106,40,53,24,21
MD,21108,23,27,9,24
MD,21111,25,24,8,20
MD,21113,21,21,10,40
MD,21114,33,44,9,19
MD,21117,26,49,8,37
MD,21120,24,29,23,19
MD,21122,23,32,7,24
MD,21123,33,50,20,26
MD,21128,15,30,21,13
MD,21130,20,30,20,27
MD,21131,39,62,32,57
MD,21132,27,34,14,35
MD,21133,16,26,16,33
MD,21136,42,60,21,20
MD,21139,35,51,22,33
MD,21140,27,55,25,32
MD,21144,40,29,17,25
MD,21146,19,46,10,31
MD,21150,26,38,13,41
MD,21152,19,37,12,27
MD,21153,16,50,20,19
MD,21154,16,33,13,25
MD,21155,20,54,18,20
MD,21156,33,37,7,37
MD,21157,34,27,11,16
MD,21158,27,30,11,15
MD,21160,32,44,22,16
MD,21161,28,39,8,24
MD,21162,14,52,10,18
MD,21163,30,32,14,21
MD,21201,31,49,12,47
MD,21202,40,38,9,24
MD,21203,33,23,16,32
MD,21204,17,26,24,34
MD,21205,27,48,25,34
MD,21206,48,25,8,30
MD,21207,29,33,26,43
MD,21208,38,45,18,34
MD,21209,13,46,9,50
MD,21210,46,30,24,31
MD,21211,40,32,8,35
MD,21212,33,47,7,42
MD,21213,31,50,26,28
MD,21214,21,25,22,24
MD,21215,37,45,18,43
MD,21216,25,28,22,18
MD,21217,26,29,10,26
MD,21218,23,39,9,22
MD,21219,26,48,24,45
MD,21220,42,32,11,40
MD,21221,44,24,22,19
MD,21222,24,38,10,27
MD,21223,29,31,9,29
MD,21224,26,54,22,21
MD,21225,33,41,8,43
MD,21226,26,23,8,30
MD,21227,34,24,23,32
MD,21228,18,34,13,31
MD,21229,47,24,11,32
MD,21230,34,30,16,27
MD,21231,19,51,16,27
MD,21233,28,50,24,15
MD,21234,25,46,12,42
MD,21235,25,31,10,41
MD,21236,40,29,20,42
MD,21237,39,34,22,41
MD,21239,25,66,17,31
MD,21240,33,28,10,37
MD,21241,15,26,21,24
MD,21244,29,25,9,52
MD,21250,26,32,27,34
MD,21251,27,56,23,13
MD,21252,29,33,10,26
MD,21260,25,39,20,31
MD,21261,29,23,18,18
MD,21263,23,20,16,38
MD,21264,23,30,20,17
MD,21265,31,33,21,26
MD,21268,19,32,8,32
MD,21270,37,37,9,22
MD,21273,26,36,18,18
MD,21274,20,52,16,19
MD,21275,15,37,18,24
MD,21278,50,68,23,42
MD,21279,40,53,8,31
MD,21280,26,51,8,46
MD,21281,43,47,21,41
MD,21282,35,31,21,30
MD,21283,36,34,14,37
MD,21284,24,37,18,18
MD,21285,13,51,24,41
MD,21286,15,39,14,21
MD,21287,35,39,21,33
MD,21288,20,52,12,16
MD,21289,39,27,12,19
MD,21290,29,29,12,30
MD,21297,28,58,22,35
MD,21298,23,33,16,37
MD,21401,37,66,24,24
MD,21402,37,30,11,22
MD,21403,17,31,12,20
MD,21404,37,48,15,33
MD,21405,39,29,24,27
MD,21409,19,44,20,19
MD,21411,35,47,24,20
MD,21412,26,63,19,30
MD,21501,15,45,13,15
MD,21502,16,49,19,19
MD,21503,47,40,9,20
MD,21504,40,39,20,47
MD,21505,31,45,22,42
MD,21520,17,35,10,20
MD,21521,35,57,12,43
MD,21522,16,70,22,48
MD,21523,37,34,13,45
MD,21524,20,30,11,29
MD,21528,37,38,12,31
MD,21529,28,31,11,24
MD,21530,17,61,25,29
MD,21531,38,29,9,19
MD,21532,31,66,9,35
MD,21536,21,27,16,42
MD,21538,20,59,14,23
MD,21539,29,60,16,18
MD,21540,20,40,21,16
MD,21541,17,31,12,24
MD,21542,36,64,8,25
MD,21543,30,44,20,50
MD,21545,37,24,19,20
MD,21550,33,39,13,43
MD,21555,43,51,19,14
MD,21556,32,56,21,39
MD,21557,34,62,15,31
MD,21560,22,57,21,22
MD,21561,42,36,22,26
MD,21562,35,42,22,29
MD,21601,30,22,16,48
MD,21606,40,32,26,18
MD,21607,30,46,14,19
MD,21609,15,35,13,25
MD,21610,42,58,18,17
MD,21612,14,58,23,38
MD,21613,27,50,20,31
MD,21617,17,50,11,41
MD,21619,30,54,9,33
MD,21620,18,29,13,16
MD,21622,44,63,23,30
MD,21623,28,33,20,20
MD,21624,13,25,8,38
MD,21625,44,39,21,22
MD,21626,26,28,8,29
MD,21627,21,51,20,23
MD,21628,32,68,8,46
MD,21629,27,45,22,40
MD,21631,37,46,9,25
MD,21632,16,63,16,28
MD,21634,31,42,23,38
MD,21635,36,55,14,24
MD,21636,21,36,11,38
MD,21638,24,28,11,38
MD,21639,43,26,17,37
MD,21640,27,37,15,41
MD,21641,19,44,8,38
MD,21643,13,41,11,22
MD,21644,46,44,23,43
MD,21645,30,33,10,19
MD,21647,31,21,8,35
MD,21648,26,33,18,41
MD,21649,24,63,7,20
MD,21650,33,36,13,33
MD,21651,40,55,21,21
MD,21652,14,22,18,38
MD,21653,33,48,7,27
MD,21654,31,33,19,46
MD,21655,18,39,13,26
MD,21656,38,64,23,31
MD,21657,37,67,25,27
MD,21658,31,20,24,22
MD,21659,35,56,11,21
MD,21660,39,20,19,20
MD,21661,36,31,8,25
MD,21662,35,20,9,24
MD,21663,26,46,13,36
MD,21664,37,54,13,30
MD,21665,22,23,17,38
MD,21666,45,22,8,20
MD,21667,16,43,19,38
MD,21668,34,49,19,41
MD,21669,32,52,17,35
MD,21670,35,36,21,32
MD,21671,24,61,9,38
MD,21672,23,39,22,40
MD,21673,26,49,8,40
MD,21675,28,40,14,31
MD,21676,38,33,10,35
MD,21677,44,51,14,39
MD,21678,43,54,21,21
MD,21679,36,52,7,24
MD,21681,39,26,23,36
MD,21682,27,43,8,26
MD,21683,41,57,16,29
MD,21684,28,30,10,16
MD,21685,34,25,20,35
MD,21686,18,33,21,40
MD,21687,42,49,7,28
MD,21688,25,39,19,21
MD,21690,28,57,24,40
MD,21701,24,38,9,34
MD,21702,16,29,18,36
MD,21703,21,32,13,22
MD,21704,16,38,18,19
MD,21705,30,65,9,40
MD,21709,44,69,20,30
MD,21710,41,53,13,43
MD,21711,43,24,10,31
MD,21713,17,25,25,31
MD,21714,16,49,22,33
MD,21715,41,30,14,42
MD,21716,25,36,27,18
MD,21717,28,31,16,22
MD,21718,31,46,10,37
MD,21719,23,53,16,48
MD,21720,43,42,21,28
MD,21721,14,38,16,21
MD,21722,21,26,18,40
MD,21723,17,34,24,25
MD,21727,36,37,12,31
MD,21733,19,48,15,55
MD,21734,41,51,9,46
MD,21737,45,24,11,29
MD,21738,35,51,18,19
MD,21740,36,63,12,34
MD,21741,39,19,21,43
MD,21742,46,40,14,26
MD,21746,17,44,23,29
MD,21747,23,23,20,38
MD,21748,30,57,20,22
MD,21749,16,34,21,28
MD,21750,42,34,13,22
MD,21754,15,47,26,12
MD,21755,22,46,19,42
MD,21756,19,41,16,23
MD,21757,37,36,12,22
MD,21758,13,20,17,34
MD,21759,21,37,9,26
MD,21762,30,45,8,40
MD,21765,21,58,15,16
MD,21766,26,39,18,20
MD,21767,45,56,13,53
MD,21769,19,44,9,36
MD,21770,14,41,24,30
MD,21771,43,25,22,17
MD,21773,36,30,18,13
MD,21774,18,47,21,13
MD,21775,39,34,12,19
MD,21776,32,51,7,34
MD,21777,32,33,21,46
MD,21778,41,55,17,28
MD,21779,31,41,12,23
MD,21780,32,60,15,21
MD,21781,26,32,22,23
MD,21782,30,38,20,27
MD,21783,18,43,14,28
MD,21784,44,26,15,33
MD,21787,41,28,17,45
MD,21788,36,50,21,30
MD,21790,29,43,7,17
MD,21791,21,30,24,40
MD,21792,16,49,14,29
MD,21793,24,54,16,25
MD,21794,19,40,22,49
MD,21795,30,55,24,19
MD,21797,46,27,12,31
MD,21798,40,45,14,23
MD,21801,39,53,8,36
MD,21802,22,42,18,22
MD,21803,28,29,15,18
MD,21804,31,30,21,14
MD,21810,21,37,7,28
MD,21811,28,33,21,16
MD,21813,25,65,11,32
MD,21814,21,28,12,43
MD,21817,16,60,24,28
MD,21821,38,33,19,19
MD,21822,38,28,14,39
MD,21824,28,40,8,22
MD,21826,31,30,25,44
MD,21829,34,37,16,14
MD,21830,38,43,23,25
MD,21835,19,28,8,36
MD,21836,19,25,20,13
MD,21837,15,26,11,24
MD,21838,20,61,18,31
MD,21840,26,52,9,16
MD,21841,28,42,22,36
MD,21842,14,51,21,20
MD,21843,26,51,11,22
MD,21849,25,34,20,13
MD,21850,15,42,23,17
MD,21851,19,40,23,46
MD,21852,34,38,11,20
MD,21853,18,51,17,26
MD,21856,35,42,21,31
MD,21857,32,40,7,51
MD,21861,41,51,16,52
MD,21862,29,32,21,21
MD,21863,24,19,8,20
MD,21864,42,26,26,50
MD,21865,35,41,22,33
MD,21866,23,27,13,28
MD,21867,43,20,10,15
MD,21869,35,34,7,19
MD,21871,30,36,10,28
MD,21872,14,29,12,35
MD,21874,38,28,24,25
MD,21875,44,46,21,28
MD,21890,37,51,8,44
MD,21901,20,42,15,26
MD,21902,25,47,24,29
MD,21903,22,35,13,19
MD,21904,15,49,24,37
MD,21911,28,34,17,28
MD,21912,27,25,13,23
MD,21913,28,22,9,49
MD,21914,19,41,10,46
MD,21915,24,59,22,33
MD,21916,28,35,21,28
MD,21917,35,40,21,46
MD,21918,31,37,15,27
MD,21919,45,43,15,29
MD,21920,38,43,9,33
MD,21921,38,36,12,38
MD,21922,31,31,15,20
MD,21930,23,59,10,18
VA,22003,35,40,20,25
VA,22009,46,52,23,30
VA,22015,35,40,25,31
VA,22025,19,48,24,49
VA,22026,19,37,18,34
VA,22027,24,25,20,17
VA,22030,40,28,13,43
VA,22031,14,45,15,19
VA,22032,18,41,10,26
VA,22033,14,58,20,37
VA,22034,17,47,26,23
VA,22035,33,31,17,21
VA,22036,20,42,22,39
VA,22037,44,38,13,42
VA,22038,14,61,8,34
VA,22039,35,30,13,42
VA,22040,23,25,16,41
VA,22041,32,49,9,19
VA,22042,30,43,22,37
VA,22043,21,64,14,48
VA,22044,29,45,22,44
VA,22046,21,27,16,36
VA,22047,17,40,19,30
VA,22060,35,44,9,16
VA,22066,21,34,22,38
VA,22067,25,37,15,32
VA,22079,18,49,23,29
VA,22081,43,57,13,36
VA,22082,23,47,23,41
VA,22092,19,44,17,25
VA,22093,22,45,9,27
VA,22095,24,42,14,29
VA,22096,32,60,22,37
VA,22101,30,21,12,36
VA,22102,24,54,11,24
VA,22103,41,53,19,25
VA,22106,27,55,17,27
VA,22107,28,31,8,29
VA,22108,20,33,11,40
VA,22109,34,34,11,48
VA,22116,34,46,12,34
VA,22118,19,26,18,41
VA,22119,22,40,24,29
VA,22120,32,53,17,43
VA,22121,45,49,10,29
VA,22122,34,23,16,15
VA,22124,46,49,23,17
VA,22125,16,27,9,20
VA,22134,20,24,10,22
VA,22135,25,42,8,26
VA,22150,29,54,26,40
VA,22151,24,53,18,20
VA,22152,16,61,9,19
VA,22153,15,35,21,23
VA,22156,16,65,18,42
VA,22158,39,30,14,22
VA,22159,33,33,25,20
VA,22160,28,31,24,20
VA,22161,27,52,11,19
VA,22172,15,59,15,20
VA,22180,23,29,23,19
VA,22181,14,53,17,13
VA,22182,24,44,12,19
VA,22183,26,34,7,26
VA,22184,44,65,14,42
VA,22185,27,29,12,27
VA,22191,22,30,22,23
VA,22192,46,23,17,27
VA,22193,26,28,21,24
VA,22194,30,35,9,44
VA,22195,29,38,21,19
VA,22199,26,38,21,30
VA,22201,43,29,9,41
VA,22202,24,23,22,25
VA,22203,21,27,10,34
VA,22204,27,39,24,26
VA,22205,41,35,8,31
VA,22206,40,53,16,31
VA,22207,36,38,19,16
VA,22209,30,42,11,13
VA,22210,27,32,12,23
VA,22211,15,63,19,39
VA,22212,35,41,23,53
VA,22213,14,46,15,21
VA,22214,28,34,15,37
VA,22215,29,39,16,20
VA,22216,14,28,14,41
VA,22217,35,26,22,25
VA,22218,29,36,15,31
VA,22219,17,35,10,16
VA,22222,34,45,11,34
VA,22223,28,42,15,20
VA,22225,14,34,25,22
VA,22226,43,57,8,21
VA,22227,14,33,19,33
VA,22229,39,40,24,13
VA,22230,18,36,10,31
VA,22234,37,51,16,15
VA,22240,27,36,7,28
VA,22241,19,42,14,30
VA,22242,39,37,19,51
VA,22243,20,41,25,23
VA,22244,40,46,24,40
VA,22245,23,32,15,20
VA,22246,31,31,17,15
VA,22301,27,45,14,18
VA,22302,20,41,13,47
VA,22303,35,57,16,40
VA,22304,15,36,18,18
VA,22305,17,26,13,30
VA,22306,37,23,10,38
VA,22307,29,48,18,24
VA,22308,19,46,24,34
VA,22309,20,22,8,28
VA,22310,30,34,19,40
VA,22311,24,50,9,44
VA,22312,25,32,13,40
VA,22313,40,58,10,16
VA,22314,43,68,10,42
VA,22315,24,53,12,35
VA,22320,22,29,19,28
VA,22321,45,30,20,20
VA,22331,16,35,24,29
VA,22332,19,43,15,39
VA,22333,34,34,8,31
VA,22334,43,42,19,15
VA,22336,25,51,23,26
VA,22350,18,51,18,26
VA,22401,18,67,9,22
VA,22402,27,39,7,25
VA,22403,15,24,10,25
VA,22404,34,19,17,16
VA,22405,33,46,20,20
VA,22406,38,26,20,23
VA,22407,26,45,8,28
VA,22408,29,37,23,15
VA,22412,40,33,21,32
VA,22427,31,27,11,23
VA,22428,28,41,15,13
VA,22430,21,66,15,28
VA,22432,26,22,14,42
VA,22433,21,27,21,29
VA,22435,23,39,20,32
VA,22436,26,31,14,26
VA,22437,43,37,14,38
VA,22438,40,37,13,38
VA,22442,43,43,24,26
VA,22443,28,53,19,43
VA,22446,23,27,11,27
VA,22448,26,29,24,14
VA,22451,33,41,20,29
VA,22454,27,28,14,13
VA,22456,37,36,20,28
VA,22460,36,37,14,27
VA,22463,14,37,21,29
VA,22469,27,39,10,31
VA,22471,44,35,14,20
VA,22472,20,39,23,33
VA,22473,27,47,25,23
VA,22476,32,40,12,46
VA,22480,31,43,20,46
VA,22481,41,59,10,15
VA,22482,37,42,15,32
VA,22485,16,34,19,35
VA,22488,42,21,19,43
VA,22501,19,43,15,21
VA,22503,14,40,10,25
VA,22504,35,35,10,18
VA,22507,21,45,14,19
VA,22508,28,52,19,20
VA,22509,26,22,11,38
VA,22511,35,46,18,30
VA,22513,39,44,12,40
VA,22514,38,22,22,27
VA,22517,13,24,15,17
VA,22520,28,49,10,30
VA,22523,30,28,8,38
VA,22524,34,42,23,33
VA,22526,20,50,13,21
VA,22528,35,40,17,27
VA,22529,23,44,21,25
VA,22530,30,33,14,23
VA,22534,27,23,22,24
VA,22535,30,27,9,28
VA,22538,32,60,19,30
VA,22539,36,19,20,22
VA,22542,33,46,14,14
VA,22544,34,36,8,26
VA,22545,37,38,13,38
VA,22546,42,41,21,21
VA,22547,45,40,22,31
VA,22548,26,24,11,31
VA,22551,17,31,8,36
VA,22552,18,33,19,22
VA,22553,37,23,24,31
VA,22554,41,50,14,40
VA,22555,25,41,16,41
VA,22556,26,47,16,15
VA,22558,28,57,18,24
VA,22560,32,26,10,16
VA,22565,16,48,20,30
VA,22567,16,59,12,42
VA,22570,44,27,21,30
VA,22572,26,47,20,43
VA,22576,35,45,14,33
VA,22577,28,64,25,18
VA,22578,34,41,15,29
VA,22579,36,48,10,31
VA,22580,17,44,20,16
VA,22581,29,60,17,34
VA,22601,33,39,26,13
VA,22602,22,47,13,45
VA,22603,20,35,10,41
VA,22604,18,29,25,16
VA,22610,16,33,23,41
VA,22611,37,31,19,20
VA,22620,21,46,13,26
VA,22622,39,39,18,25
VA,22623,21,56,12,20
VA,22624,24,50,10,34
VA,22625,22,53,15,26
VA,22626,28,49,19,14
VA,22627,16,24,12,32
VA,22630,29,27,10,24
VA,22637,28,52,9,23
VA,22639,38,42,21,50
VA,22640,25,39,18,25
VA,22641,40,42,13,25
VA,22642,31,29,17,30
VA,22643,19,49,25,24
VA,22644,24,51,22,49
VA,22645,41,47,19,24
VA,22646,23,42,13,26
VA,22649,32,46,16,18
VA,22650,24,60,8,47
VA,22652,19,40,7,15
VA,22654,19,43,19,16
VA,22655,35,24,22,30
VA,22656,17,37,21,22
VA,22657,29,57,20,21
VA,22660,37,38,22,41
VA,22663,23,38,19,32
VA,22664,22,32,14,17
VA,22701,20,58,14,22
VA,22709,24,28,17,36
VA,22711,36,60,9,30
VA,22712,36,49,20,30
VA,22713,45,46,18,46
VA,22714,37,52,10,30
VA,22715,37,25,15,24
VA,22716,28,31,23,19
VA,22718,34,38,9,27
VA,22719,28,25,13,30
VA,22720,30,48,15,36
VA,22721,45,46,10,15
VA,22722,21,49,12,35
VA,22723,19,56,18,41
VA,22724,48,36,17,27
VA,22725,39,32,9,21
VA,22726,40,44,14,47
VA,22727,41,33,23,18
VA,22728,17,60,15,20
VA,22729,41,57,18,22
VA,22730,40,29,17,14
VA,22731,13,44,21,39
VA,22732,18,29,17,18
VA,22733,20,32,17,19
VA,22734,35,41,9,21
VA,22735,25,54,22,37
VA,22736,36,34,21,50
VA,22737,25,32,18,28
VA,22738,20,36,18,31
VA,22739,29,27,17,37
VA,22740,20,37,12,31
VA,22741,37,48,9,26
VA,22742,27,52,12,40
VA,22743,39,55,10,23
VA,22746,14,51,16,17
VA,22747,28,52,25,24
VA,22748,34,30,16,44
VA,22749,32,38,11,29
VA,22801,26,38,23,25
VA,22802,37,41,10,41
VA,22803,39,44,10,38
VA,22807,27,38,16,32
VA,22810,35,26,7,43
VA,22811,15,32,21,18
VA,22812,35,21,11,33
VA,22815,29,40,16,18
VA,22820,25,43,11,44
VA,22821,38,31,10,32
VA,22824,42,32,7,16
VA,22827,25,49,25,19
VA,22830,42,30,21,29
VA,22831,17,44,7,43
VA,22832,25,31,17,42
VA,22833,44,24,10,24
VA,22834,20,45,16,15
VA,22835,45,34,8,22
VA,22840,46,55,16,47
VA,22841,37,50,25,38
VA,22842,31,44,14,33
VA,22843,38,63,11,27
VA,22844,22,47,21,29
VA,22845,38,46,19,16
VA,22846,29,52,10,25
VA,22847,40,29,13,28
VA,22848,19,56,22,31
VA,22849,20,41,19,23
VA,22850,33,29,13,15
VA,22851,21,51,18,40
VA,22853,17,61,19,37
VA,22901,28,29,11,27
VA,22902,25,31,12,31
VA,22903,26,38,12,29
VA,22904,18,62,8,17
VA,22905,21,31,14,37
VA,22906,28,39,17,35
VA,22907,38,36,14,41
VA,22908,35,65,9,17
VA,22909,40,28,26,45
VA,22910,37,62,21,13
VA,22911,44,23,9,17
VA,22920,48,38,16,18
VA,22922,21,64,11,26
VA,22923,35,32,24,44
VA,22924,41,55,21,28
VA,22931,32,61,21,20
VA,22932,14,43,16,13
VA,22935,44,60,8,41
VA,22936,45,26,16,33
VA,22937,38,40,12,33
VA,22938,36,34,7,22
VA,22939,16,62,18,44
VA,22940,21,46,16,41
VA,22942,33,23,20,28
VA,22943,17,45,23,40
VA,22945,33,39,23,29
VA,22946,22,24,15,28
VA,22947,23,47,7,24
VA,22948,32,61,23,29
VA,22949,25,62,7,27
VA,22952,24,30,20,34
VA,22957,49,49,25,35
VA,22958,37,30,23,32
VA,22959,15,25,8,29
VA,22960,25,44,21,38
VA,22963,37,35,12,27
VA,22964,37,56,23,25
VA,22965,22,48,17,32
VA,22967,39,31,20,20
VA,22968,29,47,8,31
VA,22969,31,43,14,30
VA,22971,38,41,9,13
VA,22972,24,45,14,30
VA,22973,38,48,22,20
VA,22974,38,37,23,23
VA,22976,24,55,10,23
VA,22980,39,37,16,32
VA,22987,24,44,18,35
VA,22989,16,35,18,29
VA,23001,43,34,12,33
VA,23002,19,55,20,22
VA,23003,42,22,24,12
VA,23004,13,29,7,34
VA,23005,39,40,25,20
VA,23009,33,26,17,29
VA,23011,38,44,22,23
VA,23014,18,61,18,15
VA,23015,17,53,8,22
VA,23018,16,34,16,32
VA,23021,38,41,11,20
VA,23022,44,28,22,16
VA,23023,34,38,10,27
VA,23024,40,21,17,19
VA,23025,27,43,14,43
VA,23027,23,21,9,36
VA,23030,26,36,22,38
VA,23031,34,42,10,35
VA,23032,42,35,9,42
VA,23035,33,40,14,35
VA,23038,25,52,13,21
VA,23039,48,39,15,18
VA,23040,32,37,10,30
VA,23043,22,34,23,48
VA,23045,31,45,19,23
VA,23047,44,48,19,29
VA,23050,49,36,12,26
VA,23055,26,19,10,28
VA,23056,17,29,25,18
VA,23058,38,38,13,21
VA,23059,22,19,21,45
VA,23060,26,40,14,37
VA,23061,25,33,20,48
VA,23062,39,56,9,37
VA,23063,25,36,12,27
VA,23064,25,24,24,28
VA,23065,46,47,10,40
VA,23066,21,49,11,44
VA,23067,29,36,8,45
VA,23068,23,46,18,48
VA,23069,25,55,17,30
VA,23070,21,29,16,32
VA,23071,20,30,13,31
VA,23072,31,45,16,36
VA,23075,43,36,19,27
VA,23076,28,26,8,37
VA,23079,21,32,12,38
VA,23081,21,40,24,30
VA,23083,40,42,23,20
VA,23084,21,52,18,16
VA,23085,29,23,16,17
VA,23086,14,19,11,42
VA,23089,22,38,13,31
VA,23090,38,51,15,20
VA,23091,41,42,17,31
VA,23092,41,40,9,31
VA,23093,37,39,22,40
VA,23101,32,43,9,48
VA,23102,24,30,19,35
VA,23103,26,33,17,26
VA,23105,17,49,13,45
VA,23106,16,58,18,30
VA,23107,45,26,18,36
VA,23108,29,43,14,35
VA,23109,16,27,10,29
VA,23110,29,33,8,48
VA,23111,22,60,14,18
VA,23112,15,40,9,38
VA,23113,30,53,7,23
VA,23114,28,55,16,37
VA,23115,27,43,8,43
VA,23116,35,48,12,21
VA,23117,17,46,19,17
VA,23119,23,54,25,24
VA,23120,33,53,16,18
VA,23123,17,36,18,15
VA,23124,21,28,20,20
VA,23125,28,33,11,27
VA,23126,18,58,13,34
VA,23127,29,31,9,28
VA,23128,48,44,16,36
VA,23129,23,28,21,27
VA,23130,23,48,14,38
VA,23131,23,54,15,43
VA,23138,36,35,7,34
VA,23139,28,47,19,27
VA,23140,33,59,16,21
VA,23141,37,23,16,13
VA,23146,46,36,18,39
VA,23147,29,57,13,15
VA,23148,24,42,10,34
VA,23149,34,27,9,38
VA,23150,18,36,27,31
VA,23153,48,43,18,17
VA,23154,39,48,11,29
VA,23155,35,47,17,46
VA,23156,19,53,12,22
VA,23160,44,31,9,21
VA,23161,25,66,20,19
VA,23162,30,53,12,30
VA,23163,43,49,19,24
VA,23168,36,41,16,31
VA,23169,30,41,18,17
VA,23170,16,34,19,33
VA,23173,20,47,16,22
VA,23175,32,20,22,24
VA,23176,33,33,19,26
VA,23177,40,29,16,28
VA,23178,49,54,17,22
VA,23180,16,41,18,20
VA,23181,19,52,20,25
VA,23183,28,52,12,25
VA,23184,29,31,14,16
VA,23185,42,53,14,35
VA,23186,38,41,25,33
VA,23187,46,34,10,18
VA,23188,23,47,19,36
VA,23190,41,34,18,36
VA,23192,47,42,14,18
VA,23218,20,35,18,24
VA,23219,34,59,27,32
VA,23220,21,27,10,18
VA,23221,39,61,11,15
VA,23222,28,41,11,44
VA,23223,36,30,15,25
VA,23224,23,43,14,21
VA,23225,38,65,22,32
VA,23226,37,33,9,38
VA,23227,34,34,15,43
VA,23228,40,45,18,32
VA,23229,14,31,16,21
VA,23230,20,26,18,24
VA,23231,21,48,20,19
VA,23232,23,36,10,20
VA,23233,25,46,8,44
VA,23234,41,50,22,39
VA,23235,28,39,21,20
VA,23236,26,53,9,27
VA,23237,16,29,14,50
VA,23238,17,51,10,19
VA,23240,25,29,15,49
VA,23241,34,38,20,18
VA,23242,44,29,13,24
VA,23249,32,63,18,34
VA,23250,17,34,14,18
VA,23255,15,47,8,16
VA,23260,17,34,23,45
VA,23261,16,43,16,29
VA,23269,45,31,9,40
VA,23273,29,37,18,30
VA,23274,21,46,22,27
VA,23276,37,19,24,17
VA,23278,36,42,8,51
VA,23279,41,35,16,25
VA,23282,32,40,24,28
VA,23284,19,45,10,30
VA,23285,36,42,8,37
VA,23286,35,33,19,15
VA,23288,35,60,9,31
VA,23289,42,30,20,27
VA,23290,38,35,18,36
VA,23291,35,32,26,46
VA,23292,19,49,11,47
VA,23293,35,33,23,33
VA,23294,48,37,9,28
VA,23295,34,37,16,29
VA,23297,16,37,11,16
VA,23298,22,37,21,33
VA,23301,37,49,12,41
VA,23302,31,41,13,16
VA,23303,42,39,22,30
VA,23304,15,34,16,32
VA,23306,39,37,12,25
VA,23307,30,33,10,39
VA,23308,27,55,24,37
VA,23310,14,39,19,38
VA,23313,30,26,19,21
VA,23314,19,54,15,20
VA,23315,35,26,14,19
VA,23316,40,35,23,32
VA,23320,32,30,19,24
VA,23321,26,22,23,34
VA,23322,20,34,22,19
VA,23323,25,36,22,42
VA,23324,34,57,19,55
VA,23325,32,28,19,41
VA,23326,22,23,21,35
VA,23327,42,33,23,31
VA,23328,46,49,18,40
VA,23336,22,27,20,27
VA,23337,45,23,13,43
VA,23341,18,54,11,44
VA,23345,23,26,21,20
VA,23347,36,34,7,28
VA,23350,33,26,18,23
VA,23354,18,26,15,41
VA,23356,44,57,9,40
VA,23357,20,46,11,22
VA,23358,28,38,10,34
VA,23359,37,41,14,22
VA,23389,35,39,12,31
VA,23395,30,24,15,35
VA,23396,15,52,12,20
VA,23397,40,42,13,19
VA,23398,27,59,18,45
VA,23399,29,46,25,30
VA,23401,44,45,25,28
VA,23404,28,41,11,53
VA,23405,24,60,13,26
VA,23407,38,47,25,35
VA,23408,36,46,18,14
VA,23409,41,34,22,16
VA,23410,15,48,14,40
VA,23412,24,62,11,40
VA,23413,15,30,18,18
VA,23414,15,49,15,26
VA,23415,20,55,11,21
VA,23416,37,62,17,22
VA,23417,17,39,19,36
VA,23418,26,57,11,30
VA,23419,31,27,16,23
VA,23420,20,43,11,48
VA,23421,21,46,10,37
VA,23422,16,38,11,32
VA,23423,27,27,15,30
VA,23424,38,26,17,39
VA,23426,37,43,17,25
VA,23427,24,52,17,41
VA,23429,28,41,20,30
VA,23430,35,33,20,50
VA,23431,36,36,19,34
VA,23432,38,41,8,12
VA,23433,17,51,18,28
VA,23434,28,30,13,31
VA,23435,13,43,18,23
VA,23436,47,29,12,25
VA,23437,21,44,23,24
VA,23438,34,42,8,22
VA,23439,46,36,19,29
VA,23440,27,37,16,29
VA,23441,31,29,13,30
VA,23442,28,28,24,27
VA,23443,15,36,16,19
VA,23450,37,46,10,35
VA,23451,27,41,8,34
VA,23452,21,33,24,25
VA,23453,33,20,8,19
VA,23454,34,40,14,18
VA,23455,23,32,16,15
VA,23456,25,33,21,35
VA,23457,25,27,15,34
VA,23458,35,58,15,30
VA,23459,32,26,13,18
VA,23460,22,24,14,13
VA,23461,18,56,17,20
VA,23462,17,44,14,36
VA,23463,26,34,14,25
VA,23464,43,27,17,22
VA,23465,23,53,24,29
VA,23466,19,61,17,17
VA,23467,26,65,18,46
VA,23471,31,54,15,18
VA,23479,34,27,11,18
VA,23480,42,57,14,23
VA,23482,23,26,21,41
VA,23483,32,44,23,33
VA,23486,43,44,9,17
VA,23487,16,24,9,25
VA,23488,17,30,17,20
VA,23501,31,36,7,42
VA,23502,25,54,24,43
VA,23503,32,51,19,26
VA,23504,37,41,10,41
VA,23505,34,41,8,38
VA,23506,28,39,23,39
VA,23507,25,48,18,31
VA,23508,35,48,8,42
VA,23509,39,44,11,21
VA,23510,37,50,7,20
VA,23511,27,27,20,22
VA,23512,21,30,22,25
VA,23513,21,61,23,13
VA,23514,32,36,8,42
VA,23515,43,31,21,19
VA,23517,22,51,23,21
VA,23518,31,35,13,16
VA,23519,35,30,13,19
VA,23520,40,39,8,17
VA,23521,33,20,19,13
VA,23523,28,26,20,50
VA,23529,21,27,20,18
VA,23541,22,49,19,35
VA,23551,32,58,26,32
VA,23601,24,38,21,18
VA,23602,35,45,21,14
VA,23603,16,41,15,18
VA,23604,26,29,17,30
VA,23605,24,35,14,27
VA,23606,18,46,17,38
VA,23607,34,48,23,20
VA,23608,17,36,18,52
VA,23609,19,51,22,32
VA,23612,18,48,18,49
VA,23628,32,53,18,39
VA,23630,22,22,22,27
VA,23651,21,21,18,36
VA,23661,25,25,21,21
VA,23662,38,26,22,34
VA,23663,23,28,21,15
VA,23664,31,34,11,36
VA,23665,18,52,22,36
VA,23666,38,42,14,44
VA,23667,39,64,9,40
VA,23668,43,47,16,26
VA,23669,15,38,13,38
VA,23670,23,40,23,42
VA,23681,44,32,13,34
VA,23690,14,55,10,26
VA,23691,45,32,10,43
VA,23692,30,24,22,34
VA,23693,45,28,13,44
VA,23694,23,47,20,47
VA,23696,32,38,9,30
VA,23701,22,37,22,30
VA,23702,42,50,10,29
VA,23703,41,27,19,36
VA,23704,35,42,16,34
VA,23705,33,34,20,26
VA,23707,20,43,15,23
VA,23708,32,38,14,35
VA,23709,26,43,8,28
VA,23801,26,35,23,33
VA,23803,30,29,13,29
VA,23804,19,22,27,20
VA,23805,32,52,8,25
VA,23806,38,29,13,14
VA,23821,35,36,27,28
VA,23822,27,33,16,27
VA,23824,18,45,19,37
VA,23825,22,30,14,34
VA,23827,30,43,13,33
VA,23828,45,39,21,25
VA,23829,22,39,16,13
VA,23830,24,44,11,15
VA,23831,27,56,20,23
VA,23832,37,40,19,13
VA,23833,15,32,21,21
VA,23834,22,29,22,28
VA,23836,18,38,14,30
VA,23837,31,40,13,21
VA,23838,32,38,21,21
VA,23839,28,50,20,22
VA,23840,18,21,10,29
VA,23841,30,37,15,23
VA,23842,45,30,16,42
VA,23843,27,28,23,37
VA,23844,15,60,19,32
VA,23845,37,46,11,19
VA,23846,33,39,17,35
VA,23847,19,66,22,19
VA,23850,40,28,24,32
VA,23851,43,35,21,46
VA,23856,28,56,18,41
VA,23857,29,48,8,24
VA,23860,37,35,7,16
VA,23866,19,41,12,26
VA,23867,16,26,17,20
VA,23868,15,45,18,36
VA,23870,27,37,22,16
VA,23872,45,34,21,34
VA,23873,37,32,9,30
VA,23874,40,36,8,22
VA,23875,36,40,22,33
VA,23876,39,46,9,35
VA,23878,31,46,9,20
VA,23879,42,58,9,28
VA,23881,19,29,8,15
VA,23882,18,36,23,28
VA,23883,18,34,21,44
VA,23884,27,53,15,15
VA,23885,23,36,24,26
VA,23887,34,49,13,46
VA,23888,38,27,9,45
VA,23889,38,30,21,23
VA,23890,25,65,18,20
VA,23891,19,53,16,15
VA,23893,41,22,16,24
VA,23894,34,35,10,20
VA,23897,33,36,23,51
VA,23898,45,34,8,27
VA,23899,35,47,10,36
VA,23901,24,28,20,40
VA,23909,20,45,24,26
VA,23915,27,38,18,37
VA,23917,33,65,18,32
VA,23919,23,39,15,35
VA,23920,16,25,9,25
VA,23921,27,33,7,30
VA,23922,30,43,16,31
VA,23923,16,31,15,38
VA,23924,19,34,14,31
VA,23927,21,66,18,41
VA,23930,33,44,9,32
VA,23934,21,48,23,27
VA,23936,13,28,10,27
VA,23937,13,56,26,29
VA,23938,35,32,16,31
VA,23939,25,50,17,17
VA,23941,17,37,15,15
VA,23942,22,44,18,17
VA,23943,21,55,14,23
VA,23944,21,48,15,31
VA,23947,24,49,7,18
VA,23950,27,38,22,14
VA,23952,20,54,20,30
VA,23954,33,30,24,39
VA,23955,22,40,15,26
VA,23958,31,30,9,27
VA,23959,33,60,10,53
VA,23960,35,65,16,24
VA,23962,38,22,10,44
VA,23963,48,61,11,28
VA,23964,34,40,7,29
VA,23966,21,27,14,27
VA,23967,29,64,13,31
VA,23968,40,34,7,28
VA,23970,27,38,16,26
VA,23974,40,30,13,21
VA,23976,19,31,15,39
VA,24001,44,45,8,28
VA,24002,43,37,10,43
VA,24003,21,39,23,49
VA,24004,32,35,17,34
VA,24005,27,38,7,35
VA,24006,42,33,23,28
VA,24007,32,45,23,13
VA,24008,32,25,25,23
VA,24009,41,20,22,23
VA,24010,34,27,18,18
VA,24011,30,53,18,20
VA,24012,43,27,11,23
VA,24013,32,39,22,45
VA,24014,24,50,12,19
VA,24015,45,46,12,53
VA,24016,19,50,12,18
VA,24017,30,27,15,31
VA,24018,47,50,13,41
VA,24019,41,26,12,18
VA,24020,42,42,7,26
VA,24022,30,25,16,21
VA,24023,31,42,16,20
VA,24024,33,44,17,17
VA,24025,38,27,14,54
VA,24026,35,41,25,18
VA,24027,18,26,12,24
VA,24028,31,43,11,35
VA,24029,36,32,19,39
VA,24030,21,34,16,21
VA,24031,29,35,15,47
VA,24032,17,32,19,17
VA,24033,36,54,17,39
VA,24034,22,30,15,24
VA,24035,14,30,10,16
VA,24036,16,52,12,15
VA,24037,20,53,20,36
VA,24038,42,37,22,21
VA,24040,23,27,17,42
VA,24042,38,26,17,31
VA,24043,23,36,12,17
VA,24044,42,41,7,27
VA,24045,35,33,23,31
VA,24048,37,26,17,24
VA,24050,15,34,14,21
VA,24053,38,38,19,20
VA,24054,34,36,24,16
VA,24055,46,41,25,45
VA,24058,25,49,25,32
VA,24059,29,21,21,34
VA,24060,38,51,12,17
VA,24061,31,37,17,14
VA,24062,41,38,17,22
VA,24063,39,45,26,18
VA,24064,41,61,8,22
VA,24065,37,26,21,33
VA,24066,17,63,23,27
VA,24067,36,36,25,28
VA,24068,23,61,21,35
VA,24069,18,55,15,15
VA,24070,30,41,14,18
VA,24072,43,53,23,26
VA,24073,35,30,10,35
VA,24076,33,50,20,20
VA,24077,26,34,26,18
VA,24078,33,64,17,36
VA,24079,43,39,20,33
VA,24082,32,35,18,22
VA,24083,18,40,20,20
VA,24084,27,52,17,42
VA,24085,33,48,14,24
VA,24086,42,43,11,26
VA,24087,24,41,15,25
VA,24088,25,38,10,38
VA,24089,39,45,14,30
VA,24090,34,25,11,29
VA,24091,14,38,18,33
VA,24092,18,24,10,15
VA,24093,25,52,11,45
VA,24095,20,38,9,26
VA,24101,22,34,24,24
VA,24102,18,26,16,20
VA,24104,26,26,13,38
VA,24105,20,31,25,12
VA,24111,35,38,21,20
VA,24112,35,42,22,44
VA,24113,14,47,16,32
VA,24114,17,45,17,23
VA,24115,23,37,23,22
VA,24120,32,56,10,38
VA,24121,36,31,17,43
VA,24122,37,33,13,49
VA,24124,22,40,16,45
VA,24126,37,41,23,15
VA,24127,33,32,13,27
VA,24128,15,45,20,34
VA,24129,28,28,9,33
VA,24130,25,36,12,32
VA,24131,17,61,18,26
VA,24132,33,46,24,43
VA,24133,43,60,15,27
VA,24134,40,62,14,33
VA,24136,47,41,12,41
VA,24137,26,45,20,28
VA,24138,17,42,7,36
VA,24139,44,57,23,15
VA,24141,48,48,14,27
VA,24142,21,51,10,27
VA,24143,19,44,11,40
VA,24146,29,46,13,14
VA,24147,19,47,15,31
VA,24148,22,45,25,42
VA,24149,25,48,15,28
VA,24150,26,57,16,36
VA,24151,30,37,13,19
VA,24153,42,35,9,23
VA,24155,29,33,17,28
VA,24157,32,34,10,16
VA,24161,28,26,12,46
VA,24162,27,37,24,25
VA,24165,46,51,7,37
VA,24167,36,44,17,48
VA,24168,16,42,23,32
VA,24171,13,62,18,41
VA,24174,17,29,8,35
VA,24175,43,37,21,34
VA,24176,24,40,17,46
VA,24177,21,46,12,27
VA,24178,16,35,15,25
VA,24179,20,49,12,15
VA,24184,27,35,22,26
VA,24185,33,22,18,27
VA,24201,20,36,9,21
VA,24202,34,23,15,32
VA,24203,16,23,19,20
VA,24205,19,26,14,29
VA,24209,39,31,14,38
VA,24210,15,31,20,21
VA,24211,27,42,17,21
VA,24212,32,57,22,30
VA,24215,28,35,24,33
VA,24216,13,46,14,19
VA,24217,31,33,8,31
VA,24218,32,47,12,29
VA,24219,33,48,8,23
VA,24220,19,48,19,39
VA,24221,29,37,7,47
VA,24224,20,42,13,27
VA,24225,42,55,10,31
VA,24226,42,45,9,12
VA,24228,25,49,20,39
VA,24230,31,43,16,38
VA,24236,21,66,9,33
VA,24237,16,56,24,26
VA,24239,36,21,10,27
VA,24243,42,53,26,23
VA,24244,23,48,17,35
VA,24245,24,44,11,22
VA,24246,24,22,15,27
VA,24248,31,26,17,45
VA,24250,23,24,19,35
VA,24251,38,52,21,19
VA,24256,23,60,18,20
VA,24258,33,41,10,21
VA,24260,46,40,8,28
VA,24263,19,42,26,27
VA,24265,34,30,15,35
VA,24266,35,44,15,25
VA,24269,17,34,11,20
VA,24270,19,40,14,29
VA,24271,38,45,24,26
VA,24272,24,47,9,45
VA,24273,31,44,21,23
VA,24277,34,66,8,41
VA,24279,13,33,13,39
VA,24280,29,56,22,29
VA,24281,34,43,25,34
VA,24282,42,36,19,20
VA,24283,32,44,19,20
VA,24290,46,22,16,27
VA,24292,16,51,17,32
VA,24293,41,50,19,26
VA,24301,45,29,11,20
VA,24311,39,43,23,40
VA,24312,24,44,21,20
VA,24313,38,28,12,31
VA,24314,38,41,13,32
VA,24315,24,26,20,34
VA,24316,22,25,19,12
VA,24317,26,27,16,22
VA,24318,34,42,8,38
VA,24319,45,57,11,18
VA,24322,28,46,10,52
VA,24323,36,25,11,33
VA,24324,22,33,23,28
VA,24325,22,44,11,17
VA,24326,21,46,21,31
VA,24327,21,36,10,40
VA,24328,36,32,17,18
VA,24330,37,39,12,19
VA,24333,21,31,9,29
VA,24340,39,22,16,38
VA,24343,43,69,18,44
VA,24347,14,39,17,18
VA,24348,16,44,23,36
VA,24350,43,46,21,29
VA,24351,40,32,7,17
VA,24352,37,47,20,43
VA,24354,18,50,22,32
VA,24360,24,37,12,14
VA,24361,35,54,22,19
VA,24363,20,52,21,41
VA,24366,45,34,18,29
VA,24368,33,21,16,32
VA,24370,39,38,12,35
VA,24374,30,31,12,41
VA,24375,46,29,7,31
VA,24377,44,47,17,24
VA,24378,27,59,20,17
VA,24380,42,37,9,46
VA,24381,25,34,16,33
VA,24382,42,28,20,24
VA,24401,20,43,13,31
VA,24402,44,59,11,34
VA,24411,23,42,20,16
VA,24412,30,47,12,28
VA,24413,38,47,24,15
VA,24415,15,33,8,27
VA,24416,37,35,17,19
VA,24421,33,55,17,15
VA,24422,31,40,21,17
VA,24426,33,50,22,37
VA,24430,22,58,18,16
VA,24431,25,52,19,18
VA,24432,44,46,10,40
VA,24433,31,52,25,32
VA,24435,43,56,22,21
VA,24437,38,59,18,17
VA,24438,38,41,26,20
VA,24439,20,38,8,16
VA,24440,46,42,23,20
VA,24441,38,22,17,43
VA,24442,25,41,10,41
VA,24445,39,47,26,14
VA,24448,40,51,24,46
VA,24450,22,48,7,50
VA,24457,21,55,8,19
VA,24458,26,51,14,14
VA,24459,47,31,22,39
VA,24460,30,36,26,29
VA,24463,41,22,11,31
VA,24464,14,20,19,28
VA,24465,18,45,18,20
VA,24467,35,54,14,30
VA,24468,23,26,13,18
VA,24469,38,60,19,32
VA,24471,19,64,18,34
VA,24472,23,33,9,40
VA,24473,36,35,16,17
VA,24474,24,31,20,35
VA,24476,32,33,13,34
VA,24477,28,45,14,41
VA,24479,25,30,14,32
VA,24482,42,46,12,44
VA,24483,27,37,12,30
VA,24484,37,44,10,25
VA,24485,29,25,8,37
VA,24486,15,42,16,22
VA,24487,19,42,13,36
VA,24501,43,47,7,43
VA,24502,24,30,15,24
VA,24503,35,21,9,27
VA,24504,20,44,14,49
VA,24505,42,51,23,49
VA,24506,23,39,25,35
VA,24512,15,35,15,38
VA,24513,29,45,10,17
VA,24514,32,42,17,38
VA,24515,42,21,18,20
VA,24517,30,26,24,37
VA,24520,26,44,25,46
VA,24521,28,63,24,27
VA,24522,15,49,11,32
VA,24523,15,51,13,33
VA,24526,35,41,19,47
VA,24527,30,23,10,39
VA,24528,31,40,18,20
VA,24529,22,44,21,20
VA,24530,14,52,19,44
VA,24531,16,20,17,39
VA,24533,34,59,16,25
VA,24534,40,29,10,19
VA,24535,32,53,18,14
VA,24536,46,43,9,14
VA,24538,33,39,18,34
VA,24539,45,24,16,40
VA,24540,15,61,17,23
VA,24541,16,36,13,36
VA,24543,42,57,8,31
VA,24544,21,41,12,48
VA,24549,35,34,18,24
VA,24550,44,24,17,49
VA,24551,16,48,19,53
VA,24553,21,45,15,45
VA,24554,17,24,11,19
VA,24555,48,28,23,20
VA,24556,38,33,17,34
VA,24557,22,61,22,41
VA,24558,18,56,22,15
VA,24562,37,32,9,27
VA,24563,33,68,21,38
VA,24565,31,35,19,22
VA,24566,26,37,22,38
VA,24569,32,30,9,39
VA,24570,20,27,8,30
VA,24571,31,23,10,40
VA,24572,42,42,9,48
VA,24574,39,44,12,31
VA,24576,34,48,19,26
VA,24577,38,58,7,28
VA,24578,19,24,14,35
VA,24579,23,28,18,24
VA,24580,46,50,22,18
VA,24581,38,23,19,19
VA,24586,38,41,20,28
VA,24588,28,48,22,51
VA,24589,39,38,10,34
VA,24590,32,24,15,27
VA,24592,33,24,20,18
VA,24593,36,56,14,42
VA,24594,27,44,12,20
VA,24595,27,51,14,20
VA,24597,18,58,23,19
VA,24598,39,33,8,24
VA,24599,37,38,12,43
VA,24601,27,23,11,45
VA,24602,25,39,9,46
VA,24603,40,35,9,35
VA,24604,29,23,15,37
VA,24605,40,63,18,15
VA,24606,19,19,15,45
VA,24607,20,54,22,27
VA,24608,39,35,9,15
VA,24609,18,58,22,43
VA,24612,34,35,8,26
VA,24613,42,63,14,29
VA,24614,41,34,13,39
VA,24619,32,22,26,28
VA,24620,48,49,14,46
VA,24622,39,28,11,46
VA,24624,33,57,23,33
VA,24627,33,36,19,28
VA,24628,32,29,27,38
VA,24630,29,42,16,31
VA,24631,36,47,24,24
VA,24634,36,25,20,32
VA,24635,39,26,17,22
VA,24637,18,36,23,26
VA,24639,35,40,14,15
VA,24640,19,35,18,19
VA,24641,34,47,25,35
VA,24646,29,43,17,40
VA,24647,27,38,19,29
VA,24649,33,35,20,20
VA,24651,40,40,18,32
VA,24656,32,43,14,17
VA,24657,17,41,14,20
VA,24658,17,31,16,24
WV,24701,27,41,15,23
WV,24712,37,40,10,39
WV,24714,34,26,9,28
WV,24715,16,26,22,32
WV,24716,12,25,23,36
WV,24719,28,36,24,43
WV,24724,34,32,18,52
WV,24726,23,41,24,47
WV,24729,20,25,20,34
WV,24731,11,42,18,23
WV,24732,21,29,21,24
WV,24733,21,43,12,19
WV,24736,31,44,23,33
WV,24737,26,29,10,27
WV,24738,31,38,18,34
WV,24739,28,41,20,24
WV,24740,17,47,25,55
WV,24747,19,50,12,29
WV,24751,19,24,15,13
WV,24801,39,34,22,49
WV,24808,39,18,9,17
WV,24811,32,30,17,23
WV,24813,31,39,13,41
WV,24815,30,36,16,26
WV,24816,33,53,11,12
WV,24817,20,42,19,49
WV,24818,29,32,15,21
WV,24822,21,35,22,36
WV,24823,38,38,14,22
WV,24826,12,49,18,18
WV,24827,30,22,9,25
WV,24828,32,24,23,42
WV,24829,12,25,22,48
WV,24830,27,24,11,29
WV,24831,32,49,7,33
WV,24834,25,36,24,17
WV,24836,30,39,12,30
WV,24839,14,30,16,25
WV,24842,26,33,20,28
WV,24843,26,22,24,23
WV,24844,25,46,15,30
WV,24845,22,42,9,15
WV,24846,41,32,12,22
WV,24847,28,20,16,28
WV,24848,34,53,18,31
WV,24849,33,40,11,22
WV,24850,17,40,26,37
WV,24851,16,24,17,33
WV,24853,23,16,22,42
WV,24854,36,44,23,18
WV,24855,32,33,15,34
WV,24857,30,22,18,39
WV,24859,12,33,27,15
WV,24860,22,24,17,26
WV,24861,30,29,15,43
WV,24862,30,18,19,32
WV,24866,25,23,13,27
WV,24867,27,41,20,22
WV,24868,22,52,8,21
WV,24869,27,38,20,22
WV,24870,33,40,20,32
WV,24871,19,21,22,19
WV,24872,15,42,15,39
WV,24873,34,21,8,28
WV,24874,30,32,13,37
WV,24878,21,26,8,38
WV,24879,14,42,15,19
WV,24880,25,25,13,43
WV,24881,38,40,8,17
WV,24882,25,32,9,22
WV,24884,38,32,15,41
WV,24887,38,35,12,33
WV,24888,13,19,18,27
WV,24892,38,29,14,29
WV,24894,30,34,16,36
WV,24895,21,45,14,27
WV,24898,16,28,21,23
WV,24901,35,29,16,28
WV,24902,14,42,21,37
WV,24910,18,44,11,27
WV,24915,17,50,12,33
WV,24916,18,32,14,19
WV,24918,15,27,21,30
WV,24920,39,18,23,24
WV,24924,31,35,12,32
WV,24925,16,19,25,33
WV,24927,13,38,24,18
WV,24931,21,35,14,38
WV,24934,28,33,16,19
WV,24935,22,40,9,42
WV,24938,20,46,16,33
WV,24941,31,35,12,43
WV,24943,25,34,16,32
WV,24944,12,32,8,26
WV,24945,35,33,24,16
WV,24946,28,28,11,42
WV,24951,30,23,8,25
WV,24954,24,34,16,20
WV,24957,22,40,7,30
WV,24961,16,39,11,39
WV,24962,33,35,13,40
WV,24963,21,47,7,32
WV,24966,28,19,9,35
WV,24970,32,26,18,33
WV,24974,20,30,17,16
WV,24976,11,22,19,17
WV,24977,27,37,9,28
WV,24981,11,43,10,26
WV,24983,24,43,23,29
WV,24984,13,43,11,46
WV,24985,31,18,23,36
WV,24986,17,33,16,25
WV,24991,37,28,18,25
WV,24993,32,20,20,28
WV,25002,15,27,18,21
WV,25003,35,35,26,27
WV,25005,19,25,24,28
WV,25007,25,38,9,29
WV,25008,24,34,17,13
WV,25009,27,22,15,40
WV,25011,28,28,18,28
WV,25015,34,19,8,29
WV,25019,23,32,8,18
WV,25021,28,24,9,39
WV,25022,13,27,13,19
WV,25024,20,47,13,31
WV,25025,33,27,16,42
WV,25026,26,27,9,22
WV,25028,29,30,17,25
WV,25030,22,32,20,27
WV,25031,10,22,18,51
WV,25033,21,42,11,26
WV,25035,25,24,23,28
WV,25036,12,27,27,38
WV,25039,17,40,25,44
WV,25040,22,29,14,29
WV,25043,29,49,16,17
WV,25044,32,43,13,37
WV,25045,30,21,13,44
WV,25047,34,31,19,19
WV,25048,15,53,11,36
WV,25049,17,52,8,28
WV,25051,19,54,21,20
WV,25053,16,52,25,33
WV,25054,17,33,9,34
WV,25057,33,41,8,48
WV,25059,16,27,21,42
WV,25060,30,46,18,31
WV,25061,16,43,17,34
WV,25062,37,51,17,23
WV,25063,14,39,15,18
WV,25064,39,36,14,28
WV,25067,22,32,26,18
WV,25070,22,42,17,50
WV,25071,15,41,23,35
WV,25075,11,47,16,27
WV,25076,25,35,17,39
WV,25079,38,34,19,27
WV,25081,27,37,22,41
WV,25082,22,42,19,38
WV,25083,15,48,24,44
WV,25085,16,39,20,32
WV,25086,29,31,16,30
WV,25088,33,19,12,22
WV,25090,23,52,9,36
WV,25093,37,20,19,29
WV,25102,21,30,24,18
WV,25103,29,25,20,38
WV,25106,12,50,9,37
WV,25107,29,39,12,30
WV,25108,23,40,14,20
WV,25109,26,28,20,34
WV,25110,11,24,11,36
WV,25111,27,30,12,42
WV,25112,37,27,24,27
WV,25113,16,31,9,34
WV,25114,36,18,24,39
WV,25115,28,24,16,25
WV,25118,20,43,17,27
WV,25119,21,46,13,33
WV,25121,27,31,16,40
WV,25123,12,22,21,17
WV,25124,27,33,9,26
WV,25125,25,47,11,41
WV,25126,14,41,23,20
WV,25130,20,32,15,23
WV,25132,22,46,26,17
WV,25133,29,42,11,25
WV,25134,41,65,14,49
WV,25136,16,33,16,30
WV,25139,24,47,25,18
WV,25140,20,24,23,35
WV,25141,32,35,17,29
WV,25142,20,25,19,39
WV,25143,31,37,11,23
WV,25148,34,22,18,25
WV,25149,23,20,10,24
WV,25152,31,19,21,34
WV,25154,15,33,8,36
WV,25156,36,22,11,26
WV,25159,19,35,20,34
WV,25160,25,24,12,23
WV,25161,29,25,22,23
WV,25162,19,32,10,27
WV,25164,13,22,19,45
WV,25165,21,47,15,54
WV,25168,24,44,7,26
WV,25169,17,38,20,35
WV,25173,32,24,12,32
WV,25174,23,37,20,42
WV,25177,23,33,21,54
WV,25180,24,31,11,41
WV,25181,28,28,23,33
WV,25183,15,30,16,31
WV,25185,37,31,16,18
WV,25186,22,29,18,19
WV,25187,26,38,14,31
WV,25193,34,32,14,37
WV,25201,19,28,17,38
WV,25202,19,43,18,53
WV,25203,25,25,17,46
WV,25204,33,34,14,35
WV,25205,30,30,10,30
WV,25206,16,47,18,30
WV,25208,27,36,17,20
WV,25209,25,34,22,33
WV,25211,22,28,19,23
WV,25213,24,45,17,15
WV,25214,27,38,12,32
WV,25231,13,28,11,24
WV,25234,25,46,24,33
WV,25235,12,47,19,17
WV,25239,20,36,11,20
WV,25241,19,28,8,22
WV,25243,34,49,23,41
WV,25244,18,32,11,20
WV,25245,21,34,26,34
WV,25247,19,29,21,18
WV,25248,17,32,11,33
WV,25251,21,31,8,28
WV,25252,35,34,21,44
WV,25253,19,25,14,23
WV,25259,14,32,10,38
WV,25260,29,35,17,18
WV,25261,34,57,20,22
WV,25262,32,36,9,39
WV,25264,35,40,15,17
WV,25265,26,34,25,34
WV,25266,25,27,10,30
WV,25267,37,31,11,33
WV,25268,12,30,7,38
WV,25270,28,25,10,31
WV,25271,18,25,15,39
WV,25275,18,37,27,22
WV,25276,23,54,14,16
WV,25285,14,36,26,20
WV,25286,27,20,21,18
WV,25287,17,36,16,26
WV,25301,34,38,14,18
WV,25302,25,37,15,25
WV,25303,27,38,9,44
WV,25304,28,38,19,44
WV,25305,30,21,17,30
WV,25306,27,37,16,54
WV,25309,20,41,10,20
WV,25311,18,42,23,22
WV,25312,29,23,16,28
WV,25313,17,42,22,35
WV,25314,16,35,12,20
WV,25315,33,27,24,22
WV,25317,32,29,23,21
WV,25320,30,42,21,22
WV,25321,31,28,23,30
WV,25322,16,31,18,24
WV,25323,32,22,13,32
WV,25324,26,27,20,38
WV,25325,21,21,21,26
WV,25326,14,46,26,30
WV,25327,36,43,10,33
WV,25328,26,42,14,36
WV,25329,19,28,7,13
WV,25330,32,39,13,27
WV,25331,18,42,7,35
WV,25332,20,55,11,19
WV,25333,19,52,11,33
WV,25334,27,35,13,27
WV,25335,17,47,20,32
WV,25336,14,41,14,42
WV,25337,28,42,9,40
WV,25338,24,43,10,38
WV,25339,19,30,8,31
WV,25350,25,27,18,28
WV,25356,13,37,22,24
WV,25357,30,40,23,25
WV,25358,30,28,23,27
WV,25360,22,38,19,28
WV,25361,32,37,20,23
WV,25362,17,24,8,33
WV,25364,19,31,13,32
WV,25365,32,38,14,21
WV,25375,22,25,18,38
WV,25387,14,33,21,37
WV,25389,32,36,15,22
WV,25392,23,49,13,43
WV,25396,31,28,9,26
WV,25401,17,44,9,47
WV,25402,30,27,22,45
WV,25403,17,36,12,42
WV,25404,25,28,11,34
WV,25405,15,17,13,22
WV,25410,25,41,12,19
WV,25411,20,32,21,15
WV,25413,16,44,21,38
WV,25414,36,34,21,18
WV,25419,25,24,24,20
WV,25420,13,30,16,47
WV,25421,22,33,23,37
WV,25422,19,48,11,34
WV,25423,30,26,18,48
WV,25425,20,43,8,25
WV,25427,14,45,18,30
WV,25428,38,19,9,20
WV,25429,27,29,15,37
WV,25430,32,29,14,29
WV,25431,29,28,11,30
WV,25432,19,34,13,30
WV,25434,17,50,10,24
WV,25437,12,24,22,17
WV,25438,18,20,23,35
WV,25440,23,23,10,40
WV,25441,29,24,24,40
WV,25442,21,37,12,32
WV,25443,14,36,11,32
WV,25444,33,33,12,24
WV,25446,31,27,25,29
WV,25501,27,24,14,45
WV,25502,13,25,25,27
WV,25503,21,38,20,47
WV,25504,23,40,21,31
WV,25505,25,25,24,32
WV,25506,30,27,19,33
WV,25507,41,56,13,38
WV,25508,20,24,8,19
WV,25510,25,26,20,29
WV,25511,13,28,12,34
WV,25512,25,35,14,34
WV,25514,30,49,22,32
WV,25515,37,32,13,31
WV,25517,14,25,17,16
WV,25520,20,22,18,39
WV,25521,28,30,14,42
WV,25523,39,40,24,20
WV,25524,30,28,7,29
WV,25526,32,29,8,38
WV,25529,33,20,18,29
WV,25530,22,18,15,23
WV,25534,27,26,19,41
WV,25535,25,33,9,27
WV,25537,35,26,8,21
WV,25540,22,20,12,28
WV,25541,28,23,17,18
WV,25544,13,47,14,19
WV,25545,27,35,11,40
WV,25547,22,37,14,18
WV,25550,22,19,10,29
WV,25555,25,37,19,48
WV,25557,18,31,23,21
WV,25559,19,42,24,27
WV,25560,15,40,19,15
WV,25562,17,39,22,26
WV,25564,30,30,8,37
WV,25565,30,38,9,40
WV,25567,39,27,17,20
WV,25569,32,37,12,15
WV,25570,20,42,20,40
WV,25571,31,50,18,38
WV,25572,16,40,9,30
WV,25573,28,27,10,36
WV,25601,18,38,14,46
WV,25606,29,45,22,17
WV,25607,35,44,13,31
WV,25608,21,23,18,29
WV,25611,13,51,24,25
WV,25612,17,42,25,14
WV,25614,18,32,8,24
WV,25617,26,38,14,41
WV,25621,13,31,14,44
WV,25624,39,25,17,23
WV,25625,14,30,12,16
WV,25628,24,39,22,49
WV,25630,38,22,8,37
WV,25632,36,24,9,26
WV,25634,22,55,13,39
WV,25635,14,35,7,27
WV,25637,32,30,12,40
WV,25638,34,31,17,33
WV,25639,25,29,20,27
WV,25644,23,28,13,22
WV,25646,11,25,12,49
WV,25647,34,24,14,19
WV,25649,23,32,10,21
WV,25650,29,23,11,42
WV,25651,31,20,17,24
WV,25652,20,27,9,36
WV,25653,36,24,21,31
WV,25654,26,32,20,43
WV,25661,27,24,22,18
WV,25665,23,24,17,41
WV,25666,28,18,13,34
WV,25667,21,24,22,28
WV,25669,17,34,24,30
WV,25670,19,27,13,19
WV,25671,16,26,10,23
WV,25672,24,44,10,18
WV,25674,32,34,20,18
WV,25676,31,29,10,28
WV,25678,32,24,24,29
WV,25685,15,52,11,48
WV,25686,18,28,12,38
WV,25688,40,31,11,35
WV,25690,27,47,21,15
WV,25691,21,21,24,48
WV,25692,18,43,15,36
WV,25696,36,32,17,40
WV,25699,21,24,24,19
WV,25701,11,38,11,32
WV,25702,36,32,12,37
WV,25703,23,29,11,52
WV,25704,14,31,19,44
WV,25705,13,36,13,32
WV,25706,28,19,7,34
WV,25707,25,28,23,18
WV,25708,31,22,20,43
WV,25709,34,25,13,31
WV,25710,19,22,19,20
WV,25711,17,17,14,36
WV,25712,12,26,22,33
WV,25713,22,31,16,20
WV,25714,28,29,8,18
WV,25715,21,45,22,36
WV,25716,16,26,22,31
WV,25717,22,33,20,32
WV,25718,32,32,21,38
WV,25719,20,25,10,21
WV,25720,27,38,10,30
WV,25721,11,31,23,24
WV,25722,22,48,13,13
WV,25723,15,44,12,27
WV,25724,13,27,8,35
WV,25725,39,44,20,42
WV,25726,39,52,17,15
WV,25727,21,21,23,37
WV,25728,29,44,18,30
WV,25729,25,33,13,27
WV,25755,15,49,8,27
WV,25770,18,40,16,35
WV,25771,12,32,21,18
WV,25772,30,25,19,30
WV,25773,37,22,12,36
WV,25774,30,53,14,34
WV,25775,38,20,9,48
WV,25776,18,42,19,22
WV,25777,26,36,8,28
WV,25778,26,37,22,37
WV,25779,38,26,13,35
WV,25801,20,21,13,48
WV,25802,38,27,20,34
WV,25810,30,48,14,25
WV,25811,14,29,10,35
WV,25812,29,47,15,35
WV,25813,28,37,10,33
WV,25817,25,52,7,19
WV,25818,22,32,14,32
WV,25820,35,45,22,31
WV,25823,21,38,16,15
WV,25825,21,37,16,28
WV,25826,37,28,25,35
WV,25827,32,23,14,19
WV,25831,30,26,21,34
WV,25832,41,19,9,33
WV,25833,14,46,7,38
WV,25836,33,48,19,41
WV,25837,12,24,22,29
WV,25839,21,39,24,24
WV,25840,34,40,7,27
WV,25841,16,24,9,33
WV,25843,19,36,10,20
WV,25844,16,29,9,21
WV,25845,33,32,23,31
WV,25846,32,29,16,43
WV,25848,35,33,15,37
WV,25849,18,34,9,30
WV,25851,17,25,9,41
WV,25853,28,27,10,30
WV,25854,22,52,12,18
WV,25855,18,44,13,51
WV,25857,32,35,20,18
WV,25860,25,45,22,35
WV,25862,38,41,7,35
WV,25864,15,31,13,22
WV,25865,19,48,11,32
WV,25866,35,27,14,26
WV,25868,19,34,9,26
WV,25870,18,29,16,32
WV,25871,36,23,25,40
WV,25873,20,34,22,39
WV,25875,28,28,13,16
WV,25876,35,37,19,37
WV,25878,35,40,24,40
WV,25879,21,25,7,39
WV,25880,29,47,10,51
WV,25882,29,52,14,23
WV,25888,26,49,22,16
WV,25901,20,27,11,34
WV,25902,18,48,22,23
WV,25904,16,29,20,14
WV,25906,19,23,15,27
WV,25907,36,33,18,48
WV,25908,16,25,9,33
WV,25909,21,47,10,32
WV,25911,24,31,23,44
WV,25913,16,41,13,20
WV,25915,25,57,20,15
WV,25916,38,32,18,40
WV,25917,22,29,25,15
WV,25918,23,45,21,39
WV,25919,26,37,22,17
WV,25920,18,25,15,43
WV,25921,25,24,26,27
WV,25922,30,35,9,14
WV,25926,13,31,26,40
WV,25927,32,39,17,43
WV,25928,33,32,25,35
WV,25932,17,22,20,23
WV,25936,31,29,19,20
WV,25938,33,33,10,35
WV,25942,18,50,11,31
WV,25943,17,21,22,41
WV,25951,27,38,21,15
WV,25958,22,32,9,26
WV,25962,27,32,11,32
WV,25965,19,34,22,39
WV,25966,28,38,19,40
WV,25969,23,30,15,38
WV,25971,20,31,15,21
WV,25972,17,48,16,32
WV,25976,32,20,13,23
WV,25977,32,53,12,29
WV,25978,30,33,21,17
WV,25979,16,45,14,37
WV,25981,38,39,23,44
WV,25984,35,43,9,22
WV,25985,18,40,15,37
WV,25986,32,49,9,18
WV,25989,32,17,22,40
WV,26003,14,41,7,41
WV,26030,12,28,12,14
WV,26031,23,44,10,33
WV,26032,32,39,9,29
WV,26033,29,37,13,28
WV,26034,24,27,24,27
WV,26035,30,21,8,39
WV,26036,21,25,25,37
WV,26037,26,18,8,34
WV,26038,13,35,27,13
WV,26039,40,21,12,23
WV,26040,29,36,19,20
WV,26041,24,53,21,23
WV,26047,24,25,13,52
WV,26050,19,30,10,23
WV,26055,28,47,25,48
WV,26056,31,30,8,29
WV,26058,23,28,11,32
WV,26059,12,38,7,26
WV,26060,32,23,22,24
WV,26062,29,46,17,32
WV,26070,14,38,12,15
WV,26074,13,29,16,45
WV,26075,20,25,23,31
WV,26101,25,23,8,24
WV,26102,14,27,22,35
WV,26103,31,39,20,31
WV,26104,26,37,23,32
WV,26105,24,23,19,15
WV,26106,30,27,15,45
WV,26120,30,24,14,19
WV,26121,11,39,21,28
WV,26133,23,21,11,22
WV,26134,16,39,22,27
WV,26136,31,38,7,40
WV,26137,25,42,19,24
WV,26138,13,36,18,25
WV,26141,20,44,9,15
WV,26142,20,40,25,17
WV,26143,37,31,8,25
WV,26146,22,31,25,30
WV,26147,14,46,22,39
WV,26148,12,37,11,22
WV,26149,19,46,9,24
WV,26150,24,25,22,17
WV,26151,18,34,9,14
WV,26152,22,18,20,25
WV,26155,22,28,10,15
WV,26159,21,22,15,39
WV,26160,39,42,20,34
WV,26161,12,48,21,37
WV,26162,12,35,20,27
WV,26164,21,36,14,17
WV,26167,15,46,8,24
WV,26169,17,34,13,15
WV,26170,34,21,17,35
WV,26175,18,32,23,16
WV,26178,28,22,15,32
WV,26180,34,24,23,36
WV,26181,33,29,23,31
WV,26184,17,28,14,52
WV,26187,23,32,12,32
WV,26201,16,32,9,28
WV,26202,16,23,24,51
WV,26203,38,44,21,21
WV,26205,27,33,15,25
WV,26206,21,23,12,40
WV,26208,32,37,16,20
WV,26209,31,34,22,29
WV,26210,31,33,8,19
WV,26215,16,39,9,26
WV,26217,26,38,13,22
WV,26218,16,42,18,31
WV,26219,13,43,11,24
WV,26222,30,23,15,28
WV,26224,13,28,11,17
WV,26228,31,43,14,25
WV,26229,20,52,8,24
WV,26230,11,55,25,27
WV,26234,13,25,11,41
WV,26236,20,45,22,24
WV,26237,29,30,18,44
WV,26238,31,45,16,14
WV,26241,14,20,22,32
WV,26250,25,29,7,36
WV,26253,18,34,9,47
WV,26254,14,22,19,34
WV,26257,25,24,9,26
WV,26259,19,44,14,18
WV,26260,38,27,10,47
WV,26261,12,35,15,21
WV,26263,33,20,16,33
WV,26264,16,41,16,36
WV,26266,40,24,23,23
WV,26267,21,29,18,18
WV,26268,22,47,23,20
WV,26269,19,24,24,34
WV,26270,21,27,18,53
WV,26271,18,49,17,33
WV,26273,35,53,15,26
WV,26275,12,25,8,40
WV,26276,27,32,11,36
WV,26278,14,34,15,23
WV,26280,18,33,16,28
WV,26282,19,48,9,24
WV,26283,34,26,9,36
WV,26285,31,43,11,21
WV,26287,21,23,25,32
WV,26288,33,43,26,22
WV,26289,38,28,15,25
WV,26291,28,26,22,19
WV,26292,32,30,11,41
WV,26293,29,25,16,20
WV,26294,13,36,22,29
WV,26296,31,23,26,29
WV,26298,41,29,19,19
WV,26301,24,29,9,41
WV,26302,17,51,17,25
WV,26306,25,21,18,23
WV,26320,22,26,16,55
WV,26321,29,45,16,30
WV,26323,14,25,10,23
WV,26325,14,50,15,31
WV,26327,13,44,18,28
WV,26330,18,32,11,34
WV,26335,21,24,7,28
WV,26337,22,22,23,51
WV,26338,27,16,14,28
WV,26339,30,38,8,42
WV,26342,37,25,24,16
WV,26343,30,46,24,25
WV,26346,22,20,12,25
WV,26347,13,22,20,23
WV,26348,25,34,24,30
WV,26349,29,30,26,20
WV,26351,34,28,15,28
WV,26354,28,20,25,19
WV,26361,32,36,14,20
WV,26362,35,22,17,36
WV,26366,39,25,14,32
WV,26369,23,42,24,24
WV,26372,12,40,19,42
WV,26374,15,44,25,32
WV,26376,29,31,21,34
WV,26377,20,38,15,46
WV,26378,36,35,8,27
WV,26384,14,48,11,15
WV,26385,23,29,8,33
WV,26386,27,32,26,30
WV,26404,29,26,18,19
WV,26405,34,34,23,19
WV,26408,31,20,11,23
WV,26410,19,49,23,41
WV,26411,26,44,24,27
WV,26412,28,51,10,16
WV,26415,13,28,10,31
WV,26416,17,20,12,33
WV,26419,12,38,26,34
WV,26421,29,24,19,21
WV,26422,36,34,25,31
WV,26424,29,25,23,33
WV,26425,22,26,16,39
WV,26426,29,22,17,22
WV,26430,38,37,13,39
WV,26431,16,47,21,30
WV,26434,28,35,7,13
WV,26435,28,38,19,15
WV,26436,28,44,23,28
WV,26437,16,34,22,39
WV,26438,29,29,9,41
WV,26440,13,36,19,21
WV,26443,22,29,10,13
WV,26444,16,22,8,34
WV,26447,28,20,7,30
WV,26448,16,29,21,30
WV,26451,20,40,19,19
WV,26452,23,28,19,31
WV,26456,22,24,15,28
WV,26461,30,36,11,21
WV,26463,27,56,16,14
WV,26501,37,42,10,34
WV,26502,25,27,11,29
WV,26504,33,31,12,32
WV,26505,24,42,18,21
WV,26506,16,43,23,30
WV,26507,35,25,13,21
WV,26508,32,31,18,39
WV,26519,35,32,15,38
WV,26520,23,34,12,20
WV,26521,26,43,12,43
WV,26524,26,39,19,18
WV,26525,15,34,18,34
WV,26527,29,26,18,22
WV,26531,12,39,11,34
WV,26534,30,25,11,21
WV,26537,35,43,7,15
WV,26541,23,30,23,18
WV,26542,21,49,20,41
WV,26543,25,41,24,26
WV,26544,19,48,26,23
WV,26546,30,37,13,50
WV,26547,19,24,14,33
WV,26554,28,40,8,30
WV,26555,14,29,15,18
WV,26559,31,34,12,20
WV,26560,23,30,10,52
WV,26561,23,32,25,23
WV,26562,14,32,17,37
WV,26563,23,27,18,16
WV,26566,26,41,23,28
WV,26568,20,29,18,51
WV,26570,21,27,8,33
WV,26571,30,36,17,22
WV,26572,30,22,23,22
WV,26574,38,35,9,14
WV,26575,30,41,9,27
WV,26576,39,17,19,32
WV,26578,27,48,16,39
WV,26581,28,34,17,43
WV,26582,30,19,9,29
WV,26585,36,25,17,30
WV,26586,18,18,16,35
WV,26587,19,45,13,22
WV,26588,17,25,21,34
WV,26590,27,24,24,32
WV,26591,33,36,14,40
WV,26601,31,50,15,21
WV,26610,21,29,12,16
WV,26611,24,37,14,38
WV,26615,37,24,19,29
WV,26617,14,32,20,45
WV,26619,12,33,10,21
WV,26621,12,39,22,29
WV,26623,12,30,10,33
WV,26624,29,43,14,30
WV,26627,28,25,23,22
WV,26629,16,40,11,30
WV,26631,19,23,17,50
WV,26636,29,19,22,13
WV,26638,21,22,26,20
WV,26651,13,35,9,19
WV,26656,15,29,11,36
WV,26660,15,38,10,27
WV,26662,38,43,21,32
WV,26667,22,29,14,33
WV,26671,30,29,21,21
WV,26675,32,29,20,53
WV,26676,19,45,10,26
WV,26678,25,46,18,48
WV,26679,23,41,13,15
WV,26680,12,33,21,15
WV,26681,13,51,15,25
WV,26684,31,28,9,21
WV,26690,15,46,12,40
WV,26691,21,22,13,18
WV,26704,33,24,19,27
WV,26705,21,43,22,33
WV,26707,15,33,8,42
WV,26710,28,24,17,26
WV,26711,22,34,19,37
WV,26714,28,34,10,17
WV,26716,36,38,11,50
WV,26717,33,45,26,24
WV,26719,21,41,26,16
WV,26720,36,31,15,27
WV,26722,14,51,14,20
WV,26726,35,50,9,26
WV,26731,21,36,23,49
WV,26739,34,38,7,35
WV,26743,39,29,23,20
WV,26750,14,38,8,27
WV,26753,38,40,15,13
WV,26755,20,48,19,21
WV,26757,27,25,9,19
WV,26761,35,29,9,24
WV,26763,32,23,25,44
WV,26764,34,34,14,38
WV,26767,26,32,19,37
WV,26801,23,25,25,33
WV,26802,21,37,9,35
WV,26804,15,42,17,45
WV,26807,29,26,15,16
WV,26808,36,27,11,39
WV,26810,31,44,16,36
WV,26812,38,35,21,33
WV,26814,34,46,25,37
WV,26815,15,50,20,25
WV,26817,29,34,17,43
WV,26818,36,36,19,43
WV,26823,26,22,9,22
WV,26833,28,36,10,20
WV,26836,28,31,14,25
WV,26838,23,30,19,42
WV,26845,17,32,8,44
WV,26847,20,31,11,18
WV,26851,15,39,10,20
WV,26852,28,52,21,19
WV,26855,30,49,21,29
WV,26865,20,27,12,17
WV,26866,17,43,20,44
WV,26884,31,26,16,43
WV,26886,21,47,24,22
NC,27006,33,33,21,39
NC,27007,16,52,24,22
NC,27009,24,40,8,30
NC,27010,24,22,19,23
NC,27011,11,38,10,33
NC,27012,14,36,8,19
NC,27013,34,35,15,15
NC,27014,29,50,15,18
NC,27016,34,23,15,21
NC,27017,24,35,12,19
NC,27018,20,33,20,44
NC,27019,22,57,17,49
NC,27020,28,55,9,40
NC,27021,18,28,14,35
NC,27022,37,35,9,19
NC,27023,16,28,8,25
NC,27024,20,48,8,24
NC,27025,31,19,17,38
NC,27027,13,25,12,17
NC,27028,37,23,14,42
NC,27030,23,24,12,16
NC,27031,25,53,9,36
NC,27040,20,48,20,20
NC,27041,29,43,16,24
NC,27042,34,56,25,24
NC,27043,17,24,22,40
NC,27045,29,34,13,39
NC,27046,27,29,7,44
NC,27047,26,16,15,38
NC,27048,18,56,21,30
NC,27049,24,47,15,21
NC,27050,31,38,18,20
NC,27051,25,24,23,46
NC,27052,34,29,18,34
NC,27053,32,21,12,17
NC,27054,21,24,15,18
NC,27055,15,41,8,34
NC,27094,25,35,25,19
NC,27098,17,30,11,23
NC,27099,29,30,26,18
NC,27101,16,31,20,16
NC,27102,29,17,20,26
NC,27103,14,26,17,33
NC,27104,21,32,20,31
NC,27105,30,31,13,20
NC,27106,30,23,12,34
NC,27107,27,17,10,43
NC,27108,16,21,18,12
NC,27109,18,31,23,35
NC,27110,17,20,23,40
NC,27111,29,30,22,43
NC,27113,17,20,21,48
NC,27114,23,26,13,34
NC,27115,34,25,16,34
NC,27116,32,27,18,32
NC,27117,37,24,23,18
NC,27120,17,24,22,35
NC,27127,13,32,23,24
NC,27130,19,31,8,22
NC,27150,15,21,8,22
NC,27151,21,45,9,34
NC,27152,13,37,21,30
NC,27155,33,22,20,39
NC,27156,20,36,8,26
NC,27157,32,25,17,41
NC,27198,19,29,21,33
NC,27199,38,25,17,26
NC,27201,27,18,19,29
NC,27202,16,20,15,39
NC,27203,25,25,13,29
NC,27204,23,25,23,21
NC,27205,17,29,25,32
NC,27207,21,38,15,34
NC,27208,22,40,10,31
NC,27209,33,27,8,45
NC,27212,22,19,18,35
NC,27213,24,35,16,28
NC,27214,29,36,22,28
NC,27215,10,29,18,31
NC,27216,17,49,9,50
NC,27217,36,36,9,31
NC,27220,14,33,23,40
NC,27228,26,30,12,33
NC,27229,13,18,13,23
NC,27230,35,28,24,26
NC,27231,20,29,19,22
NC,27233,27,26,19,35
NC,27235,21,30,15,26
NC,27237,13,35,9,20
NC,27239,22,48,11,26
NC,27242,37,39,24,28
NC,27243,14,30,18,51
NC,27244,36,27,13,47
NC,27247,19,23,8,35
NC,27248,14,53,19,27
NC,27249,30,23,8,31
NC,27252,12,38,12,17
NC,27253,19,40,8,35
NC,27256,29,37,23,33
NC,27258,22,36,15,20
NC,27259,32,27,15,19
NC,27260,28,27,19,45
NC,27261,21,45,23,43
NC,27262,19,21,14,28
NC,27263,31,29,22,25
NC,27264,14,24,20,50
NC,27265,25,43,22,26
NC,27268,28,26,14,33
NC,27278,16,56,23,35
NC,27281,26,24,16,28
NC,27282,29,43,26,29
NC,27283,29,34,19,40
NC,27284,27,33,12,19
NC,27285,21,22,14,37
NC,27288,28,39,12,40
NC,27289,22,52,14,32
NC,27291,33,22,10,24
NC,27292,16,23,18,26
NC,27293,19,38,18,47
NC,27294,29,43,11,32
NC,27295,30,48,11,42
NC,27298,25,22,11,15
NC,27299,26,26,14,18
NC,27301,13,24,12,21
NC,27302,12,52,12,19
NC,27305,14,26,26,45
NC,27306,17,36,12,31
NC,27310,30,39,25,43
NC,27311,33,37,23,37
NC,27312,19,34,18,33
NC,27313,19,33,10,27
NC,27314,22,34,18,22
NC,27315,17,27,22,42
NC,27316,24,30,12,26
NC,27317,33,40,18,20
NC,27320,13,34,24,18
NC,27321,26,17,11,41
NC,27322,26,18,22,37
NC,27323,37,20,17,46
NC,27325,13,27,12,18
NC,27326,18,24,12,33
NC,27330,26,39,9,23
NC,27331,32,55,10,31
NC,27332,24,30,7,20
NC,27340,10,22,9,40
NC,27341,23,39,21,27
NC,27342,27,41,15,39
NC,27343,19,33,18,47
NC,27344,34,49,16,22
NC,27349,13,39,27,44
NC,27350,22,25,23,17
NC,27351,34,39,15,21
NC,27355,29,35,19,25
NC,27356,34,25,13,43
NC,27357,27,30,8,19
NC,27358,29,29,7,19
NC,27359,33,40,19,33
NC,27360,16,30,10,19
NC,27361,27,33,12,24
NC,27370,33,47,19,32
NC,27371,15,45,15,41
NC,27373,15,33,10,22
NC,27374,34,20,20,20
NC,27375,16,31,14,20
NC,27376,24,38,16,23
NC,27377,24,32,17,23
NC,27379,12,29,9,24
NC,27395,22,26,24,40
NC,27401,25,26,13,31
NC,27402,24,27,9,43
NC,27403,25,38,21,19
NC,27404,28,51,21,38
NC,27405,35,41,13,41
NC,27406,31,52,10,18
NC,27407,32,42,11,20
NC,27408,14,34,8,19
NC,27409,38,18,17,20
NC,27410,22,20,19,22
NC,27411,19,25,18,35
NC,27412,14,21,17,17
NC,27413,12,34,15,22
NC,27415,12,38,16,13
NC,27416,16,23,20,21
NC,27417,36,40,16,32
NC,27419,28,29,14,52
NC,27420,22,40,10,15
NC,27425,35,34,16,28
NC,27427,31,33,17,32
NC,27429,11,36,7,32
NC,27435,31,49,12,18
NC,27438,24,34,20,37
NC,27455,35,36,18,30
NC,27480,20,33,23,38
NC,27495,13,53,12,26
NC,27497,25,23,9,22
NC,27498,30,45,15,28
NC,27499,31,55,13,17
NC,27501,28,34,20,29
NC,27502,34,44,21,41
NC,27503,40,45,7,39
NC,27504,12,35,10,53
NC,27505,17,26,10,38
NC,27506,35,35,13,23
NC,27507,14,33,13,40
NC,27508,26,49,14,25
NC,27509,28,24,11,30
NC,27510,17,30,20,27
NC,27511,37,27,17,24
NC,27512,30,20,10,28
NC,27513,29,51,23,16
NC,27514,31,43,23,36
NC,27515,16,29,22,19
NC,27516,13,31,16,18
NC,27517,27,36,16,15
NC,27518,24,34,21,21
NC,27519,30,30,7,40
NC,27520,29,30,21,40
NC,27521,18,32,11,24
NC,27522,30,28,14,19
NC,27523,28,41,24,15
NC,27524,13,34,24,21
NC,27525,35,23,10,32
NC,27526,17,38,9,26
NC,27527,33,50,9,44
NC,27528,30,25,21,18
NC,27529,22,30,14,36
NC,27530,26,29,16,48
NC,27531,37,31,12,33
NC,27532,14,29,12,42
NC,27533,41,28,18,52
NC,27534,11,34,26,24
NC,27536,20,48,17,22
NC,27537,31,31,20,16
NC,27539,13,31,19,27
NC,27540,23,50,14,15
NC,27541,11,30,20,27
NC,27542,24,38,15,33
NC,27543,19,54,14,45
NC,27544,16,33,18,36
NC,27545,27,22,18,21
NC,27546,27,50,25,23
NC,27549,16,37,18,36
NC,27551,28,44,22,25
NC,27552,24,39,20,42
NC,27553,28,37,15,30
NC,27555,14,33,12,41
NC,27556,16,22,8,52
NC,27557,32,28,15,31
NC,27559,20,46,9,28
NC,27560,29,53,22,45
NC,27562,31,52,22,16
NC,27563,27,27,20,14
NC,27564,36,26,10,24
NC,27565,25,35,21,17
NC,27568,29,34,17,36
NC,27569,22,48,25,28
NC,27570,28,46,13,46
NC,27571,27,34,12,44
NC,27572,31,24,24,15
NC,27573,35,49,10,25
NC,27574,19,35,20,46
NC,27576,39,42,8,43
NC,27577,25,45,18,30
NC,27581,18,34,21,16
NC,27582,28,40,22,36
NC,27583,16,33,9,37
NC,27584,18,40,22,44
NC,27586,23,26,10,17
NC,27587,28,25,11,23
NC,27588,31,31,10,27
NC,27589,27,34,12,32
NC,27591,32,39,15,37
NC,27592,16,30,9,36
NC,27593,39,36,15,34
NC,27594,19,29,13,23
NC,27596,24,17,14,25
NC,27597,34,41,9,27
NC,27599,30,31,22,31
NC,27601,29,47,8,19
NC,27602,19,46,18,21
NC,27603,20,30,21,33
NC,27604,32,42,15,41
NC,27605,16,37,25,32
NC,27606,14,26,9,25
NC,27607,39,24,18,24
NC,27608,19,48,17,27
NC,27609,22,40,8,32
NC,27610,16,25,7,22
NC,27611,20,30,25,24
NC,27612,14,23,26,41
NC,27613,20,21,26,41
NC,27614,29,28,19,40
NC,27615,24,36,11,44
NC,27616,23,37,23,25
NC,27617,28,41,9,37
NC,27619,15,32,15,30
NC,27620,36,39,21,45
NC,27621,37,24,20,38
NC,27622,29,33,22,31
NC,27623,27,51,26,24
NC,27624,30,33,12,33
NC,27625,14,26,15,28
NC,27626,21,48,9,33
NC,27627,29,20,10,18
NC,27628,27,30,14,43
NC,27629,18,41,19,37
NC,27634,29,28,26,35
NC,27635,24,35,11,41
NC,27636,22,50,18,34
NC,27640,33,25,17,22
NC,27650,20,35,20,44
NC,27656,21,47,11,29
NC,27658,23,39,19,19
NC,27661,29,28,10,29
NC,27668,29,26,15,32
NC,27675,11,38,21,20
NC,27676,30,42,16,19
NC,27690,25,38,17,18
NC,27695,29,18,25,29
NC,27697,16,18,10,17
NC,27698,13,41,22,30
NC,27699,36,26,13,20
NC,27701,34,22,24,36
NC,27702,12,49,18,24
NC,27703,30,52,16,33
NC,27704,27,28,16,41
NC,27705,18,40,20,23
NC,27706,24,33,11,24
NC,27707,37,28,22,54
NC,27708,15,28,23,14
NC,27709,28,38,13,33
NC,27710,26,35,20,25
NC,27711,12,48,22,38
NC,27712,29,36,20,17
NC,27713,35,16,19,27
NC,27715,17,26,24,22
NC,27717,40,41,21,21
NC,27722,23,23,17,45
NC,27801,12,34,11,23
NC,27802,25,43,7,53
NC,27803,19,25,9,44
NC,27804,24,26,9,30
NC,27805,30,26,21,19
NC,27806,27,43,18,31
NC,27807,14,22,19,25
NC,27808,16,46,21,38
NC,27809,17,30,9,19
NC,27810,38,30,18,13
NC,27811,25,23,9,26
NC,27812,31,36,15,24
NC,27813,29,33,19,21
NC,27814,25,24,12,49
NC,27815,33,35,9,38
NC,27816,39,18,8,40
NC,27817,25,28,18,18
NC,27818,38,24,19,19
NC,27819,26,35,10,45
NC,27820,37,43,16,38
NC,27821,27,17,14,40
NC,27822,20,38,24,20
NC,27823,22,28,21,34
NC,27824,37,18,13,26
NC,27825,19,28,17,22
NC,27826,20,54,7,32
NC,27827,38,41,17,41
NC,27828,23,30,22,36
NC,27829,21,25,7,28
NC,27830,12,37,22,27
NC,27831,14,32,11,27
NC,27832,27,23,14,21
NC,27833,12,41,13,24
NC,27834,14,40,14,14
NC,27835,11,41,11,33
NC,27836,23,20,11,44
NC,27837,21,32,22,46
NC,27839,23,43,16,25
NC,27840,22,46,10,23
NC,27841,25,35,17,25
NC,27842,23,38,19,33
NC,27843,15,29,17,20
NC,27844,19,26,22,21
NC,27845,33,20,18,23
NC,27846,20,32,17,27
NC,27847,28,28,13,37
NC,27849,13,28,10,19
NC,27850,19,30,11,29
NC,27851,20,34,22,24
NC,27852,27,19,13,20
NC,27853,24,38,22,13
NC,27854,13,22,17,33
NC,27855,16,24,21,29
NC,27856,26,36,7,29
NC,27857,23,30,22,31
NC,27858,20,38,17,25
NC,27860,16,35,10,28
NC,27861,29,25,19,20
NC,27862,19,36,22,17
NC,27863,33,38,9,19
NC,27864,33,29,20,17
NC,27865,41,32,18,33
NC,27866,28,24,16,44
NC,27867,26,24,20,30
NC,27868,37,26,15,28
NC,27869,22,33,12,41
NC,27870,25,34,22,41
NC,27871,31,53,12,30
NC,27872,31,43,15,35
NC,27873,18,48,13,40
NC,27874,36,23,14,41
NC,27875,23,33,21,18
NC,27876,20,35,12,19
NC,27877,15,34,24,25
NC,27878,13,46,8,24
NC,27879,31,37,23,17
NC,27880,36,51,13,40
NC,27881,13,48,20,36
NC,27882,36,20,12,23
NC,27883,21,47,19,31
NC,27884,16,29,7,25
NC,27885,30,28,12,23
NC,27886,12,33,11,39
NC,27887,15,45,21,36
NC,27888,11,30,20,37
NC,27889,15,50,16,31
NC,27890,21,29,7,54
NC,27891,24,44,18,34
NC,27892,31,27,10,18
NC,27893,34,52,18,51
NC,27894,33,23,25,28
NC,27895,26,42,11,23
NC,27896,16,47,8,35
NC,27897,28,18,20,27
NC,27906,23,30,16,16
NC,27907,13,17,26,34
NC,27909,21,33,18,32
NC,27910,17,30,13,19
NC,27915,13,28,13,33
NC,27916,24,36,7,31
NC,27917,33,20,22,35
NC,27919,21,39,10,25
NC,27920,31,34,23,25
NC,27921,28,50,20,37
NC,27922,38,36,11,16
NC,27923,12,27,16,29
NC,27924,27,22,16,36
NC,27925,14,43,16,15
NC,27926,14,21,14,29
NC,27927,24,31,24,32
NC,27928,15,48,8,16
NC,27929,35,27,21,47
NC,27930,39,29,11,18
NC,27932,24,19,10,45
NC,27935,14,23,19,26
NC,27936,13,29,10,22
NC,27937,26,53,9,40
NC,27938,19,27,10,40
NC,27939,13,54,19,25
NC,27941,29,38,23,26
NC,27942,18,34,24,52
NC,27943,24,38,26,33
NC,27944,28,31,12,19
NC,27946,23,46,8,15
NC,27947,21,45,27,29
NC,27948,31,33,13,27
NC,27949,25,33,25,39
NC,27950,13,23,10,21
NC,27953,14,19,15,27
NC,27954,16,28,22,29
NC,27956,14,46,22,21
NC,27957,24,40,23,42
NC,27958,24,27,23,21
NC,27959,26,25,8,16
NC,27960,26,18,21,43
NC,27962,22,30,19,34
NC,27964,18,39,22,31
NC,27965,25,34,17,38
NC,27966,31,39,24,48
NC,27967,29,44,20,35
NC,27968,23,34,7,24
NC,27969,19,42,9,24
NC,27970,26,39,16,52
NC,27972,29,18,21,51
NC,27973,15,25,21,42
NC,27974,23,39,17,34
NC,27976,33,38,23,21
NC,27978,30,22,19,38
NC,27979,23,23,22,12
NC,27980,36,45,12,15
NC,27981,13,50,17,36
NC,27982,27,45,8,37
NC,27983,24,41,21,22
NC,27985,28,42,13,32
NC,27986,29,31,11,37
NC,28001,29,28,13,28
NC,28002,13,32,25,32
NC,28006,27,45,23,24
NC,28007,31,23,9,37
NC,28009,30,27,17,34
NC,28010,12,34,7,13
NC,28012,27,49,25,14
NC,28016,14,36,18,48
NC,28017,26,28,20,23
NC,28018,24,35,8,23
NC,28019,34,18,24,16
NC,28020,29,20,16,26
NC,28021,28,32,18,41
NC,28023,18,26,17,23
NC,28024,19,32,12,44
NC,28025,14,29,15,43
NC,28026,31,33,18,35
NC,28027,33,46,17,35
NC,28031,13,39,8,23
NC,28032,18,16,19,31
NC,28033,21,28,19,36
NC,28034,35,38,9,22
NC,28035,25,32,24,32
NC,28036,35,36,13,34
NC,28037,44,39,23,44
NC,28038,29,36,19,17
NC,28039,23,40,20,16
NC,28040,30,25,14,22
NC,28041,26,23,24,39
NC,28042,17,28,10,39
NC,28043,34,22,24,28
NC,28052,21,55,22,16
NC,28053,12,31,22,45
NC,28054,11,25,8,14
NC,28055,18,30,19,37
NC,28056,13,22,20,13
NC,28070,27,23,24,17
NC,28071,27,30,23,26
NC,28072,27,40,19,20
NC,28073,38,40,10,17
NC,28074,13,27,12,34
NC,28075,16,41,22,39
NC,28076,28,35,12,14
NC,28077,29,35,25,38
NC,28078,18,35,16,28
NC,28079,21,23,11,28
NC,28080,24,34,14,40
NC,28081,21,20,26,13
NC,28082,30,43,24,37
NC,28083,24,25,13,18
NC,28086,24,35,7,17
NC,28088,14,31,18,24
NC,28089,24,50,19,27
NC,28090,19,51,10,31
NC,28091,24,30,10,32
NC,28092,26,17,11,52
NC,28093,22,20,14,20
NC,28097,34,27,15,42
NC,28098,28,47,10,47
NC,28101,28,34,13,35
NC,28102,34,24,27,16
NC,28103,15,50,10,18
NC,28104,25,33,12,21
NC,28105,29,25,16,33
NC,28106,17,21,9,53
NC,28107,13,22,20,14
NC,28108,39,33,12,17
NC,28109,29,46,24,19
NC,28110,29,35,8,21
NC,28111,35,42,23,17
NC,28112,13,54,11,25
NC,28114,16,34,10,42
NC,28115,20,35,12,30
NC,28117,25,37,25,25
NC,28119,26,23,8,32
NC,28120,33,43,18,36
NC,28123,34,29,12,36
NC,28124,20,27,13,25
NC,28125,32,33,27,23
NC,28126,29,37,19,24
NC,28127,36,29,18,40
NC,28128,31,39,17,30
NC,28129,22,52,17,19
NC,28130,23,56,13,14
NC,28133,20,40,21,38
NC,28134,25,45,21,18
NC,28135,41,46,14,19
NC,28136,26,28,17,32
NC,28137,13,38,18,17
NC,28138,13,31,7,35
NC,28139,34,29,19,29
NC,28144,22,23,17,42
NC,28145,15,44,17,19
NC,28146,14,31,9,43
NC,28147,30,33,10,36
NC,28150,22,32,12,19
NC,28151,20,34,9,26
NC,28152,16,36,19,17
NC,28159,24,23,19,19
NC,28160,18,27,12,20
NC,28163,19,28,19,37
NC,28164,25,31,13,21
NC,28166,17,34,20,22
NC,28167,11,29,12,22
NC,28168,31,38,12,18
NC,28169,13,45,17,33
NC,28170,15,25,8,21
NC,28173,15,23,20,30
NC,28174,34,28,19,20
NC,28201,14,40,14,35
NC,28202,21,31,13,32
NC,28203,23,29,20,23
NC,28204,16,33,17,28
NC,28205,22,40,11,34
NC,28206,29,29,18,16
NC,28207,29,31,24,22
NC,28208,21,40,12,22
NC,28209,21,33,8,40
NC,28210,15,37,13,28
NC,28211,18,37,13,27
NC,28212,28,31,23,34
NC,28213,15,40,24,50
NC,28214,21,23,11,31
NC,28215,16,34,16,19
NC,28216,17,55,23,16
NC,28217,20,32,18,19
NC,28218,32,28,21,28
NC,28219,13,28,19,32
NC,28220,35,37,15,22
NC,28221,27,31,15,20
NC,28222,39,23,16,29
NC,28223,21,36,8,17
NC,28224,13,49,17,29
NC,28226,34,28,12,32
NC,28227,21,45,13,20
NC,28228,22,24,15,32
NC,28229,28,40,20,24
NC,28230,18,35,19,25
NC,28231,18,23,22,23
NC,28232,29,30,23,30
NC,28233,19,26,9,23
NC,28234,28,44,19,29
NC,28235,32,21,17,30
NC,28236,24,33,16,30
NC,28237,24,19,12,17
NC,28241,27,40,9,29
NC,28242,32,20,14,32
NC,28243,17,47,23,33
NC,28244,18,28,14,47
NC,28246,16,43,11,26
NC,28247,26,34,13,31
NC,28250,19,39,13,19
NC,28253,19,36,25,20
NC,28254,18,51,9,40
NC,28255,34,41,13,33
NC,28256,18,32,7,21
NC,28258,34,38,25,37
NC,28260,22,36,21,31
NC,28262,14,41,22,32
NC,28263,17,29,14,42
NC,28265,35,30,11,27
NC,28266,34,32,19,23
NC,28269,24,30,18,21
NC,28270,33,39,21,30
NC,28271,35,41,10,43
NC,28272,27,37,25,21
NC,28273,14,19,22,20
NC,28274,36,35,17,48
NC,28275,16,30,19,19
NC,28277,24,20,8,41
NC,28278,20,27,25,34
NC,28280,33,35,9,32
NC,28281,18,39,15,36
NC,28282,33,17,8,37
NC,28284,27,32,14,20
NC,28285,15,20,14,21
NC,28287,16,35,9,17
NC,28288,14,33,20,20
NC,28289,33,55,11,24
NC,28290,34,37,9,26
NC,28296,20,36,25,43
NC,28297,17,43,19,19
NC,28299,28,29,12,40
NC,28301,37,21,14,16
NC,28302,38,43,23,49
NC,28303,12,52,19,20
NC,28304,20,31,23,43
NC,28305,16,20,18,34
NC,28306,31,27,13,17
NC,28307,32,34,12,41
NC,28308,34,23,21,35
NC,28309,31,38,19,25
NC,28310,29,39,13,26
NC,28311,23,23,23,32
NC,28312,28,37,13,24
NC,28314,14,36,13,34
NC,28315,21,38,11,42
NC,28318,26,32,23,29
NC,28319,37,30,22,40
NC,28320,34,31,16,33
NC,28323,16,24,8,18
NC,28325,24,52,19,23
NC,28326,28,16,18,41
NC,28327,25,49,13,34
NC,28328,16,33,19,17
NC,28329,28,24,8,15
NC,28330,15,39,8,24
NC,28331,32,18,9,21
NC,28332,29,42,21,32
NC,28333,13,36,21,40
NC,28334,12,34,16,19
NC,28335,27,33,10,15
NC,28337,26,19,26,16
NC,28338,18,23,13,40
NC,28339,27,27,10,41
NC,28340,23,51,11,40
NC,28341,24,39,26,36
NC,28342,20,17,15,18
NC,28343,20,40,15,20
NC,28344,35,30,18,25
NC,28345,23,17,20,42
NC,28347,18,25,14,36
NC,28348,30,48,22,12
NC,28349,17,26,8,40
NC,28350,13,54,18,44
NC,28351,32,37,18,29
NC,28352,20,31,19,26
NC,28353,25,27,12,46
NC,28355,30,30,17,18
NC,28356,36,35,14,38
NC,28357,37,36,8,49
NC,28358,33,22,13,49
NC,28359,20,34,25,19
NC,28360,27,21,10,44
NC,28362,20,36,9,41
NC,28363,28,37,17,29
NC,28364,25,38,15,26
NC,28365,35,47,11,18
NC,28366,18,25,19,21
NC,28367,17,29,9,32
NC,28368,22,33,10,17
NC,28369,38,42,21,26
NC,28370,26,34,16,33
NC,28371,25,32,11,20
NC,28372,34,28,14,17
NC,28373,33,39,13,48
NC,28374,11,40,16,35
NC,28375,20,21,10,29
NC,28376,29,39,20,51
NC,28377,16,32,21,24
NC,28378,28,25,9,51
NC,28379,36,35,14,31
NC,28380,27,32,12,42
NC,28382,41,24,10,39
NC,28383,22,20,24,16
NC,28384,23,25,17,37
NC,28385,37,33,18,28
NC,28386,23,26,10,34
NC,28387,16,19,14,21
NC,28388,18,41,7,32
NC,28390,12,42,10,20
NC,28391,20,27,12,28
NC,28392,27,36,16,32
NC,28393,13,24,23,33
NC,28394,29,43,12,15
NC,28395,15,36,12,31
NC,28396,31,57,23,29
NC,28398,22,50,20,50
NC,28399,23,19,27,25
NC,28401,30,23,22,19
NC,28402,23,27,23,29
NC,28403,28,33,17,36
NC,28404,30,17,16,31
NC,28405,15,25,16,28
NC,28406,32,27,19,32
NC,28407,13,25,21,17
NC,28408,40,24,17,39
NC,28409,25,31,27,34
NC,28410,21,29,13,25
NC,28411,22,32,23,28
NC,28412,20,37,12,22
NC,28420,25,30,23,29
NC,28421,31,26,14,17
NC,28422,33,25,15,35
NC,28423,17,18,14,22
NC,28424,29,37,11,17
NC,28425,12,32,18,41
NC,28428,24,32,15,39
NC,28429,15,46,12,34
NC,28430,27,32,8,20
NC,28431,15,21,9,31
NC,28432,40,26,19,32
NC,28433,16,35,21,43
NC,28434,31,26,9,39
NC,28435,32,29,24,35
NC,28436,23,55,24,40
NC,28438,21,39,12,20
NC,28439,33,31,14,47
NC,28441,23,20,7,44
NC,28442,18,28,25,22
NC,28443,16,27,15,37
NC,28444,22,26,12,30
NC,28445,30,40,24,32
NC,28447,23,35,13,33
NC,28448,27,38,20,37
NC,28449,22,40,12,26
NC,28450,25,40,20,24
NC,28451,23,29,18,31
NC,28452,15,35,15,20
NC,28453,27,40,11,42
NC,28454,30,34,10,23
NC,28455,11,26,25,50
NC,28456,11,33,17,26
NC,28457,37,33,22,22
NC,28458,18,46,8,45
NC,28459,16,38,12,25
NC,28460,23,42,15,39
NC,28461,30,37,11,35
NC,28462,14,35,9,29
NC,28463,26,30,21,26
NC,28464,22,43,14,19
NC,28465,14,47,18,20
NC,28466,14,34,8,44
NC,28467,22,48,12,23
NC,28468,25,46,25,22
NC,28469,27,38,13,36
NC,28470,33,30,12,16
NC,28472,29,37,16,22
NC,28478,40,22,8,39
NC,28479,38,39,14,33
NC,28480,28,29,21,30
NC,28501,29,42,12,28
NC,28502,26,38,17,41
NC,28503,23,36,12,22
NC,28504,20,38,9,21
NC,28508,25,36,10,29
NC,28509,31,19,24,52
NC,28510,26,28,18,19
NC,28511,31,33,20,29
NC,28512,22,24,19,39
NC,28513,16,28,14,17
NC,28515,14,30,12,35
NC,28516,12,27,9,24
NC,28518,17,32,10,20
NC,28519,25,30,8,19
NC,28520,29,33,8,16
NC,28521,16,32,22,19
NC,28522,13,21,12,17
NC,28523,37,18,20,36
NC,28524,32,40,12,23
NC,28525,29,36,19,32
NC,28526,19,35,25,20
NC,28527,18,31,17,35
NC,28528,25,53,21,20
NC,28529,32,42,17,21
NC,28530,33,42,23,45
NC,28531,18,38,13,35
NC,28532,24,16,7,34
NC,28533,32,29,7,23
NC,28537,32,30,19,24
NC,28538,33,21,12,24
NC,28539,33,42,20,36
NC,28540,18,25,17,31
NC,28541,38,31,15,51
NC,28542,30,35,22,34
NC,28543,29,30,16,39
NC,28544,41,29,15,28
NC,28545,31,27,9,28
NC,28546,25,39,21,15
NC,28547,32,41,25,14
NC,28551,17,44,18,40
NC,28552,33,30,18,33
NC,28553,13,24,13,20
NC,28554,14,23,24,25
NC,28555,34,40,12,18
NC,28556,29,33,23,38
NC,28557,21,25,14,48
NC,28560,22,52,18,36
NC,28561,29,23,14,23
NC,28562,29,30,23,13
NC,28563,34,39,25,34
NC,28564,34,21,17,17
NC,28570,36,27,12,40
NC,28571,15,18,8,23
NC,28572,24,24,10,19
NC,28573,35,40,21,38
NC,28574,32,47,13,17
NC,28575,12,35,24,16
NC,28577,30,28,9,29
NC,28578,18,34,11,45
NC,28579,33,48,19,47
NC,28580,14,43,15,32
NC,28581,30,23,23,20
NC,28582,10,31,23,45
NC,28583,40,42,19,24
NC,28584,32,35,19,32
NC,28585,29,28,8,40
NC,28586,20,52,24,41
NC,28587,21,34,23,21
NC,28589,13,24,22,31
NC,28590,27,28,14,32
NC,28594,31,39,10,24
NC,28601,28,41,23,31
NC,28602,31,50,23,32
NC,28603,28,54,8,24
NC,28604,30,48,22,16
NC,28605,14,39,25,20
NC,28606,40,53,8,38
NC,28607,22,53,24,34
NC,28608,36,47,21,47
NC,28609,26,52,12,43
NC,28610,17,33,8,25
NC,28611,24,23,8,43
NC,28612,24,29,7,39
NC,28613,32,27,25,27
NC,28615,25,40,23,20
NC,28616,25,28,27,45
NC,28617,29,38,9,21
NC,28618,31,20,11,26
NC,28619,22,39,14,29
NC,28621,29,34,9,15
NC,28622,28,30,19,22
NC,28623,24,35,11,24
NC,28624,31,32,17,24
NC,28625,12,29,15,18
NC,28626,29,54,15,26
NC,28627,19,22,8,25
NC,28628,26,29,14,34
NC,28629,31,39,24,55
NC,28630,24,26,16,17
NC,28631,12,39,17,27
NC,28633,25,19,9,42
NC,28634,20,51,14,19
NC,28635,26,27,12,39
NC,28636,23,21,23,32
NC,28637,31,22,14,40
NC,28638,15,36,14,44
NC,28640,30,30,14,29
NC,28641,24,29,13,37
NC,28642,34,20,14,15
NC,28643,21,36,23,28
NC,28644,30,23,18,18
NC,28645,29,29,18,23
NC,28646,32,42,8,30
NC,28647,13,42,14,32
NC,28649,26,45,22,21
NC,28650,28,37,20,37
NC,28651,29,16,10,31
NC,28652,22,36,15,28
NC,28653,14,42,11,37
NC,28654,22,49,9,38
NC,28655,23,31,18,37
NC,28656,32,32,17,46
NC,28657,13,32,18,49
NC,28658,23,46,20,21
NC,28659,29,26,14,48
NC,28660,28,40,17,28
NC,28661,25,24,12,24
NC,28662,29,20,12,35
NC,28663,19,38,7,22
NC,28664,33,22,13,27
NC,28665,26,24,23,20
NC,28666,35,17,22,20
NC,28667,23,43,12,47
NC,28668,22,28,10,33
NC,28669,11,20,16,38
NC,28670,30,35,19,43
NC,28671,17,32,17,47
NC,28672,19,24,10,22
NC,28673,16,24,7,22
NC,28674,17,25,11,36
NC,28675,12,34,23,19
NC,28676,27,46,18,29
NC,28677,35,23,13,35
NC,28678,23,34,15,15
NC,28679,32,27,14,21
NC,28680,22,34,17,35
NC,28681,13,39,19,22
NC,28682,13,37,9,50
NC,28683,21,34,17,27
NC,28684,18,20,17,38
NC,28685,15,32,8,32
NC,28687,28,30,14,41
NC,28688,36,29,20,17
NC,28689,21,28,23,44
NC,28690,21,23,23,37
NC,28691,20,44,25,25
NC,28692,38,34,15,20
NC,28693,15,28,16,46
NC,28694,10,38,24,17
NC,28697,24,29,23,19
NC,28698,23,36,14,29
NC,28699,27,27,14,28
NC,28701,33,35,24,46
NC,28702,15,31,19,23
NC,28704,27,25,21,34
NC,28705,36,21,19,24
NC,28707,29,21,9,22
NC,28708,23,50,22,20
NC,28709,36,47,11,40
NC,28710,17,33,21,47
NC,28711,31,44,23,34
NC,28712,16,19,14,19
NC,28713,13,48,18,34
NC,28714,15,36,18,50
NC,28715,33,50,8,31
NC,28716,30,42,12,32
NC,28717,26,27,8,25
NC,28718,28,36,8,33
NC,28719,34,28,11,21
NC,28720,26,43,12,25
NC,28721,16,35,16,26
NC,28722,29,17,11,20
NC,28723,31,23,16,43
NC,28724,35,27,10,40
NC,28725,13,27,12,32
NC,28726,25,49,21,38
NC,28727,12,29,24,40
NC,28728,18,27,24,33
NC,28729,31,25,11,28
NC,28730,33,43,15,21
NC,28731,12,35,25,30
NC,28732,24,43,22,33
NC,28733,20,41,9,22
NC,28734,39,33,19,44
NC,28735,13,23,8,51
NC,28736,31,25,24,49
NC,28737,25,23,13,33
NC,28738,35,23,23,32
NC,28739,20,39,19,35
NC,28740,26,37,15,23
NC,28741,11,29,18,37
NC,28742,30,27,14,38
NC,28743,32,31,14,36
NC,28744,24,18,20,22
NC,28745,35,42,12,26
NC,28746,20,51,12,39
NC,28747,20,34,18,37
NC,28748,39,55,9,35
NC,28749,20,30,14,24
NC,28750,24,51,11,37
NC,28751,12,27,19,27
NC,28752,30,39,13,30
NC,28753,14,23,16,20
NC,28754,19,28,14,22
NC,28755,17,25,17,34
NC,28756,26,24,16,37
NC,28757,24,28,22,19
NC,28758,37,44,17,42
NC,28759,29,27,8,27
NC,28760,33,31,23,19
NC,28761,25,27,10,50
NC,28762,21,37,23,32
NC,28763,40,36,10,35
NC,28765,14,26,25,53
NC,28766,18,19,9,44
NC,28768,33,29,15,41
NC,28770,14,38,15,15
NC,28771,22,40,22,23
NC,28772,16,32,23,27
NC,28773,21,29,18,36
NC,28774,18,37,12,27
NC,28775,31,25,23,46
NC,28776,16,25,9,14
NC,28777,25,53,7,45
NC,28778,13,35,11,23
NC,28779,23,19,10,53
NC,28781,16,44,18,17
NC,28782,31,30,17,30
NC,28783,13,55,23,43
NC,28784,37,30,23,37
NC,28785,21,34,8,37
NC,28786,36,35,19,42
NC,28787,29,32,16,34
NC,28788,19,28,19,27
NC,28789,14,38,7,24
NC,28790,20,28,26,49
NC,28791,15,40,11,17
NC,28792,29,36,22,42
NC,28793,31,33,8,20
NC,28801,39,56,21,33
NC,28802,18,45,21,15
NC,28803,29,34,17,27
NC,28804,24,19,20,32
NC,28805,11,20,13,23
NC,28806,13,44,19,33
NC,28810,15,44,17,32
NC,28813,21,32,21,22
NC,28814,16,25,18,22
NC,28815,19,29,17,48
NC,28816,23,34,14,26
NC,28901,21,36,18,23
NC,28902,21,43,10,13
NC,28903,30,42,17,13
NC,28904,12,33,15,21
NC,28905,27,35,22,41
NC,28906,28,26,7,12
NC,28909,22,51,13,31
SC,29001,16,39,26,13
SC,29002,14,36,9,20
SC,29003,34,29,10,33
SC,29006,21,36,20,23
SC,29009,21,23,14,46
SC,29010,35,41,16,26
SC,29014,19,31,19,22
SC,29015,24,40,12,36
SC,29016,30,35,22,27
SC,29018,14,30,18,35
SC,29020,32,33,12,23
SC,29021,32,33,22,20
SC,29030,25,43,18,42
SC,29031,30,28,25,23
SC,29032,28,45,12,37
SC,29033,35,25,7,40
SC,29036,15,54,15,36
SC,29037,27,23,14,33
SC,29038,22,49,22,28
SC,29039,22,38,10,18
SC,29040,24,36,18,26
SC,29041,38,25,18,25
SC,29042,32,20,21,39
SC,29044,29,42,16,30
SC,29045,15,50,12,16
SC,29046,38,43,9,45
SC,29047,11,38,12,42
SC,29048,24,43,9,13
SC,29051,35,20,15,30
SC,29052,36,35,10,19
SC,29053,23,35,15,35
SC,29054,10,42,24,30
SC,29055,19,30,23,36
SC,29056,21,27,20,31
SC,29058,11,29,15,31
SC,29059,29,51,20,29
SC,29061,15,32,14,18
SC,29062,23,20,21,32
SC,29063,26,27,25,21
SC,29065,11,20,8,28
SC,29067,16,37,9,13
SC,29069,35,26,21,39
SC,29070,32,27,17,43
SC,29071,36,31,24,19
SC,29072,19,47,16,29
SC,29073,13,42,8,50
SC,29074,25,28,10,25
SC,29075,22,25,23,14
SC,29078,28,33,12,31
SC,29079,31,27,13,13
SC,29080,17,21,20,20
SC,29081,12,33,10,36
SC,29082,14,26,11,22
SC,29101,16,42,11,31
SC,29102,22,38,18,33
SC,29104,36,38,22,39
SC,29105,14,25,14,23
SC,29107,26,22,20,32
SC,29108,25,55,20,34
SC,29111,14,25,18,28
SC,29112,41,42,7,16
SC,29113,19,43,22,32
SC,29114,20,33,19,21
SC,29115,24,23,8,36
SC,29116,22,30,17,14
SC,29117,16,41,20,51
SC,29118,19,30,20,14
SC,29122,21,32,10,43
SC,29123,37,26,8,27
SC,29125,23,19,15,31
SC,29126,20,38,20,22
SC,29127,22,35,9,15
SC,29128,14,28,22,32
SC,29129,25,32,13,19
SC,29130,33,33,23,27
SC,29132,12,32,25,22
SC,29133,16,32,13,30
SC,29135,22,22,14,33
SC,29137,20,39,19,36
SC,29138,26,28,23,38
SC,29142,22,35,12,31
SC,29143,16,24,10,38
SC,29145,40,42,14,35
SC,29146,25,39,16,23
SC,29147,17,21,10,48
SC,29148,34,36,20,31
SC,29150,27,35,18,33
SC,29151,26,55,14,43
SC,29152,13,20,14,27
SC,29153,35,24,21,36
SC,29154,36,33,11,26
SC,29160,33,28,18,41
SC,29161,31,28,23,35
SC,29162,24,24,19,39
SC,29163,35,25,11,20
SC,29164,28,30,9,23
SC,29166,33,25,11,15
SC,29168,28,30,9,24
SC,29169,22,20,9,12
SC,29170,36,35,8,30
SC,29171,32,37,17,28
SC,29172,36,30,14,31
SC,29175,13,33,10,36
SC,29177,31,35,23,15
SC,29178,33,33,24,25
SC,29180,32,32,25,21
SC,29201,20,42,19,25
SC,29202,20,28,12,23
SC,29203,21,31,10,22
SC,29204,23,44,20,45
SC,29205,30,28,23,25
SC,29206,24,29,11,27
SC,29207,33,41,9,42
SC,29208,15,27,26,26
SC,29209,23,25,24,20
SC,29210,20,23,21,23
SC,29211,23,39,20,13
SC,29212,28,18,9,36
SC,29214,11,53,7,31
SC,29215,31,35,12,20
SC,29216,36,44,8,16
SC,29217,22,31,9,25
SC,29218,17,41,9,33
SC,29219,14,25,9,19
SC,29220,14,48,26,15
SC,29221,16,28,25,20
SC,29222,24,33,11,43
SC,29223,23,28,20,33
SC,29224,15,46,16,41
SC,29225,28,35,19,47
SC,29226,16,35,13,26
SC,29227,23,34,13,37
SC,29228,22,30,15,35
SC,29229,15,51,22,31
SC,29230,23,36,27,33
SC,29240,33,29,17,30
SC,29250,29,41,17,17
SC,29260,30,25,8,29
SC,29290,32,28,11,20
SC,29292,30,38,18,53
SC,29301,19,39,7,17
SC,29302,16,25,18,34
SC,29303,14,35,19,37
SC,29304,21,43,26,17
SC,29305,32,24,15,17
SC,29306,36,40,16,22
SC,29307,31,29,11,24
SC,29316,23,28,20,17
SC,29318,16,27,18,24
SC,29319,38,24,12,36
SC,29320,15,24,15,26
SC,29321,23,26,27,15
SC,29322,32,19,8,32
SC,29323,36,26,11,35
SC,29324,15,47,24,17
SC,29325,15,55,7,45
SC,29329,34,36,25,23
SC,29330,15,37,19,25
SC,29331,25,43,13,44
SC,29332,20,33,9,29
SC,29333,26,30,10,26
SC,29334,21,43,17,25
SC,29335,30,29,21,39
SC,29336,23,27,19,31
SC,29338,34,39,17,27
SC,29340,13,55,7,26
SC,29341,33,37,15,34
SC,29342,23,28,13,33
SC,29346,31,32,19,45
SC,29348,18,27,26,22
SC,29349,23,39,10,34
SC,29351,28,44,8,14
SC,29353,35,20,22,20
SC,29355,19,42,9,31
SC,29356,27,45,24,41
SC,29360,40,49,22,22
SC,29364,24,36,13,32
SC,29365,11,33,20,18
SC,29368,35,43,15,39
SC,29369,16,20,17,19
SC,29370,33,51,12,44
SC,29372,11,42,10,37
SC,29373,18,43,14,38
SC,29374,19,48,24,23
SC,29375,32,49,7,46
SC,29376,27,50,12,44
SC,29377,27,16,20,16
SC,29378,28,22,21,40
SC,29379,26,22,27,38
SC,29384,14,26,24,26
SC,29385,16,27,23,39
SC,29386,32,36,8,30
SC,29388,22,34,13,31
SC,29390,27,40,10,31
SC,29391,17,35,23,25
SC,29395,23,24,22,18
SC,29401,36,25,12,39
SC,29402,36,30,16,30
SC,29403,15,45,25,22
SC,29404,30,27,13,31
SC,29405,30,21,18,24
SC,29406,14,26,24,39
SC,29407,21,26,16,25
SC,29409,36,39,20,32
SC,29410,36,33,10,21
SC,29412,18,24,15,19
SC,29413,29,32,24,42
SC,29414,26,34,8,18
SC,29415,16,22,14,16
SC,29416,12,34,12,50
SC,29417,18,33,27,46
SC,29418,27,27,20,42
SC,29419,30,19,10,34
SC,29420,24,37,11,39
SC,29422,34,17,20,29
SC,29423,37,40,7,16
SC,29424,24,38,9,36
SC,29425,15,38,11,29
SC,29426,15,31,21,28
SC,29429,30,39,23,54
SC,29430,33,31,17,20
SC,29431,34,38,16,40
SC,29432,26,21,14,38
SC,29433,21,33,16,26
SC,29434,30,38,18,42
SC,29435,34,44,20,35
SC,29436,17,25,9,40
SC,29437,26,47,12,23
SC,29438,14,26,10,16
SC,29439,24,26,10,24
SC,29440,24,45,18,30
SC,29442,16,48,16,51
SC,29445,28,35,15,22
SC,29446,33,34,9,47
SC,29447,14,39,13,17
SC,29448,32,26,8,36
SC,29449,25,24,7,40
SC,29450,29,33,17,39
SC,29451,13,28,10,38
SC,29452,28,28,13,31
SC,29453,20,26,16,22
SC,29455,24,45,16,16
SC,29456,16,30,18,27
SC,29457,16,31,16,21
SC,29458,31,32,23,30
SC,29461,19,31,14,34
SC,29464,34,26,14,28
SC,29465,36,42,13,41
SC,29466,16,30,15,32
SC,29468,31,20,19,21
SC,29469,22,27,16,31
SC,29470,13,18,14,16
SC,29471,25,19,21,28
SC,29472,19,51,12,23
SC,29474,35,38,9,23
SC,29475,21,24,19,30
SC,29476,14,36,8,24
SC,29477,36,31,18,33
SC,29479,20,25,24,51
SC,29481,19,29,18,23
SC,29482,12,36,11,51
SC,29483,28,51,15,48
SC,29484,32,44,23,36
SC,29485,11,39,19,33
SC,29486,21,27,11,21
SC,29487,21,21,16,30
SC,29488,36,41,8,41
SC,29492,30,40,26,33
SC,29493,31,36,17,27
SC,29501,12,49,21,31
SC,29502,17,36,10,13
SC,29503,22,22,11,35
SC,29504,15,21,12,17
SC,29505,27,32,8,40
SC,29506,14,22,13,18
SC,29510,26,27,15,25
SC,29511,25,45,14,20
SC,29512,26,46,13,40
SC,29516,17,46,11,51
SC,29518,28,50,20,32
SC,29519,35,28,16,17
SC,29520,37,37,22,19
SC,29525,39,33,18,26
SC,29526,13,39,14,20
SC,29527,37,27,18,28
SC,29528,36,37,12,36
SC,29530,35,35,27,35
SC,29532,36,26,22,25
SC,29536,33,44,21,32
SC,29540,15,38,24,43
SC,29541,15,34,10,30
SC,29543,23,39,8,37
SC,29544,37,28,18,22
SC,29545,13,41,22,40
SC,29546,13,37,12,15
SC,29547,21,28,13,32
SC,29550,17,49,19,25
SC,29551,19,34,9,36
SC,29554,24,49,19,30
SC,29555,22,29,16,37
SC,29556,35,44,8,27
SC,29560,14,33,21,44
SC,29563,11,36,9,50
SC,29564,28,43,23,42
SC,29565,30,24,25,38
SC,29566,17,45,20,25
SC,29567,29,21,21,34
SC,29568,29,24,21,22
SC,29569,28,23,21,33
SC,29570,15,46,22,36
SC,29571,12,17,10,33
SC,29572,27,21,8,32
SC,29573,37,28,22,16
SC,29574,24,47,9,16
SC,29575,38,37,12,48
SC,29576,30,19,24,40
SC,29577,23,37,22,28
SC,29578,35,26,26,47
SC,29579,19,36,21,41
SC,29580,29,37,13,37
SC,29581,27,38,13,18
SC,29582,40,53,21,32
SC,29583,21,34,9,44
SC,29584,38,33,20,34
SC,29585,23,33,8,32
SC,29587,21,43,22,49
SC,29588,17,33,12,21
SC,29589,21,29,8,28
SC,29590,19,22,16,32
SC,29591,22,28,8,16
SC,29592,34,44,9,37
SC,29593,23,26,7,21
SC,29594,24,24,11,18
SC,29596,12,43,14,25
SC,29597,22,22,13,21
SC,29598,36,26,14,28
SC,29601,22,53,15,21
SC,29602,18,23,11,24
SC,29603,21,47,18,25
SC,29604,38,36,21,40
SC,29605,13,50,13,36
SC,29606,35,24,13,37
SC,29607,41,31,11,54
SC,29608,12,38,20,21
SC,29609,38,19,10,21
SC,29610,27,33,8,38
SC,29611,28,36,19,29
SC,29612,36,33,17,25
SC,29613,18,19,19,27
SC,29614,32,50,17,43
SC,29615,24,29,15,39
SC,29616,12,27,17,21
SC,29617,32,33,21,26
SC,29620,33,37,23,18
SC,29621,13,31,13,25
SC,29622,32,32,18,21
SC,29623,24,44,22,33
SC,29624,28,33,19,45
SC,29625,28,21,21,42
SC,29626,14,34,12,20
SC,29627,16,46,9,24
SC,29628,15,35,13,23
SC,29630,15,37,8,23
SC,29631,26,34,11,45
SC,29632,31,40,17,32
SC,29633,30,34,13,17
SC,29634,37,35,23,29
SC,29635,33,34,24,47
SC,29636,25,45,21,31
SC,29638,14,37,22,35
SC,29639,21,43,7,20
SC,29640,26,34,8,21
SC,29641,40,40,24,24
SC,29642,17,29,21,24
SC,29643,28,24,24,50
SC,29644,13,29,10,27
SC,29645,25,39,10,21
SC,29646,34,25,8,29
SC,29647,28,26,15,25
SC,29648,12,54,10,25
SC,29649,24,24,16,21
SC,29650,14,35,20,32
SC,29651,39,24,13,16
SC,29652,20,28,9,27
SC,29653,25,35,10,36
SC,29654,24,21,16,35
SC,29655,24,21,20,35
SC,29656,36,39,18,26
SC,29657,23,35,15,26
SC,29658,30,20,17,35
SC,29659,13,47,10,15
SC,29661,23,34,9,51
SC,29662,31,27,15,24
SC,29664,32,27,25,26
SC,29665,19,29,16,36
SC,29666,19,41,8,41
SC,29667,16,39,20,26
SC,29669,28,21,17,33
SC,29670,25,39,16,25
SC,29671,24,39,16,18
SC,29672,29,21,12,32
SC,29673,29,49,10,22
SC,29675,11,25,9,13
SC,29676,14,37,15,48
SC,29677,20,44,21,46
SC,29678,24,48,26,24
SC,29679,28,20,12,28
SC,29680,32,29,19,34
SC,29681,15,24,20,34
SC,29682,15,37,12,47
SC,29683,18,17,24,13
SC,29684,14,32,20,27
SC,29685,30,29,13,39
SC,29686,19,44,22,26
SC,29687,30,43,17,30
SC,29688,18,31,17,21
SC,29689,32,30,18,22
SC,29690,29,56,20,44
SC,29691,17,33,17,32
SC,29692,29,37,15,27
SC,29693,27,54,15,38
SC,29695,29,22,16,18
SC,29696,33,53,23,42
SC,29697,23,23,19,22
SC,29698,30,25,24,28
SC,29702,27,28,19,17
SC,29703,26,43,14,24
SC,29704,30,38,8,22
SC,29706,35,29,8,32
SC,29707,14,28,17,16
SC,29708,39,40,19,21
SC,29709,29,38,17,18
SC,29710,25,47,18,33
SC,29712,14,30,16,28
SC,29714,23,39,26,33
SC,29715,13,31,17,16
SC,29716,31,35,10,27
SC,29717,39,22,26,34
SC,29718,12,31,15,40
SC,29720,27,45,21,40
SC,29721,20,31,22,25
SC,29722,19,27,10,37
SC,29724,28,29,10,24
SC,29726,22,32,14,17
SC,29727,28,18,7,24
SC,29728,32,36,11,32
SC,29729,20,22,12,39
SC,29730,23,20,22,30
SC,29731,22,26,18,30
SC,29732,19,34,15,36
SC,29733,25,18,16,26
SC,29734,28,53,14,18
SC,29741,12,29,12,20
SC,29742,15,32,24,46
SC,29743,17,36,7,39
SC,29744,26,38,22,46
SC,29745,42,61,28,29
SC,29801,35,42,17,34
SC,29802,26,26,16,29
SC,29803,26,43,15,14
SC,29804,33,34,25,45
SC,29805,33,40,20,35
SC,29808,14,33,16,19
SC,29809,24,20,7,31
SC,29810,41,40,9,16
SC,29812,24,23,15,22
SC,29813,33,37,21,28
SC,29816,22,26,23,18
SC,29817,24,41,9,24
SC,29819,40,22,21,15
SC,29821,34,32,26,39
SC,29822,13,52,24,39
SC,29824,21,17,21,48
SC,29826,38,35,7,27
SC,29827,21,36,22,27
SC,29828,28,20,22,24
SC,29829,12,31,17,32
SC,29831,18,37,19,46
SC,29832,27,32,11,30
SC,29834,18,28,14,16
SC,29835,25,31,25,48
SC,29836,32,27,18,46
SC,29838,13,27,21,15
SC,29839,19,32,21,35
SC,29840,29,42,23,22
SC,29841,32,32,23,19
SC,29842,30,37,14,27
SC,29843,25,25,14,19
SC,29844,35,30,17,31
SC,29845,26,42,19,46
SC,29846,36,49,24,45
SC,29847,27,27,12,50
SC,29848,26,31,12,34
SC,29849,32,36,19,28
SC,29850,19,18,15,20
SC,29851,24,45,11,31
SC,29853,22,37,19,20
SC,29856,16,22,21,39
SC,29860,32,34,11,27
SC,29861,38,33,17,21
SC,29899,24,45,25,25
SC,29901,27,44,8,46
SC,29902,28,30,19,30
SC,29903,35,45,11,38
SC,29904,20,48,9,14
SC,29905,18,48,16,30
SC,29906,13,33,12,33
SC,29907,31,29,10,29
SC,29909,12,44,7,28
SC,29910,21,25,10,40
SC,29911,28,35,12,21
SC,29912,38,31,19,13
SC,29913,22,23,19,31
SC,29914,33,27,24,22
SC,29915,23,46,8,30
SC,29916,20,29,21,34
SC,29918,21,30,23,35
SC,29920,24,25,19,14
SC,29921,16,46,24,20
SC,29922,12,23,17,32
SC,29923,35,39,7,25
SC,29924,33,41,12,40
SC,29925,25,22,7,44
SC,29926,16,30,18,27
SC,29927,24,35,14,41
SC,29928,14,45,23,24
SC,29929,21,42,26,22
SC,29931,25,30,8,33
SC,29932,23,51,17,44
SC,29933,12,51,17,45
SC,29934,28,48,10,13
SC,29935,24,29,15,20
SC,29936,12,33,22,18
SC,29938,31,22,11,21
SC,29939,30,42,8,44
SC,29940,36,52,11,40
SC,29941,24,19,23,27
SC,29943,26,21,21,21
SC,29944,23,27,17,27
SC,29945,38,31,24,33
GA,30002,30,50,8,32
GA,30003,18,27,12,38
GA,30004,24,22,23,52
GA,30005,27,51,20,28
GA,30006,25,53,16,26
GA,30007,37,33,10,23
GA,30008,15,24,8,35
GA,30009,28,38,23,53
GA,30010,17,31,16,37
GA,30011,28,47,10,47
GA,30012,11,20,19,32
GA,30013,40,21,17,16
GA,30014,29,33,23,22
GA,30015,14,28,25,24
GA,30016,22,37,19,21
GA,30017,21,23,9,38
GA,30018,30,37,9,19
GA,30019,26,33,10,38
GA,30021,35,25,26,23
GA,30022,23,42,16,44
GA,30023,17,33,27,17
GA,30024,28,28,19,36
GA,30025,20,40,20,49
GA,30026,32,21,18,26
GA,30028,24,23,25,21
GA,30029,35,45,14,31
GA,30030,15,42,21,23
GA,30031,14,35,7,25
GA,30032,30,29,18,17
GA,30033,31,24,16,51
GA,30034,28,42,19,23
GA,30035,21,47,20,27
GA,30036,27,37,12,31
GA,30037,39,28,11,28
GA,30038,13,29,15,20
GA,30039,34,23,14,41
GA,30040,32,35,12,15
GA,30041,27,22,13,44
GA,30042,16,42,10,24
GA,30043,30,37,21,31
GA,30044,34,32,21,30
GA,30045,15,38,22,19
GA,30046,27,43,8,14
GA,30047,14,27,9,24
GA,30048,22,54,16,22
GA,30049,30,30,15,32
GA,30052,26,52,12,53
GA,30054,25,31,14,16
GA,30055,40,50,24,40
GA,30056,26,24,20,42
GA,30058,24,27,10,26
GA,30060,34,20,11,51
GA,30061,40,29,14,12
GA,30062,13,16,12,48
GA,30063,17,20,21,18
GA,30064,24,30,11,28
GA,30065,11,28,23,20
GA,30066,15,41,24,15
GA,30067,11,30,23,34
GA,30068,21,26,10,40
GA,30069,32,21,9,30
GA,30070,16,34,11,24
GA,30071,23,32,19,15
GA,30072,31,43,7,25
GA,30073,16,49,10,21
GA,30074,27,32,10,32
GA,30075,41,22,14,29
GA,30076,35,43,23,35
GA,30077,31,24,14,23
GA,30078,11,28,7,30
GA,30079,34,25,8,21
GA,30080,27,38,9,33
GA,30081,26,37,11,26
GA,30082,18,37,15,49
GA,30083,20,20,10,24
GA,30084,29,35,19,31
GA,30085,30,31,19,26
GA,30086,32,19,16,23
GA,30087,15,45,10,25
GA,30088,24,39,18,26
GA,30090,37,37,23,40
GA,30091,13,31,14,20
GA,30092,16,40,22,17
GA,30093,25,37,16,14
GA,30094,32,25,18,38
GA,30095,21,40,14,37
GA,30096,13,49,11,42
GA,30097,27,39,16,32
GA,30098,22,26,15,28
GA,30099,31,45,14,19
GA,30101,21,22,9,30
GA,30102,20,24,23,23
GA,30103,20,35,9,35
GA,30104,12,39,22,37
GA,30105,20,37,21,39
GA,30106,37,52,23,29
GA,30107,15,29,24,33
GA,30108,29,37,10,25
GA,30109,38,47,13,28
GA,30110,21,24,14,28
GA,30111,30,43,22,33
GA,30112,33,33,12,18
GA,30113,12,34,20,27
GA,30114,20,41,9,41
GA,30115,33,39,14,40
GA,30116,26,22,13,20
GA,30117,28,44,24,40
GA,30118,12,26,24,21
GA,30119,20,31,22,18
GA,30120,31,39,12,29
GA,30121,12,25,14,44
GA,30122,34,26,20,43
GA,30123,38,39,22,31
GA,30124,31,34,23,25
GA,30125,23,33,10,30
GA,30126,31,53,12,29
GA,30127,18,28,20,31
GA,30129,13,36,20,47
GA,30132,16,46,12,28
GA,30133,27,36,21,21
GA,30134,14,31,21,40
GA,30135,26,25,15,52
GA,30137,14,29,9,23
GA,30138,18,36,16,21
GA,30139,20,48,15,29
GA,30140,32,25,9,24
GA,30141,31,34,13,17
GA,30142,26,28,19,28
GA,30143,12,18,21,35
GA,30144,40,45,18,35
GA,30145,30,30,24,26
GA,30146,16,47,9,26
GA,30147,25,38,8,21
GA,30148,15,55,21,29
GA,30149,13,29,18,27
GA,30150,30,27,15,39
GA,30151,21,36,24,23
GA,30152,35,51,7,17
GA,30153,23,54,15,32
GA,30154,25,18,26,40
GA,30156,22,23,17,47
GA,30157,22,38,16,42
GA,30160,25,36,14,35
GA,30161,18,21,9,41
GA,30162,14,38,21,20
GA,30163,20,29,24,21
GA,30164,22,42,9,33
GA,30165,31,26,22,18
GA,30168,12,22,20,34
GA,30169,19,30,9,13
GA,30170,23,36,22,19
GA,30171,20,22,16,19
GA,30172,36,55,9,18
GA,30173,23,35,23,33
GA,30175,16,25,14,34
GA,30176,32,37,16,44
GA,30177,16,32,19,35
GA,30178,22,29,10,25
GA,30179,24,38,14,21
GA,30180,24,37,12,26
GA,30182,27,20,18,26
GA,30183,15,31,19,19
GA,30184,34,20,11,30
GA,30185,29,41,12,21
GA,30187,35,38,19,25
GA,30188,19,28,21,38
GA,30189,27,47,17,38
GA,30204,28,28,7,37
GA,30205,31,25,14,46
GA,30206,28,49,19,26
GA,30212,29,46,21,25
GA,30213,20,40,12,36
GA,30214,13,30,19,35
GA,30215,28,19,23,26
GA,30216,32,46,10,30
GA,30217,29,46,19,34
GA,30218,24,29,17,49
GA,30219,24,20,16,14
GA,30220,27,48,27,44
GA,30222,36,28,13,34
GA,30223,25,51,22,42
GA,30224,12,34,9,28
GA,30228,24,40,25,25
GA,30229,37,36,22,32
GA,30230,21,37,11,42
GA,30233,34,23,17,27
GA,30234,19,22,24,22
GA,30236,26,25,18,16
GA,30237,33,38,20,36
GA,30238,23,22,21,29
GA,30240,34,23,9,41
GA,30241,29,33,22,34
GA,30248,26,38,24,37
GA,30250,13,31,24,25
GA,30251,27,38,8,24
GA,30252,20,29,21,41
GA,30253,21,38,17,35
GA,30256,19,38,20,33
GA,30257,21,36,10,28
GA,30258,22,36,17,15
GA,30259,17,26,9,19
GA,30260,17,32,8,36
GA,30261,12,31,17,20
GA,30263,18,22,26,31
GA,30264,27,48,12,42
GA,30265,16,21,10,32
GA,30266,27,27,13,44
GA,30268,13,43,24,40
GA,30269,19,29,25,27
GA,30270,15,33,12,16
GA,30271,17,29,26,39
GA,30272,29,26,27,29
GA,30273,25,40,11,15
GA,30274,36,28,11,30
GA,30275,40,30,26,16
GA,30276,39,37,20,49
GA,30277,27,25,20,50
GA,30281,12,35,21,28
GA,30284,18,22,14,19
GA,30285,36,22,26,45
GA,30286,10,23,17,55
GA,30287,16,35,9,33
GA,30288,14,55,20,35
GA,30289,12,35,21,43
GA,30290,31,27,22,22
GA,30291,21,40,19,15
GA,30292,32,22,16,24
GA,30293,32,37,21,16
GA,30294,26,31,13,24
GA,30295,31,22,15,21
GA,30296,31,35,18,37
GA,30297,13,26,8,48
GA,30298,31,30,23,23
GA,30301,39,38,26,32
GA,30302,31,44,25,40
GA,30303,45,55,18,47
GA,30304,29,44,27,19
GA,30305,58,35,32,50
GA,30306,34,44,14,36
GA,30307,38,58,21,38
GA,30308,42,34,31,36
GA,30309,42,55,34,27
GA,30310,21,30,28,52
GA,30311,33,53,22,29
GA,30312,31,42,11,48
GA,30313,20,61,20,62
GA,30314,41,37,18,57
GA,30315,17,60,23,27
GA,30316,33,54,32,41
GA,30317,28,25,34,46
GA,30318,47,67,18,50
GA,30319,32,77,29,46
GA,30320,44,54,13,27
GA,30321,16,31,24,65
GA,30322,28,50,25,63
GA,30324,55,49,30,59
GA,30325,33,41,32,51
GA,30326,36,37,31,70
GA,30327,37,34,13,67
GA,30328,45,41,11,47
GA,30329,34,41,22,26
GA,30330,21,30,20,43
GA,30331,18,39,33,38
GA,30332,24,69,10,32
GA,30333,49,55,30,62
GA,30334,45,46,17,23
GA,30336,30,30,11,43
GA,30337,36,51,23,32
GA,30338,28,43,10,56
GA,30339,49,38,31,66
GA,30340,50,61,28,42
GA,30341,38,35,31,34
GA,30342,23,47,30,61
GA,30343,29,40,17,56
GA,30344,17,49,17,31
GA,30345,31,48,32,54
GA,30346,20,49,30,30
GA,30347,22,53,18,35
GA,30348,42,68,29,49
GA,30349,24,46,12,33
GA,30350,21,40,29,33
GA,30353,37,49,26,36
GA,30354,23,55,20,39
GA,30355,24,56,20,43
GA,30356,26,48,18,56
GA,30357,44,36,36,53
GA,30358,17,31,15,49
GA,30359,21,76,10,42
GA,30360,23,27,17,62
GA,30361,20,43,30,46
GA,30362,18,40,19,18
GA,30363,42,42,15,45
GA,30364,25,52,33,39
GA,30366,16,40,27,35
GA,30368,42,76,28,48
GA,30369,27,34,31,30
GA,30370,23,29,12,43
GA,30371,35,52,16,38
GA,30374,34,49,33,26
GA,30375,41,34,15,58
GA,30376,34,41,14,21
GA,30377,46,32,31,61
GA,30378,21,31,33,30
GA,30379,18,62,20,68
GA,30380,31,55,33,42
GA,30384,18,59,14,39
GA,30385,49,37,13,33
GA,30386,42,69,15,54
GA,30387,38,46,11,19
GA,30388,25,65,13,48
GA,30389,53,55,22,62
GA,30390,26,59,23,61
GA,30392,40,74,34,61
GA,30394,39,33,32,33
GA,30396,56,55,29,44
GA,30398,39,63,25,64
GA,30399,18,66,10,60
GA,30401,34,35,20,24
GA,30410,39,26,12,20
GA,30411,13,44,18,41
GA,30412,32,36,8,22
GA,30413,28,35,14,22
GA,30414,27,25,16,30
GA,30415,23,30,7,19
GA,30417,34,24,17,25
GA,30420,23,32,10,19
GA,30421,21,32,21,42
GA,30423,18,30,12,23
GA,30424,30,20,7,37
GA,30425,27,32,12,46
GA,30426,27,39,18,37
GA,30427,23,30,13,20
GA,30428,16,29,26,49
GA,30429,31,22,18,47
GA,30434,25,42,20,30
GA,30436,17,39,22,15
GA,30438,19,47,18,22
GA,30439,18,27,14,19
GA,30441,17,34,11,29
GA,30442,31,21,11,13
GA,30445,34,46,11,13
GA,30446,29,53,18,21
GA,30447,30,34,13,34
GA,30448,28,50,14,19
GA,30449,25,51,18,37
GA,30450,36,32,14,28
GA,30451,11,24,11,37
GA,30452,21,29,21,30
GA,30453,24,25,11,18
GA,30454,31,27,14,13
GA,30455,24,32,15,43
GA,30456,32,30,9,32
GA,30457,15,31,22,20
GA,30458,28,39,22,36
GA,30459,31,42,21,35
GA,30460,32,38,16,33
GA,30461,36,31,8,27
GA,30464,27,43,11,34
GA,30467,15,27,10,45
GA,30470,29,20,23,40
GA,30471,37,25,21,21
GA,30473,28,57,8,21
GA,30474,23,30,19,23
GA,30475,16,25,13,25
GA,30477,13,49,19,32
GA,30499,17,19,21,26
GA,30501,16,24,14,40
GA,30502,25,38,24,30
GA,30503,20,26,27,25
GA,30504,28,28,23,33
GA,30506,28,47,12,34
GA,30507,21,42,20,16
GA,30510,16,34,9,19
GA,30511,12,33,22,25
GA,30512,14,39,8,22
GA,30513,15,22,12,37
GA,30514,30,49,21,42
GA,30515,29,36,21,13
GA,30516,37,33,12,41
GA,30517,26,31,20,42
GA,30518,15,55,12,26
GA,30519,34,25,14,40
GA,30520,30,20,17,14
GA,30521,24,19,11,29
GA,30522,33,42,14,20
GA,30523,37,34,20,26
GA,30525,22,26,17,27
GA,30527,35,46,16,30
GA,30528,30,43,9,25
GA,30529,39,32,12,41
GA,30530,16,31,19,36
GA,30531,29,24,21,28
GA,30533,29,32,20,43
GA,30534,20,42,16,28
GA,30535,32,40,12,25
GA,30536,29,36,19,45
GA,30537,17,35,23,34
GA,30538,21,38,14,18
GA,30539,19,20,20,35
GA,30540,26,34,11,26
GA,30541,12,26,23,29
GA,30542,39,49,9,38
GA,30543,33,32,24,33
GA,30544,19,45,22,42
GA,30545,27,36,19,18
GA,30546,20,30,15,30
GA,30547,15,20,15,31
GA,30548,26,23,14,37
GA,30549,21,42,10,29
GA,30552,23,24,21,44
GA,30553,20,50,8,24
GA,30554,32,42,11,34
GA,30555,14,27,20,35
GA,30557,23,54,21,36
GA,30558,20,30,24,20
GA,30559,12,30,11,32
GA,30560,23,29,8,22
GA,30562,14,21,13,17
GA,30563,38,30,9,35
GA,30564,13,39,7,14
GA,30565,41,26,9,35
GA,30566,14,37,11,15
GA,30567,15,46,18,37
GA,30568,37,26,16,15
GA,30571,26,21,15,36
GA,30572,20,35,11,20
GA,30573,23,47,8,28
GA,30575,31,41,16,22
GA,30576,20,29,8,29
GA,30577,18,43,18,44
GA,30580,40,28,16,29
GA,30581,34,22,20,44
GA,30582,24,26,14,50
GA,30596,38,45,21,47
GA,30597,19,29,12,15
GA,30598,32,23,12,39
GA,30599,35,30,15,36
GA,30601,34,33,16,37
GA,30602,29,38,14,39
GA,30603,33,23,8,33
GA,30604,20,21,20,18
GA,30605,34,21,25,42
GA,30606,22,53,14,39
GA,30607,32,29,9,29
GA,30608,31,23,20,17
GA,30609,32,37,18,55
GA,30612,40,32,13,33
GA,30619,13,51,11,36
GA,30620,33,25,14,29
GA,30621,21,23,16,32
GA,30622,19,30,21,13
GA,30623,22,42,7,20
GA,30624,32,34,19,21
GA,30625,33,23,9,19
GA,30627,23,28,20,24
GA,30628,15,17,21,31
GA,30629,11,39,20,40
GA,30630,21,24,21,26
GA,30631,31,45,14,52
GA,30633,23,35,9,33
GA,30634,28,32,11,36
GA,30635,31,24,18,22
GA,30638,29,34,21,44
GA,30639,18,27,13,18
GA,30641,25,49,13,36
GA,30642,30,28,9,22
GA,30643,36,50,8,33
GA,30645,14,32,23,42
GA,30646,29,29,21,22
GA,30647,46,57,18,43
GA,30648,34,23,10,35
GA,30650,26,25,10,40
GA,30655,28,36,17,29
GA,30656,17,26,24,38
GA,30660,34,23,8,26
GA,30662,40,47,8,30
GA,30663,28,22,14,39
GA,30664,13,29,19,26
GA,30665,16,32,15,20
GA,30666,32,28,22,23
GA,30667,18,43,10,39
GA,30668,32,37,10,31
GA,30669,38,40,7,33
GA,30671,40,47,10,36
GA,30673,27,21,27,15
GA,30677,19,34,14,49
GA,30678,23,25,9,34
GA,30680,26,38,8,30
GA,30683,31,40,19,26
GA,30701,23,39,16,25
GA,30703,35,43,12,23
GA,30705,30,34,26,22
GA,30707,34,32,9,19
GA,30708,20,28,26,35
GA,30710,23,28,12,21
GA,30711,13,20,17,18
GA,30719,30,27,8,41
GA,30720,22,21,26,36
GA,30721,12,47,14,28
GA,30722,40,37,14,27
GA,30724,36,49,24,27
GA,30725,23,52,16,18
GA,30726,31,38,11,34
GA,30728,16,31,24,30
GA,30730,34,23,18,33
GA,30731,24,41,23,27
GA,30732,17,18,19,32
GA,30733,37,50,20,20
GA,30734,26,33,25,42
GA,30735,17,26,7,49
GA,30736,14,24,24,30
GA,30738,19,39,22,41
GA,30739,33,29,25,44
GA,30740,28,50,9,17
GA,30741,14,34,17,25
GA,30742,21,39,20,23
GA,30746,12,33,8,18
GA,30747,22,31,18,35
GA,30750,21,29,9,47
GA,30751,20,48,9,17
GA,30752,35,45,12,40
GA,30753,15,43,19,31
GA,30755,24,40,22,27
GA,30756,13,27,23,29
GA,30757,32,19,12,20
GA,30802,19,25,24,16
GA,30803,21,35,10,34
GA,30805,21,39,8,41
GA,30806,21,44,16,36
GA,30807,26,33,22,41
GA,30808,25,42,24,21
GA,30809,14,25,19,28
GA,30810,19,32,23,44
GA,30811,26,30,21,36
GA,30812,18,37,24,29
GA,30813,28,40,8,42
GA,30814,29,35,9,44
GA,30815,20,20,21,21
GA,30816,38,36,10,42
GA,30817,35,44,24,36
GA,30818,14,34,15,22
GA,30819,32,26,21,18
GA,30820,14,47,19,32
GA,30821,21,29,16,31
GA,30822,11,25,18,17
GA,30823,24,48,8,32
GA,30824,15,19,8,55
GA,30828,17,37,21,23
GA,30830,13,19,16,33
GA,30833,37,48,17,31
GA,30901,33,34,15,43
GA,30903,26,41,10,19
GA,30904,19,22,12,36
GA,30905,13,42,10,29
GA,30906,29,23,15,48
GA,30907,15,42,20,21
GA,30909,32,22,16,41
GA,30911,15,23,17,23
GA,30912,34,18,10,32
GA,30913,33,30,22,25
GA,30914,19,40,22,29
GA,30916,34,39,19,36
GA,30917,21,51,9,27
GA,30919,11,35,15,45
GA,30999,17,36,19,35
GA,31001,15,28,25,26
GA,31002,18,33,22,23
GA,31003,30,47,15,42
GA,31004,21,55,19,13
GA,31005,28,37,18,36
GA,31006,33,37,15,28
GA,31007,18,43,14,34
GA,31008,34,41,8,30
GA,31009,31,30,26,31
GA,31010,17,29,9,27
GA,31011,15,47,20,22
GA,31012,28,23,22,45
GA,31013,21,41,8,33
GA,31014,29,43,12,41
GA,31015,20,34,8,51
GA,31016,16,25,11,20
GA,31017,35,39,12,19
GA,31018,14,29,17,12
GA,31019,24,36,22,25
GA,31020,11,50,19,43
GA,31021,36,25,10,22
GA,31022,38,27,23,32
GA,31023,14,30,16,36
GA,31024,29,44,23,42
GA,31025,13,26,20,24
GA,31026,33,27,8,37
GA,31027,30,27,12,31
GA,31028,33,43,12,29
GA,31029,16,17,11,29
GA,31030,36,35,8,45
GA,31031,20,41,12,36
GA,31032,23,19,20,22
GA,31033,36,19,19,25
GA,31034,22,31,17,32
GA,31035,21,43,15,34
GA,31036,19,37,8,25
GA,31037,16,43,17,25
GA,31038,17,31,15,28
GA,31039,16,33,8,27
GA,31040,15,38,9,18
GA,31041,26,25,11,29
GA,31042,23,29,13,32
GA,31044,32,27,19,14
GA,31045,18,24,9,22
GA,31046,18,35,9,15
GA,31047,12,37,21,17
GA,31049,23,31,20,28
GA,31050,22,20,9,48
GA,31051,22,24,12,35
GA,31052,27,38,22,25
GA,31054,23,26,23,36
GA,31055,13,30,7,20
GA,31057,32,28,23,19
GA,31058,21,36,23,29
GA,31059,24,30,8,37
GA,31060,16,38,16,33
GA,31061,37,35,13,24
GA,31062,16,41,14,44
GA,31063,33,45,11,51
GA,31064,22,35,27,28
GA,31065,16,37,9,37
GA,31066,14,28,7,35
GA,31067,29,34,23,32
GA,31068,10,41,23,41
GA,31069,26,22,8,33
GA,31070,21,30,24,27
GA,31071,27,28,15,23
GA,31072,31,42,19,34
GA,31075,18,17,10,22
GA,31076,17,32,11,34
GA,31077,23,31,19,31
GA,31078,23,36,25,41
GA,31079,33,30,14,21
GA,31081,12,27,21,24
GA,31082,12,40,13,24
GA,31083,32,29,16,16
GA,31084,34,41,14,33
GA,31085,15,28,21,32
GA,31086,28,35,17,33
GA,31087,32,28,17,28
GA,31088,37,47,17,22
GA,31089,36,30,20,50
GA,31090,22,26,23,47
GA,31091,34,41,17,30
GA,31092,31,36,13,28
GA,31093,19,21,19,29
GA,31094,30,20,13,48
GA,31095,30,18,8,29
GA,31096,22,37,21,19
GA,31097,21,52,12,16
GA,31098,18,34,12,17
GA,31099,15,41,14,24
GA,31106,58,53,12,41
GA,31107,48,49,29,46
GA,31119,37,53,32,68
GA,31120,42,45,12,44
GA,31126,21,42,21,32
GA,31131,46,33,25,61
GA,31136,27,40,14,77
GA,31139,49,26,13,32
GA,31141,34,69,13,44
GA,31144,19,43,21,35
GA,31145,37,56,30,33
GA,31146,32,40,22,38
GA,31150,32,29,23,33
GA,31156,36,59,31,36
GA,31169,31,43,22,37
GA,31191,46,52,16,58
GA,31192,31,25,13,36
GA,31193,31,46,29,73
GA,31195,17,63,22,26
GA,31196,32,61,16,24
GA,31197,43,45,24,20
GA,31198,28,73,16,20
GA,31199,43,62,28,65
GA,31201,36,26,10,19
GA,31202,31,23,18,14
GA,31203,35,41,13,36
GA,31204,27,26,23,34
GA,31205,32,31,20,29
GA,31206,28,36,23,36
GA,31207,32,35,24,27
GA,31208,34,40,21,36
GA,31209,30,26,12,20
GA,31210,29,36,15,34
GA,31211,18,25,20,50
GA,31212,21,42,19,42
GA,31213,34,25,17,31
GA,31216,25,23,9,21
GA,31217,24,36,10,27
GA,31220,19,24,15,19
GA,31221,29,21,19,40
GA,31294,33,42,19,13
GA,31295,32,35,9,24
GA,31296,23,36,19,20
GA,31297,32,40,23,15
GA,31301,13,16,12,26
GA,31302,38,32,15,39
GA,31303,30,33,15,35
GA,31304,25,35,17,20
GA,31305,33,34,8,29
GA,31307,31,39,17,23
GA,31308,13,37,18,31
GA,31309,22,42,12,40
GA,31310,14,33,15,22
GA,31312,22,42,11,22
GA,31313,27,25,18,25
GA,31314,23,43,20,23
GA,31315,23,40,8,47
GA,31316,20,31,10,35
GA,31318,28,39,21,21
GA,31319,20,31,16,30
GA,31320,32,29,15,21
GA,31321,21,52,17,24
GA,31322,35,45,11,42
GA,31323,31,31,27,42
GA,31324,16,24,20,26
GA,31326,16,33,8,19
GA,31327,23,32,24,20
GA,31328,11,44,10,43
GA,31329,33,39,19,19
GA,31331,15,45,21,42
GA,31333,17,45,24,32
GA,31401,27,26,26,32
GA,31402,31,44,12,21
GA,31403,25,32,14,32
GA,31404,29,36,24,35
GA,31405,23,36,8,36
GA,31406,13,33,11,30
GA,31407,19,37,15,24
GA,31408,31,26,10,17
GA,31409,26,34,17,35
GA,31410,11,50,15,31
GA,31411,18,27,15,31
GA,31412,17,27,16,29
GA,31414,23,19,13,36
GA,31415,12,46,8,18
GA,31416,29,53,20,33
GA,31418,24,22,18,46
GA,31419,26,27,8,30
GA,31420,29,49,11,39
GA,31421,28,48,12,26
GA,31501,37,38,16,29
GA,31502,23,36,18,15
GA,31503,38,26,10,40
GA,31510,14,35,10,35
GA,31512,12,37,24,33
GA,31513,18,35,12,34
GA,31515,13,55,17,47
GA,31516,26,32,9,47
GA,31518,18,28,25,16
GA,31519,21,45,15,44
GA,31520,28,36,12,49
GA,31521,32,46,15,29
GA,31522,27,33,10,20
GA,31523,40,29,22,37
GA,31524,22,34,8,26
GA,31525,26,46,7,28
GA,31527,37,25,13,40
GA,31532,20,32,26,42
GA,31533,14,54,24,26
GA,31534,14,50,20,51
GA,31535,26,25,12,14
GA,31537,13,35,9,43
GA,31539,15,31,20,28
GA,31542,23,40,17,28
GA,31543,29,55,13,21
GA,31544,15,28,26,27
GA,31545,17,32,8,20
GA,31546,22,20,19,30
GA,31547,32,30,12,17
GA,31548,35,20,11,48
GA,31549,33,18,12,22
GA,31550,22,34,23,20
GA,31551,26,33,21,28
GA,31552,16,38,27,26
GA,31553,32,37,14,24
GA,31554,32,17,22,33
GA,31555,22,36,18,30
GA,31556,33,40,11,33
GA,31557,27,33,23,34
GA,31558,23,33,21,28
GA,31560,28,24,10,17
GA,31561,11,28,14,18
GA,31562,22,40,24,37
GA,31563,27,46,24,33
GA,31564,27,49,20,27
GA,31565,33,54,20,20
GA,31566,32,33,20,38
GA,31567,14,54,20,36
GA,31568,21,43,22,24
GA,31569,18,28,7,29
GA,31598,35,29,17,32
GA,31599,21,51,9,22
GA,31601,31,30,13,42
GA,31602,29,21,18,26
GA,31603,23,32,23,39
GA,31604,21,32,23,45
GA,31605,25,28,17,30
GA,31606,25,27,11,30
GA,31620,40,64,17,56
GA,31622,25,21,17,31
GA,31623,33,38,24,26
GA,31624,13,46,11,29
GA,31625,16,25,24,30
GA,31626,14,37,21,16
GA,31627,25,22,24,12
GA,31629,33,30,18,15
GA,31630,31,23,18,27
GA,31631,26,20,10,20
GA,31632,24,21,11,24
GA,31634,18,24,13,46
GA,31635,15,30,19,30
GA,31636,36,44,24,20
GA,31637,29,51,8,18
GA,31638,29,37,15,30
GA,31639,28,41,21,22
GA,31641,20,29,23,18
GA,31642,19,18,25,23
GA,31643,32,36,9,27
GA,31645,25,44,21,24
GA,31647,27,26,7,45
GA,31648,16,26,15,48
GA,31649,24,36,17,14
GA,31650,34,38,11,34
GA,31698,33,40,14,34
GA,31699,17,26,24,47
GA,31701,13,30,8,12
GA,31702,25,33,16,30
GA,31703,14,23,8,16
GA,31704,23,30,10,36
GA,31705,31,49,18,23
GA,31706,17,39,18,25
GA,31707,22,26,25,48
GA,31708,18,38,19,33
GA,31709,33,26,18,30
GA,31711,21,32,8,45
GA,31712,25,17,24,21
GA,31714,15,40,7,14
GA,31716,13,16,13,12
GA,31719,31,38,23,34
GA,31720,25,24,11,40
GA,31721,17,26,24,28
GA,31722,28,28,23,23
GA,31727,34,35,25,27
GA,31730,24,30,22,48
GA,31733,19,16,21,31
GA,31735,38,21,8,29
GA,31738,20,51,17,20
GA,31739,15,27,8,31
GA,31743,26,28,17,47
GA,31744,29,51,18,41
GA,31747,17,41,13,21
GA,31749,23,30,20,21
GA,31750,11,37,16,47
GA,31753,25,32,12,39
GA,31756,35,31,18,22
GA,31757,23,27,7,14
GA,31758,27,24,25,23
GA,31760,30,25,13,29
GA,31763,17,47,7,38
GA,31764,22,52,24,26
GA,31765,12,44,22,32
GA,31768,30,20,17,37
GA,31769,28,40,18,21
GA,31771,11,40,9,28
GA,31772,28,30,18,18
GA,31773,28,43,12,17
GA,31774,15,24,25,15
GA,31775,18,35,14,44
GA,31776,32,47,22,34
GA,31778,26,40,11,42
GA,31779,23,45,23,23
GA,31780,21,40,14,23
GA,31781,27,52,17,21
GA,31782,31,41,9,18
GA,31783,11,20,25,28
GA,31784,30,29,9,33
GA,31787,27,42,15,24
GA,31788,31,45,21,16
GA,31789,14,26,8,20
GA,31790,29,33,15,50
GA,31791,31,29,22,31
GA,31792,33,20,13,37
GA,31793,20,17,13,35
GA,31794,14,34,16,28
GA,31795,20,18,9,31
GA,31796,26,42,7,26
GA,31798,27,32,12,29
GA,31799,34,47,15,29
GA,31801,32,43,13,25
GA,31803,38,32,7,21
GA,31804,29,39,16,16
GA,31805,31,29,9,34
GA,31806,31,36,25,20
GA,31807,18,37,22,32
GA,31808,22,19,25,46
GA,31810,15,43,14,37
GA,31811,17,44,11,36
GA,31812,27,20,11,17
GA,31814,12,30,12,18
GA,31815,19,33,26,35
GA,31816,16,37,10,24
GA,31820,18,39,20,23
GA,31821,24,19,8,37
GA,31822,30,49,19,37
GA,31823,20,28,17,31
GA,31824,16,43,9,34
GA,31825,17,29,24,18
GA,31826,38,48,20,22
GA,31827,29,40,23,47
GA,31829,22,37,17,16
GA,31830,15,24,17,23
GA,31831,15,46,23,25
GA,31832,28,40,22,24
GA,31833,32,32,15,30
GA,31836,17,22,14,41
GA,31901,24,29,20,19
GA,31902,27,45,20,42
GA,31903,13,53,15,37
GA,31904,16,40,18,21
GA,31905,21,24,18,15
GA,31906,36,50,22,44
GA,31907,19,30,19,39
GA,31908,15,41,10,44
GA,31909,25,41,13,40
GA,31914,26,23,23,20
GA,31917,14,23,9,28
GA,31993,31,17,9,21
GA,31995,31,34,21,13
GA,31997,20,47,25,36
GA,31998,19,24,7,35
GA,31999,12,45,9,25
FL,32003,21,33,13,25
FL,32004,30,36,23,22
FL,32006,40,41,18,25
FL,32007,14,34,7,23
FL,32008,19,61,14,23
FL,32009,20,35,18,34
FL,32011,34,40,15,47
FL,32013,21,31,25,22
FL,32024,19,34,11,23
FL,32025,32,43,16,28
FL,32026,38,31,23,17
FL,32030,30,39,22,19
FL,32033,37,41,24,45
FL,32034,38,50,12,22
FL,32035,25,32,13,31
FL,32038,32,46,24,22
FL,32040,16,27,8,37
FL,32041,40,24,24,25
FL,32042,21,35,8,28
FL,32043,21,45,9,36
FL,32044,16,40,21,26
FL,32046,17,44,11,16
FL,32050,26,34,12,44
FL,32052,19,39,26,40
FL,32053,16,29,11,34
FL,32054,32,60,15,43
FL,32055,18,28,19,16
FL,32056,26,23,26,37
FL,32058,23,53,17,45
FL,32059,28,49,24,44
FL,32060,36,32,17,39
FL,32061,15,41,12,42
FL,32062,22,63,23,15
FL,32063,28,55,9,28
FL,32064,20,37,15,34
FL,32065,31,32,12,20
FL,32066,47,44,19,30
FL,32067,26,37,19,23
FL,32068,24,62,15,25
FL,32071,31,40,18,27
FL,32072,32,42,23,46
FL,32073,21,43,25,32
FL,32079,30,30,11,41
FL,32080,48,20,9,20
FL,32081,19,51,15,24
FL,32082,45,36,9,23
FL,32083,25,22,11,31
FL,32084,34,33,8,38
FL,32085,46,24,12,49
FL,32086,15,50,19,22
FL,32087,22,27,21,38
FL,32091,24,28,21,26
FL,32092,19,38,12,43
FL,32094,28,32,24,24
FL,32095,36,27,18,28
FL,32096,25,42,22,14
FL,32097,38,26,23,45
FL,32099,34,46,17,34
FL,32102,40,47,8,16
FL,32105,23,37,16,19
FL,32110,29,24,25,18
FL,32111,26,46,23,48
FL,32112,46,33,19,19
FL,32113,32,51,7,31
FL,32114,28,30,18,29
FL,32115,46,47,20,32
FL,32116,24,41,18,32
FL,32117,32,56,19,40
FL,32118,24,54,10,42
FL,32119,26,44,26,29
FL,32120,42,51,10,27
FL,32121,36,30,19,25
FL,32122,25,34,25,25
FL,32123,32,19,21,27
FL,32124,30,37,11,28
FL,32125,28,27,19,27
FL,32126,40,34,10,20
FL,32127,27,35,18,33
FL,32128,16,58,13,52
FL,32129,45,40,13,23
FL,32130,21,33,19,33
FL,32131,46,67,17,27
FL,32132,25,30,10,33
FL,32133,34,39,17,45
FL,32134,25,22,15,26
FL,32135,33,48,15,45
FL,32136,41,31,10,33
FL,32137,46,45,23,13
FL,32138,34,43,11,20
FL,32139,24,33,12,13
FL,32140,17,56,22,19
FL,32141,25,35,24,30
FL,32142,23,55,23,31
FL,32143,18,58,14,46
FL,32145,48,26,8,38
FL,32147,42,48,19,16
FL,32148,16,42,8,16
FL,32149,23,35,10,32
FL,32157,16,24,13,13
FL,32158,39,28,20,31
FL,32159,23,43,11,13
FL,32160,39,28,18,34
FL,32162,16,64,12,29
FL,32163,29,33,13,27
FL,32164,17,44,9,22
FL,32168,39,32,19,44
FL,32169,47,62,8,26
FL,32170,42,24,16,16
FL,32173,32,51,11,33
FL,32174,39,34,14,29
FL,32175,33,47,12,43
FL,32176,24,23,15,25
FL,32177,37,62,21,34
FL,32178,26,33,9,42
FL,32179,45,23,17,30
FL,32180,21,24,20,23
FL,32181,15,38,20,42
FL,32182,20,36,11,20
FL,32183,42,33,17,21
FL,32185,30,51,9,31
FL,32187,30,24,10,30
FL,32189,22,44,15,31
FL,32190,15,52,11,32
FL,32192,21,33,18,23
FL,32193,40,37,26,18
FL,32195,41,28,20,45
FL,32198,28,22,18,35
FL,32201,13,39,18,16
FL,32202,42,38,11,26
FL,32203,48,47,22,19
FL,32204,34,55,14,33
FL,32205,23,50,9,22
FL,32206,21,24,20,35
FL,32207,23,32,17,28
FL,32208,24,52,15,39
FL,32209,26,34,22,36
FL,32210,43,51,10,18
FL,32211,35,55,11,45
FL,32212,32,42,13,49
FL,32214,39,66,24,38
FL,32215,14,35,14,25
FL,32216,26,27,15,27
FL,32217,27,44,8,35
FL,32218,50,42,17,49
FL,32219,42,42,21,32
FL,32220,25,48,8,45
FL,32221,38,40,13,36
FL,32222,34,55,11,23
FL,32223,32,29,11,20
FL,32224,23,22,18,19
FL,32225,24,47,17,23
FL,32226,33,47,21,25
FL,32227,35,40,15,49
FL,32228,37,33,15,21
FL,32229,24,30,24,27
FL,32230,42,31,13,35
FL,32231,44,50,20,17
FL,32232,27,37,9,28
FL,32233,30,22,16,24
FL,32234,47,33,24,23
FL,32235,33,46,10,32
FL,32236,19,32,8,22
FL,32237,26,24,18,28
FL,32238,25,27,20,18
FL,32239,33,41,19,43
FL,32240,37,51,24,43
FL,32241,32,26,26,31
FL,32244,29,69,13,36
FL,32245,17,38,8,21
FL,32246,18,51,13,43
FL,32247,32,24,13,22
FL,32250,44,53,19,14
FL,32254,16,46,20,42
FL,32255,46,32,21,15
FL,32256,18,24,18,21
FL,32257,26,56,11,21
FL,32258,44,42,13,27
FL,32259,24,24,12,39
FL,32260,29,47,8,21
FL,32266,46,43,8,23
FL,32267,14,37,21,36
FL,32277,37,30,14,18
FL,32290,24,28,10,17
FL,32301,21,39,12,27
FL,32302,35,35,12,34
FL,32303,37,57,17,28
FL,32304,35,40,11,27
FL,32305,25,33,21,29
FL,32306,38,44,16,23
FL,32307,28,46,18,51
FL,32308,20,42,16,34
FL,32309,19,23,18,29
FL,32310,41,50,9,44
FL,32311,36,38,20,14
FL,32312,45,58,12,23
FL,32313,17,35,22,34
FL,32314,14,40,9,22
FL,32315,17,43,19,27
FL,32316,25,52,10,20
FL,32317,32,30,9,31
FL,32318,34,53,13,50
FL,32320,21,36,13,40
FL,32321,36,53,24,49
FL,32322,34,36,17,26
FL,32323,37,38,23,33
FL,32324,23,57,11,26
FL,32326,28,43,22,42
FL,32327,25,25,23,13
FL,32328,45,27,10,28
FL,32329,48,30,12,47
FL,32330,20,45,11,20
FL,32331,36,47,11,31
FL,32332,44,22,19,22
FL,32333,20,30,13,18
FL,32334,20,35,21,38
FL,32335,15,22,8,18
FL,32336,19,54,20,31
FL,32337,23,30,24,28
FL,32340,22,51,11,18
FL,32341,22,40,12,36
FL,32343,37,34,13,40
FL,32344,33,21,17,18
FL,32345,31,35,17,35
FL,32346,22,28,17,17
FL,32347,44,47,25,36
FL,32348,14,54,15,32
FL,32350,39,44,11,37
FL,32351,30,29,18,39
FL,32352,47,46,12,19
FL,32353,47,53,18,15
FL,32355,45,30,17,32
FL,32356,27,38,13,28
FL,32357,34,46,26,17
FL,32358,33,42,12,22
FL,32359,35,52,12,33
FL,32360,16,32,8,34
FL,32361,21,56,23,44
FL,32362,41,49,8,27
FL,32395,18,27,19,21
FL,32399,17,56,9,49
FL,32401,35,50,15,20
FL,32402,30,34,15,39
FL,32403,28,49,21,20
FL,32404,30,39,22,34
FL,32405,40,40,10,37
FL,32406,28,45,14,20
FL,32407,47,39,8,43
FL,32408,22,27,10,40
FL,32409,38,45,11,12
FL,32410,27,69,10,30
FL,32411,19,24,24,14
FL,32412,27,29,25,23
FL,32413,25,48,19,25
FL,32417,14,36,16,38
FL,32420,19,52,22,42
FL,32421,17,37,26,36
FL,32422,26,63,9,34
FL,32423,33,46,14,21
FL,32424,39,52,25,27
FL,32425,26,64,8,30
FL,32426,18,23,25,39
FL,32427,21,35,24,20
FL,32428,47,34,7,28
FL,32430,29,41,21,31
FL,32431,15,48,17,21
FL,32432,16,44,12,23
FL,32433,33,53,18,38
FL,32434,27,30,14,27
FL,32435,25,52,23,38
FL,32437,32,35,13,27
FL,32438,28,44,9,39
FL,32439,36,62,10,43
FL,32440,36,40,27,37
FL,32442,17,28,13,17
FL,32443,38,57,13,31
FL,32444,21,38,24,36
FL,32445,20,33,20,21
FL,32446,38,44,21,37
FL,32447,17,42,17,22
FL,32448,31,52,25,22
FL,32449,18,21,13,18
FL,32452,35,23,18,29
FL,32454,37,29,22,49
FL,32455,45,25,10,19
FL,32456,33,42,19,33
FL,32457,25,44,21,24
FL,32459,17,28,17,36
FL,32460,20,40,21,33
FL,32461,24,50,13,31
FL,32462,29,44,19,33
FL,32463,35,57,11,43
FL,32464,35,60,19,46
FL,32465,37,54,15,33
FL,32466,15,39,8,37
FL,32501,36,24,8,14
FL,32502,46,46,10,27
FL,32503,49,29,18,40
FL,32504,36,49,15,34
FL,32505,41,26,8,17
FL,32506,26,39,19,39
FL,32507,30,29,20,26
FL,32508,19,52,24,28
FL,32509,33,24,14,37
FL,32511,37,45,12,33
FL,32512,30,25,20,46
FL,32513,28,43,24,23
FL,32514,21,32,9,33
FL,32516,20,53,15,27
FL,32520,39,56,11,38
FL,32521,34,35,25,26
FL,32522,23,25,12,37
FL,32523,21,54,18,35
FL,32524,43,38,17,35
FL,32526,30,29,23,21
FL,32530,28,34,19,39
FL,32531,33,30,13,20
FL,32533,17,35,18,16
FL,32534,19,32,11,51
FL,32535,35,33,16,33
FL,32536,27,53,15,38
FL,32537,22,49,20,39
FL,32538,19,45,22,40
FL,32539,21,52,9,27
FL,32540,25,46,18,20
FL,32541,33,54,23,49
FL,32542,20,62,10,30
FL,32544,24,50,14,33
FL,32547,37,37,14,44
FL,32548,40,27,24,44
FL,32549,44,39,14,26
FL,32550,18,47,18,20
FL,32559,41,31,14,18
FL,32560,15,59,12,19
FL,32561,19,57,8,33
FL,32562,18,45,15,37
FL,32563,45,37,23,17
FL,32564,25,48,23,44
FL,32565,37,46,21,34
FL,32566,28,50,19,39
FL,32567,13,50,17,35
FL,32568,40,57,25,36
FL,32569,19,22,22,24
FL,32570,37,40,19,23
FL,32571,25,47,9,24
FL,32572,25,33,25,39
FL,32577,21,38,20,31
FL,32578,27,61,12,45
FL,32579,22,41,14,32
FL,32580,41,36,11,40
FL,32583,25,56,9,18
FL,32588,34,37,18,30
FL,32590,25,42,13,21
FL,32591,48,58,12,38
FL,32592,39,53,8,46
FL,32601,33,47,9,15
FL,32602,46,52,25,34
FL,32603,16,38,17,34
FL,32604,23,51,22,40
FL,32605,39,34,8,22
FL,32606,26,60,7,21
FL,32607,42,21,16,30
FL,32608,44,61,18,22
FL,32609,36,45,27,22
FL,32610,26,58,15,48
FL,32611,24,49,11,19
FL,32612,16,24,22,36
FL,32613,40,22,9,20
FL,32614,35,56,22,18
FL,32615,32,46,21,25
FL,32616,21,55,9,32
FL,32617,33,46,13,12
FL,32618,42,46,15,20
FL,32619,20,41,18,44
FL,32621,26,35,16,17
FL,32622,29,44,15,42
FL,32625,22,39,23,26
FL,32626,30,37,18,24
FL,32627,31,65,8,36
FL,32628,18,59,25,35
FL,32631,28,42,11,20
FL,32633,19,68,23,23
FL,32634,45,42,14,20
FL,32635,24,35,23,25
FL,32639,26,59,19,46
FL,32640,18,28,13,15
FL,32641,20,62,14,22
FL,32643,41,37,27,36
FL,32644,36,48,19,32
FL,32648,24,36,17,51
FL,32653,17,34,14,28
FL,32654,38,22,19,45
FL,32655,34,29,21,24
FL,32656,31,40,18,30
FL,32658,39,37,19,33
FL,32662,21,39,8,16
FL,32663,28,64,25,28
FL,32664,38,47,19,13
FL,32666,26,34,9,31
FL,32667,37,42,11,27
FL,32668,29,56,11,24
FL,32669,14,21,18,36
FL,32680,28,35,25,24
FL,32681,37,32,12,38
FL,32683,15,35,19,45
FL,32686,28,60,16,23
FL,32692,19,41,15,17
FL,32693,41,38,14,21
FL,32694,14,42,12,21
FL,32696,38,28,8,40
FL,32697,19,64,13,23
FL,32701,22,57,18,15
FL,32702,24,22,22,26
FL,32703,20,30,18,44
FL,32704,33,27,8,40
FL,32706,35,24,17,19
FL,32707,42,25,17,21
FL,32708,14,38,17,18
FL,32709,41,51,14,45
FL,32710,30,37,13,13
FL,32712,24,46,20,27
FL,32713,37,36,25,41
FL,32714,38,34,18,29
FL,32715,15,37,15,35
FL,32716,35,27,22,28
FL,32718,45,39,14,17
FL,32719,42,48,25,42
FL,32720,34,36,19,37
FL,32721,34,61,14,34
FL,32722,34,53,14,32
FL,32723,31,32,13,39
FL,32724,38,53,23,25
FL,32725,38,49,8,35
FL,32726,28,41,19,43
FL,32727,25,21,18,30
FL,32728,28,62,9,50
FL,32730,17,52,8,30
FL,32732,22,37,23,31
FL,32733,22,43,9,19
FL,32735,19,52,15,21
FL,32736,48,58,16,27
FL,32738,19,38,10,37
FL,32739,39,37,14,31
FL,32744,26,32,21,27
FL,32745,44,26,8,18
FL,32746,37,40,22,34
FL,32747,13,54,22,48
FL,32750,16,49,23,32
FL,32751,25,42,8,38
FL,32752,17,61,9,31
FL,32753,16,47,17,38
FL,32754,45,61,24,32
FL,32756,30,41,7,30
FL,32757,28,34,23,32
FL,32759,40,25,25,22
FL,32762,38,36,18,32
FL,32763,37,37,15,23
FL,32764,18,26,15,19
FL,32765,42,50,17,17
FL,32766,30,57,25,33
FL,32767,28,29,22,47
FL,32768,21,48,12,19
FL,32771,20,55,10,33
FL,32772,18,42,10,19
FL,32773,14,51,12,28
FL,32774,29,30,23,34
FL,32775,42,39,23,44
FL,32776,32,20,10,17
FL,32777,21,37,21,14
FL,32778,42,35,24,15
FL,32779,20,44,11,15
FL,32780,22,52,15,20
FL,32781,27,33,20,24
FL,32782,24,37,8,26
FL,32783,45,44,13,19
FL,32784,23,26,10,43
FL,32789,41,55,9,25
FL,32790,16,40,25,35
FL,32791,17,38,16,24
FL,32792,35,31,12,36
FL,32793,30,62,16,26
FL,32794,16,44,17,26
FL,32795,20,59,10,23
FL,32796,46,32,10,19
FL,32798,30,26,14,45
FL,32799,31,33,12,38
FL,32801,36,46,24,22
FL,32802,23,49,12,27
FL,32803,20,37,25,18
FL,32804,14,24,21,37
FL,32805,18,58,18,47
FL,32806,25,64,12,26
FL,32807,33,45,8,20
FL,32808,35,63,14,18
FL,32809,32,24,15,33
FL,32810,21,29,10,42
FL,32811,26,41,15,37
FL,32812,39,51,20,39
FL,32814,28,54,25,32
FL,32815,39,30,23,17
FL,32816,40,27,17,15
FL,32817,44,45,15,19
FL,32818,46,35,11,18
FL,32819,30,28,9,25
FL,32820,29,43,11,34
FL,32821,38,31,20,37
FL,32822,23,53,17,24
FL,32824,32,19,15,19
FL,32825,34,29,16,22
FL,32826,34,50,20,44
FL,32827,27,28,11,25
FL,32828,14,38,20,53
FL,32829,32,48,23,35
FL,32830,43,32,10,18
FL,32831,21,36,15,40
FL,32832,30,35,12,29
FL,32833,43,31,10,17
FL,32834,20,41,18,46
FL,32835,28,32,15,40
FL,32836,20,43,16,22
FL,32837,24,39,13,20
FL,32839,45,37,11,51
FL,32853,40,36,12,43
FL,32854,16,41,21,34
FL,32855,23,49,16,53
FL,32856,29,24,25,18
FL,32857,29,28,21,35
FL,32858,19,48,8,16
FL,32859,41,39,22,19
FL,32860,25,43,16,22
FL,32861,17,27,18,34
FL,32862,25,44,15,37
FL,32867,48,35,23,22
FL,32868,19,52,18,25
FL,32869,14,38,21,22
FL,32872,17,28,11,38
FL,32877,21,41,12,23
FL,32878,27,44,18,15
FL,32885,35,29,16,30
FL,32886,19,68,20,54
FL,32887,31,42,24,19
FL,32890,38,64,23,27
FL,32891,37,38,11,24
FL,32893,28,58,8,18
FL,32896,31,36,25,26
FL,32897,21,28,14,33
FL,32898,21,46,10,32
FL,32899,28,25,21,29
FL,32901,31,37,21,15
FL,32902,25,38,15,21
FL,32903,20,60,23,32
FL,32904,34,31,16,15
FL,32905,19,56,12,16
FL,32906,32,21,13,18
FL,32907,37,23,8,21
FL,32908,22,53,12,28
FL,32909,20,31,7,22
FL,32910,33,26,23,34
FL,32911,25,47,9,52
FL,32912,32,34,13,32
FL,32919,41,40,14,54
FL,32920,16,23,24,28
FL,32922,25,25,16,14
FL,32923,40,25,18,25
FL,32924,16,44,16,30
FL,32925,38,51,7,23
FL,32926,18,31,13,29
FL,32927,16,53,9,43
FL,32931,18,22,22,29
FL,32932,24,55,13,41
FL,32934,35,21,18,45
FL,32935,25,47,15,30
FL,32936,25,42,16,37
FL,32937,24,65,8,24
FL,32940,27,36,12,36
FL,32941,29,19,24,28
FL,32948,16,42,23,20
FL,32949,40,41,18,20
FL,32950,28,36,14,37
FL,32951,38,24,13,14
FL,32952,24,51,14,37
FL,32953,42,38,11,51
FL,32954,24,25,7,28
FL,32955,31,28,24,37
FL,32956,22,29,15,40
FL,32957,16,27,16,36
FL,32958,31,28,21,41
FL,32959,36,29,9,28
FL,32960,13,43,21,16
FL,32961,18,42,25,29
FL,32962,15,56,17,45
FL,32963,23,65,23,23
FL,32964,19,35,14,41
FL,32965,30,53,16,24
FL,32966,20,25,17,24
FL,32967,36,50,24,42
FL,32968,33,50,13,14
FL,32969,29,55,8,29
FL,32970,28,48,21,36
FL,32971,44,29,12,29
FL,32976,29,40,21,41
FL,32978,40,36,23,38
FL,33001,37,66,13,23
FL,33002,37,31,7,38
FL,33004,32,25,8,30
FL,33008,13,34,7,13
FL,33009,18,59,25,24
FL,33010,36,38,16,40
FL,33011,44,22,19,34
FL,33012,22,35,18,36
FL,33013,31,50,15,33
FL,33014,29,45,17,25
FL,33015,28,36,20,31
FL,33016,19,58,20,17
FL,33017,39,31,11,27
FL,33018,20,39,9,24
FL,33019,20,50,12,27
FL,33020,28,56,7,30
FL,33021,16,39,16,36
FL,33022,22,22,19,34
FL,33023,20,39,13,46
FL,33024,24,38,20,23
FL,33025,13,44,12,21
FL,33026,38,27,12,27
FL,33027,17,38,15,26
FL,33028,34,45,10,51
FL,33029,37,32,23,39
FL,33030,17,24,12,40
FL,33031,15,41,12,29
FL,33032,29,31,9,35
FL,33033,43,48,13,29
FL,33034,31,34,21,20
FL,33035,28,51,24,35
FL,33036,32,44,23,20
FL,33037,25,56,22,27
FL,33039,35,44,23,38
FL,33040,33,38,18,18
FL,33041,22,45,18,33
FL,33042,38,45,11,19
FL,33043,40,26,20,22
FL,33045,20,46,19,14
FL,33050,45,37,12,21
FL,33051,29,19,13,30
FL,33052,39,21,11,21
FL,33054,38,34,12,25
FL,33055,18,38,13,18
FL,33056,62,61,26,49
FL,33060,31,42,26,53
FL,33061,18,47,15,32
FL,33062,23,43,27,20
FL,33063,18,48,15,38
FL,33064,36,40,8,22
FL,33065,39,52,26,23
FL,33066,17,34,14,28
FL,33067,23,38,8,21
FL,33068,42,29,15,15
FL,33069,16,29,18,33
FL,33070,25,39,10,29
FL,33071,44,35,15,25
FL,33072,14,49,14,35
FL,33073,19,54,11,39
FL,33074,36,37,8,33
FL,33075,22,33,20,27
FL,33076,18,52,21,13
FL,33077,20,28,21,42
FL,33081,44,48,8,38
FL,33082,42,52,25,24
FL,33083,25,30,22,49
FL,33084,31,47,25,34
FL,33090,42,44,21,29
FL,33092,25,33,9,23
FL,33093,19,52,13,19
FL,33097,17,64,8,20
FL,33101,32,62,28,35
FL,33102,33,64,29,62
FL,33106,45,85,23,37
FL,33107,35,80,16,26
FL,33109,38,46,21,24
FL,33110,47,33,22,23
FL,33111,25,40,30,54
FL,33112,48,63,29,63
FL,33114,28,31,15,30
FL,33116,62,40,27,46
FL,33119,34,49,10,45
FL,33121,58,51,32,38
FL,33122,41,77,23,73
FL,33124,29,74,15,30
FL,33125,58,44,31,50
FL,33126,63,55,15,56
FL,33127,25,40,30,26
FL,33128,26,89,29,49
FL,33129,62,32,35,64
FL,33130,23,67,10,50
FL,33131,39,74,10,33
FL,33132,24,38,27,27
FL,33133,31,44,29,31
FL,33134,42,55,22,56
FL,33135,40,60,22,63
FL,33136,47,61,12,38
FL,33137,21,52,28,25
FL,33138,39,42,21,53
FL,33139,40,43,31,36
FL,33140,43,53,32,55
FL,33141,52,68,25,40
FL,33142,46,69,19,41
FL,33143,56,65,13,51
FL,33144,52,84,20,39
FL,33145,37,60,37,52
FL,33146,53,63,12,47
FL,33147,24,66,31,21
FL,33148,37,75,23,25
FL,33149,38,38,22,37
FL,33150,50,63,12,22
FL,33151,21,41,12,31
FL,33152,38,55,29,46
FL,33153,49,36,25,44
FL,33154,27,55,30,42
FL,33155,59,39,17,19
FL,33156,23,66,26,40
FL,33157,33,61,23,38
FL,33158,53,87,32,38
FL,33159,23,83,17,62
FL,33160,38,79,11,60
FL,33161,42,85,18,32
FL,33162,51,73,19,45
FL,33163,59,87,20,28
FL,33164,48,55,33,55
FL,33165,47,34,28,27
FL,33166,45,45,32,66
FL,33167,57,55,14,16
FL,33168,57,37,21,26
FL,33169,46,65,12,46
FL,33170,30,44,34,55
FL,33172,51,58,10,31
FL,33173,54,47,31,26
FL,33174,41,67,31,30
FL,33175,41,49,33,52
FL,33176,27,85,21,69
FL,33177,36,57,21,25
FL,33178,22,58,24,58
FL,33179,45,60,25,38
FL,33180,39,40,27,20
FL,33181,22,35,20,59
FL,33182,38,48,22,33
FL,33183,32,46,15,29
FL,33184,22,48,25,49
FL,33185,51,38,17,31
FL,33186,43,75,27,30
FL,33187,26,36,27,42
FL,33188,32,49,13,26
FL,33189,36,49,15,43
FL,33190,27,45,16,35
FL,33191,28,37,34,59
FL,33192,34,55,28,35
FL,33193,31,27,17,62
FL,33194,49,90,29,36
FL,33195,29,52,21,22
FL,33196,56,45,32,60
FL,33197,51,83,22,66
FL,33198,37,75,30,45
FL,33199,28,38,23,62
FL,33206,27,37,13,36
FL,33222,38,83,25,28
FL,33231,36,32,20,53
FL,33233,24,52,22,36
FL,33234,47,68,23,40
FL,33238,27,88,25,33
FL,33239,40,66,22,44
FL,33242,25,39,13,47
FL,33243,54,59,13,25
FL,33245,27,48,17,48
FL,33247,20,31,21,33
FL,33255,34,53,36,21
FL,33256,51,29,11,59
FL,33257,27,39,17,48
FL,33261,35,40,32,33
FL,33265,47,66,16,68
FL,33266,41,64,27,34
FL,33269,45,66,13,43
FL,33280,64,62,34,48
FL,33283,57,56,17,45
FL,33296,40,36,21,43
FL,33299,39,53,14,40
FL,33301,29,33,13,14
FL,33302,38,41,12,32
FL,33303,22,67,22,22
FL,33304,33,59,8,28
FL,33305,42,25,9,13
FL,33306,27,52,11,28
FL,33307,39,50,15,25
FL,33308,35,40,9,32
FL,33309,26,35,16,21
FL,33310,20,36,21,34
FL,33311,44,35,9,26
FL,33312,43,22,11,23
FL,33313,39,59,22,24
FL,33314,15,38,18,44
FL,33315,33,55,12,14
FL,33316,16,44,11,51
FL,33317,17,22,9,37
FL,33318,36,37,7,22
FL,33319,38,46,17,19
FL,33320,15,28,22,30
FL,33321,44,38,13,13
FL,33322,37,25,9,18
FL,33323,32,29,9,20
FL,33324,30,42,23,36
FL,33325,30,45,15,26
FL,33326,25,62,20,37
FL,33327,38,39,9,25
FL,33328,13,60,13,53
FL,33329,25,55,9,20
FL,33330,17,35,11,22
FL,33331,40,45,21,33
FL,33332,36,35,15,27
FL,33334,24,42,8,50
FL,33335,39,61,11,38
FL,33336,45,39,18,27
FL,33337,26,58,20,31
FL,33338,22,69,16,16
FL,33339,35,37,7,32
FL,33340,18,33,19,35
FL,33345,20,26,19,14
FL,33346,25,58,18,23
FL,33348,18,51,24,50
FL,33349,36,30,17,21
FL,33351,28,38,23,26
FL,33355,34,30,13,45
FL,33359,20,28,19,31
FL,33388,42,43,23,30
FL,33394,24,61,15,18
FL,33401,38,38,12,14
FL,33402,49,49,12,39
FL,33403,39,51,8,52
FL,33404,36,41,23,25
FL,33405,19,26,24,25
FL,33406,43,39,20,13
FL,33407,24,36,13,39
FL,33408,23,32,12,16
FL,33409,34,34,8,42
FL,33410,27,67,15,37
FL,33411,17,54,14,28
FL,33412,29,40,11,23
FL,33413,24,49,17,23
FL,33414,35,41,9,43
FL,33415,34,52,8,30
FL,33416,33,42,23,26
FL,33417,24,35,18,42
FL,33418,37,43,19,22
FL,33419,34,42,21,28
FL,33420,27,43,23,35
FL,33421,24,39,16,28
FL,33422,42,28,23,21
FL,33424,24,41,23,37
FL,33425,33,46,19,22
FL,33426,39,53,13,40
FL,33427,30,38,8,50
FL,33428,40,53,12,21
FL,33429,41,55,11,37
FL,33430,20,49,23,44
FL,33431,31,46,11,25
FL,33432,24,47,17,31
FL,33433,15,57,22,30
FL,33434,15,45,9,13
FL,33435,17,48,9,18
FL,33436,19,47,12,44
FL,33437,21,45,12,32
FL,33438,33,53,17,33
FL,33439,35,29,7,17
FL,33440,28,32,11,27
FL,33441,31,48,8,43
FL,33442,23,49,8,21
FL,33443,26,38,18,27
FL,33444,32,24,14,38
FL,33445,14,46,21,14
FL,33446,32,62,27,36
FL,33447,36,40,21,34
FL,33448,17,26,9,42
FL,33449,42,40,11,35
FL,33454,29,53,18,28
FL,33455,42,20,17,38
FL,33458,32,37,21,51
FL,33459,14,25,11,31
FL,33460,23,24,20,22
FL,33461,36,53,17,29
FL,33462,22,41,8,41
FL,33463,43,24,16,36
FL,33464,42,47,13,12
FL,33465,28,68,9,48
FL,33466,20,32,15,37
FL,33467,44,34,18,50
FL,33468,17,27,18,32
FL,33469,41,42,17,41
FL,33470,50,40,19,39
FL,33471,40,60,18,29
FL,33472,14,48,18,32
FL,33473,24,46,26,29
FL,33474,18,34,9,17
FL,33475,29,33,9,27
FL,33476,29,34,22,31
FL,33477,20,59,12,32
FL,33478,28,48,10,31
FL,33480,34,61,11,34
FL,33481,25,28,16,32
FL,33482,44,44,12,29
FL,33483,30,36,10,34
FL,33484,44,45,19,39
FL,33486,40,34,16,24
FL,33487,29,45,8,33
FL,33488,23,57,15,29
FL,33493,25,26,15,40
FL,33496,25,44,27,15
FL,33497,27,24,19,20
FL,33498,36,49,16,14
FL,33499,45,42,19,14
FL,33503,20,39,24,27
FL,33508,23,45,20,36
FL,33509,42,28,8,39
FL,33510,34,24,25,25
FL,33511,13,42,20,23
FL,33513,16,52,14,22
FL,33514,30,38,18,14
FL,33521,18,47,18,19
FL,33523,41,51,24,29
FL,33524,39,59,8,31
FL,33525,25,39,25,34
FL,33526,25,49,17,32
FL,33527,19,41,21,39
FL,33530,39,37,10,49
FL,33534,15,44,11,34
FL,33537,24,61,12,18
FL,33538,28,34,19,34
FL,33539,22,29,18,52
FL,33540,24,42,13,24
FL,33541,16,35,14,43
FL,33542,40,29,19,35
FL,33543,32,29,12,33
FL,33544,32,29,9,31
FL,33545,26,42,21,25
FL,33547,15,36,12,33
FL,33548,41,30,13,48
FL,33549,35,33,21,19
FL,33550,27,22,16,42
FL,33556,28,32,7,39
FL,33558,30,45,20,29
FL,33559,14,29,20,22
FL,33563,30,45,24,40
FL,33564,30,45,10,17
FL,33565,15,45,16,22
FL,33566,27,39,12,32
FL,33567,40,61,11,47
FL,33568,20,58,12,27
FL,33569,28,40,22,36
FL,33570,31,31,12,25
FL,33571,27,38,20,26
FL,33572,40,46,21,20
FL,33573,44,61,7,17
FL,33574,30,52,14,39
FL,33575,35,38,22,20
FL,33576,33,53,8,37
FL,33578,42,37,19,37
FL,33579,48,49,21,36
FL,33583,39,59,14,38
FL,33584,14,46,13,39
FL,33585,30,39,9,27
FL,33586,37,38,18,29
FL,33587,28,51,14,55
FL,33592,24,45,18,35
FL,33593,37,46,11,41
FL,33594,18,44,7,40
FL,33595,26,49,24,20
FL,33596,38,46,20,40
FL,33597,18,32,14,22
FL,33598,16,48,23,13
FL,33601,39,60,24,23
FL,33602,25,35,21,29
FL,33603,39,35,10,29
FL,33604,29,46,25,23
FL,33605,18,29,25,26
FL,33606,21,50,14,36
FL,33607,26,26,9,41
FL,33608,38,51,12,13
FL,33609,32,40,18,25
FL,33610,32,47,17,22
FL,33611,34,47,11,26
FL,33612,37,29,13,39
FL,33613,35,30,8,36
FL,33614,14,55,19,31
FL,33615,18,43,14,48
FL,33616,34,51,16,38
FL,33617,20,45,11,28
FL,33618,26,35,10,39
FL,33619,14,36,12,32
FL,33620,28,36,15,15
FL,33621,28,38,10,20
FL,33622,33,36,12,17
FL,33623,23,37,9,50
FL,33624,22,29,14,39
FL,33625,30,40,8,29
FL,33626,36,26,18,30
FL,33629,16,38,17,13
FL,33630,18,35,15,30
FL,33631,17,47,7,41
FL,33633,27,61,18,46
FL,33634,31,47,21,29
FL,33635,18,46,14,36
FL,33637,38,48,24,13
FL,33646,29,28,11,19
FL,33647,27,19,8,43
FL,33650,20,27,16,31
FL,33651,49,56,12,38
FL,33655,30,56,8,23
FL,33660,43,19,14,40
FL,33661,15,39,10,37
FL,33662,36,32,8,31
FL,33663,37,39,17,45
FL,33664,22,49,23,37
FL,33672,38,34,20,25
FL,33673,15,32,23,30
FL,33674,20,36,25,20
FL,33675,29,35,8,50
FL,33677,19,33,16,34
FL,33679,31,27,10,27
FL,33680,14,59,18,18
FL,33681,25,56,10,17
FL,33682,27,31,26,19
FL,33684,23,43,26,32
FL,33685,19,40,19,30
FL,33686,17,30,10,27
FL,33687,17,66,13,25
FL,33688,21,30,25,17
FL,33689,19,33,15,27
FL,33690,27,42,17,24
FL,33694,41,26,25,34
FL,33701,21,47,22,44
FL,33702,33,27,22,32
FL,33703,19,38,23,21
FL,33704,18,25,23,30
FL,33705,27,46,17,36
FL,33706,18,43,10,41
FL,33707,21,46,16,50
FL,33708,50,47,18,30
FL,33709,15,37,18,21
FL,33710,20,58,10,17
FL,33711,40,32,15,33
FL,33712,37,21,21,25
FL,33713,22,50,11,32
FL,33714,45,29,23,17
FL,33715,43,51,16,45
FL,33716,18,57,19,29
FL,33729,43,37,14,39
FL,33730,15,52,13,33
FL,33731,47,49,23,47
FL,33732,34,48,14,18
FL,33733,18,37,18,20
FL,33734,18,26,15,55
FL,33736,21,26,20,46
FL,33737,45,49,26,15
FL,33738,28,30,11,41
FL,33740,43,46,12,20
FL,33741,16,39,9,32
FL,33742,37,49,10,24
FL,33743,31,51,7,26
FL,33744,17,42,7,19
FL,33747,30,46,9,26
FL,33755,31,42,12,45
FL,33756,38,43,13,20
FL,33757,31,62,11,31
FL,33758,35,35,13,27
FL,33759,29,29,11,16
FL,33760,48,37,12,34
FL,33761,19,44,8,12
FL,33762,21,33,24,29
FL,33763,28,67,17,36
FL,33764,15,58,20,32
FL,33765,36,45,10,35
FL,33766,21,47,9,23
FL,33767,28,49,16,29
FL,33769,24,51,15,25
FL,33770,22,37,20,28
FL,33771,24,35,10,33
FL,33772,29,30,12,30
FL,33773,43,25,12,40
FL,33774,42,29,17,46
FL,33775,16,22,10,31
FL,33776,17,33,23,18
FL,33777,37,31,13,43
FL,33778,24,37,22,34
FL,33779,15,41,12,16
FL,33780,42,25,21,32
FL,33781,46,46,21,20
FL,33782,50,52,13,33
FL,33784,18,25,18,30
FL,33785,30,40,21,28
FL,33786,40,22,19,26
FL,33801,22,30,14,22
FL,33802,25,60,22,22
FL,33803,35,31,17,48
FL,33804,14,19,10,47
FL,33805,41,40,23,32
FL,33806,30,23,9,36
FL,33807,17,54,13,21
FL,33809,30,49,19,24
FL,33810,30,54,16,15
FL,33811,43,42,20,39
FL,33812,40,44,14,29
FL,33813,29,54,8,22
FL,33815,19,54,9,45
FL,33820,41,32,14,13
FL,33823,37,39,22,25
FL,33825,39,62,11,22
FL,33826,28,44,15,21
FL,33827,42,44,22,31
FL,33830,26,49,16,28
FL,33831,22,34,10,26
FL,33834,35,44,9,33
FL,33835,33,53,24,32
FL,33836,14,47,7,28
FL,33837,28,30,21,39
FL,33838,21,41,8,22
FL,33839,18,35,13,26
FL,33840,28,61,17,16
FL,33841,41,37,10,20
FL,33843,29,41,15,19
FL,33844,23,42,17,14
FL,33845,19,51,18,15
FL,33846,41,46,15,46
FL,33847,47,36,22,18
FL,33848,19,57,13,45
FL,33849,37,48,13,48
FL,33850,26,36,7,23
FL,33851,23,33,13,22
FL,33852,22,20,16,32
FL,33853,40,43,11,38
FL,33854,23,52,17,45
FL,33855,30,33,10,24
FL,33856,26,30,26,17
FL,33857,16,24,25,18
FL,33858,33,50,18,46
FL,33859,34,22,21,16
FL,33860,16,31,14,46
FL,33862,34,55,19,37
FL,33863,17,21,15,17
FL,33865,22,32,13,28
FL,33867,28,31,18,30
FL,33868,29,40,11,21
FL,33870,39,43,15,30
FL,33871,25,31,14,29
FL,33872,45,43,17,21
FL,33873,17,40,9,20
FL,33875,46,48,21,17
FL,33876,44,27,12,48
FL,33877,14,50,13,25
FL,33880,23,26,19,22
FL,33881,22,26,24,35
FL,33882,46,32,8,35
FL,33883,36,28,10,36
FL,33884,46,38,26,19
FL,33885,34,27,18,13
FL,33888,27,59,22,17
FL,33890,39,23,20,21
FL,33896,22,31,25,34
FL,33897,25,45,22,28
FL,33898,15,49,16,24
FL,33900,43,30,26,29
FL,33901,42,37,9,15
FL,33902,20,22,17,19
FL,33903,20,54,14,26
FL,33904,26,39,8,33
FL,33905,13,40,24,45
FL,33906,35,38,13,36
FL,33907,34,41,10,31
FL,33908,22,56,7,30
FL,33909,27,31,26,49
FL,33910,19,30,15,33
FL,33911,19,45,22,35
FL,33912,29,43,23,32
FL,33913,17,56,21,20
FL,33914,21,63,16,45
FL,33915,40,41,9,29
FL,33916,16,63,18,36
FL,33917,14,22,7,36
FL,33918,28,38,10,32
FL,33919,41,43,8,46
FL,33920,21,52,8,20
FL,33921,26,34,20,48
FL,33922,23,31,17,31
FL,33924,27,42,24,25
FL,33927,37,44,18,48
FL,33928,24,55,17,33
FL,33929,43,63,19,28
FL,33930,22,54,20,31
FL,33931,23,48,16,33
FL,33932,28,27,10,39
FL,33935,27,45,20,36
FL,33936,21,25,13,38
FL,33938,14,45,20,20
FL,33944,25,39,21,34
FL,33945,36,30,8,40
FL,33946,46,55,13,27
FL,33947,41,52,21,19
FL,33948,33,44,24,22
FL,33949,32,26,18,18
FL,33950,20,64,10,24
FL,33951,45,36,23,23
FL,33952,36,41,7,17
FL,33953,39,49,20,20
FL,33954,31,37,11,47
FL,33955,29,27,10,30
FL,33956,34,49,20,44
FL,33957,43,33,23,28
FL,33960,24,59,17,40
FL,33965,43,51,8,26
FL,33966,23,27,8,18
FL,33967,17,36,25,15
FL,33970,22,38,22,53
FL,33971,15,38,14,15
FL,33972,17,32,21,21
FL,33973,19,28,8,36
FL,33974,23,32,17,15
FL,33975,41,34,11,25
FL,33976,38,44,22,16
FL,33980,42,55,9,23
FL,33981,30,56,23,32
FL,33982,35,37,10,18
FL,33983,32,35,8,27
FL,33990,20,40,7,17
FL,33991,27,49,17,28
FL,33993,30,29,21,31
FL,33994,16,48,17,44
AA,34001,31,36,13,26
AA,34002,33,25,13,20
AA,34004,20,28,24,48
AA,34006,14,33,17,15
AA,34007,25,21,20,32
AA,34008,18,21,22,29
AA,34009,32,42,14,24
AA,34010,35,32,17,55
AA,34011,28,43,10,20
AA,34020,28,36,15,26
AA,34021,24,44,20,21
AA,34022,14,21,11,26
AA,34023,15,35,14,36
AA,34024,15,31,14,35
AA,34025,24,35,13,25
AA,34030,13,17,25,15
AA,34031,35,31,23,24
AA,34032,27,43,9,20
AA,34033,15,34,8,16
AA,34034,18,32,21,39
AA,34035,30,53,22,41
AA,34036,31,31,15,23
AA,34037,26,40,18,21
AA,34038,25,22,22,41
AA,34039,26,31,20,23
AA,34041,15,19,9,46
AA,34042,19,25,20,48
AA,34043,18,38,12,34
AA,34044,18,41,13,37
AA,34050,18,24,16,51
AA,34051,15,35,15,30
AA,34052,26,41,15,38
AA,34053,32,20,18,36
AA,34054,12,22,16,16
AA,34055,24,38,7,20
AA,34058,31,25,11,29
AA,34060,32,31,9,48
AA,34066,20,31,20,26
AA,34067,28,34,21,38
AA,34068,16,19,22,19
AA,34069,26,35,19,17
AA,34071,28,20,10,48
AA,34076,14,46,16,29
AA,34078,26,53,18,22
AA,34079,14,28,17,22
AA,34080,19,30,20,43
AA,34081,29,24,13,50
AA,34082,14,42,21,15
AA,34083,31,30,21,20
AA,34084,18,25,12,20
AA,34085,17,25,18,31
AA,34086,22,19,18,27
AA,34087,31,18,7,27
AA,34088,34,42,11,39
AA,34089,31,23,9,18
AA,34090,14,19,8,40
AA,34091,13,38,18,27
AA,34092,15,27,12,22
AA,34093,23,29,20,38
AA,34094,33,45,22,21
AA,34095,37,29,18,33
AA,34096,32,29,8,37
AA,34098,24,28,18,34
AA,34099,25,54,23,50
FL,34101,37,53,26,15
FL,34102,29,39,12,17
FL,34103,24,45,18,29
FL,34104,24,38,22,40
FL,34105,34,53,10,31
FL,34106,28,27,19,29
FL,34107,15,34,20,39
FL,34108,25,21,10,38
FL,34109,24,31,8,14
FL,34110,23,23,22,33
FL,34112,26,39,16,17
FL,34113,29,38,9,40
FL,34114,27,33,8,39
FL,34116,16,58,18,30
FL,34117,17,29,15,37
FL,34119,25,30,24,42
FL,34120,39,34,8,21
FL,34133,19,37,20,24
FL,34134,28,25,21,14
FL,34135,38,35,8,29
FL,34136,49,40,11,33
FL,34137,20,60,16,41
FL,34138,39,23,15,34
FL,34139,36,39,21,14
FL,34140,23,67,17,34
FL,34141,42,63,25,36
FL,34142,21,45,8,17
FL,34143,35,38,25,45
FL,34145,28,38,19,32
FL,34146,40,43,13,40
FL,34201,22,33,14,37
FL,34202,17,50,26,24
FL,34203,41,67,25,33
FL,34204,24,19,16,28
FL,34205,21,63,25,15
FL,34206,38,39,8,34
FL,34207,44,36,15,32
FL,34208,28,31,19,37
FL,34209,41,49,21,27
FL,34210,24,35,21,28
FL,34211,20,33,12,44
FL,34212,33,33,22,16
FL,34215,21,20,14,23
FL,34216,20,24,16,37
FL,34217,19,24,19,30
FL,34218,39,42,17,26
FL,34219,16,43,21,30
FL,34220,30,34,11,15
FL,34221,43,32,18,23
FL,34222,39,37,19,31
FL,34223,28,36,22,22
FL,34224,23,25,7,18
FL,34228,31,60,19,19
FL,34229,15,41,12,41
FL,34230,43,51,11,46
FL,34231,26,36,22,53
FL,34232,21,47,14,47
FL,34233,21,57,25,19
FL,34234,17,34,15,43
FL,34235,44,42,12,49
FL,34236,43,56,9,25
FL,34237,34,24,24,38
FL,34238,17,36,13,43
FL,34239,15,35,9,28
FL,34240,46,35,11,28
FL,34241,20,57,22,31
FL,34242,19,34,7,41
FL,34243,35,54,17,38
FL,34249,21,26,25,31
FL,34250,30,32,16,24
FL,34251,46,27,7,17
FL,34260,19,29,20,26
FL,34264,25,53,18,36
FL,34265,31,61,20,42
FL,34266,15,23,23,25
FL,34267,33,36,24,27
FL,34268,28,66,22,28
FL,34269,16,49,23,29
FL,34270,28,60,20,26
FL,34272,28,35,13,34
FL,34274,45,28,21,22
FL,34275,43,50,20,26
FL,34276,24,32,22,17
FL,34277,31,34,24,33
FL,34278,23,33,13,36
FL,34280,16,58,12,32
FL,34281,37,46,20,27
FL,34282,23,62,17,30
FL,34284,34,31,8,46
FL,34285,31,39,20,24
FL,34286,25,63,20,28
FL,34287,29,36,24,20
FL,34288,23,33,18,16
FL,34289,18,32,14,17
FL,34290,13,23,17,34
FL,34291,13,39,19,23
FL,34292,28,42,9,36
FL,34293,32,29,21,41
FL,34295,14,54,16,35
FL,34420,38,33,13,13
FL,34421,33,39,15,40
FL,34423,44,51,19,14
FL,34428,21,46,8,49
FL,34429,19,31,21,17
FL,34430,28,39,14,25
FL,34431,44,32,13,38
FL,34432,20,64,15,23
FL,34433,30,40,14,21
FL,34434,40,48,18,40
FL,34436,44,40,19,23
FL,34441,22,27,11,32
FL,34442,48,57,8,39
FL,34445,39,28,7,15
FL,34446,35,59,9,46
FL,34447,21,29,11,21
FL,34448,39,30,12,19
FL,34449,37,32,18,33
FL,34450,41,62,11,32
FL,34451,32,43,24,37
FL,34452,34,30,21,20
FL,34453,33,23,20,19
FL,34460,34,50,12,34
FL,34461,32,42,11,20
FL,34464,30,40,24,27
FL,34465,23,34,10,33
FL,34470,27,58,16,43
FL,34471,25,46,12,34
FL,34472,42,21,19,23
FL,34473,37,33,20,39
FL,34474,27,70,22,32
FL,34475,22,49,22,17
FL,34476,17,39,20,40
FL,34477,17,43,22,31
FL,34478,24,41,20,48
FL,34479,30,31,11,30
FL,34480,38,60,23,13
FL,34481,29,53,19,44
FL,34482,30,35,12,36
FL,34483,18,29,8,23
FL,34484,19,34,9,22
FL,34487,23,30,18,25
FL,34488,36,33,10,26
FL,34489,40,42,21,32
FL,34491,17,64,20,21
FL,34492,18,51,22,35
FL,34498,45,59,9,22
FL,34601,30,31,18,25
FL,34602,21,41,7,44
FL,34603,23,26,16,42
FL,34604,45,56,11,44
FL,34605,22,34,17,14
FL,34606,38,42,10,42
FL,34607,35,39,26,24
FL,34608,25,31,18,43
FL,34609,17,46,23,30
FL,34610,16,50,18,47
FL,34611,19,32,26,21
FL,34613,41,26,7,30
FL,34614,25,47,23,38
FL,34636,22,42,10,45
FL,34637,28,47,19,26
FL,34638,13,44,13,29
FL,34639,30,63,21,14
FL,34652,31,32,10,23
FL,34653,33,41,16,37
FL,34654,39,39,12,36
FL,34655,14,23,10,18
FL,34656,15,29,15,30
FL,34660,15,32,22,40
FL,34661,48,37,25,38
FL,34667,36,32,22,27
FL,34668,37,41,13,26
FL,34669,25,37,16,30
FL,34673,37,32,18,29
FL,34674,33,35,9,18
FL,34677,34,22,10,40
FL,34679,27,57,9,21
FL,34680,25,50,17,15
FL,34681,33,41,11,31
FL,34682,37,40,10,42
FL,34683,17,30,17,20
FL,34684,39,42,19,42
FL,34685,21,35,10,29
FL,34688,36,34,19,21
FL,34689,16,29,10,23
FL,34690,17,37,15,32
FL,34691,18,41,13,37
FL,34692,24,27,21,38
FL,34695,29,24,13,29
FL,34697,34,32,19,14
FL,34698,26,42,25,17
FL,34705,14,36,9,44
FL,34711,23,41,20,30
FL,34712,14,44,17,22
FL,34713,38,24,16,47
FL,34714,23,46,23,36
FL,34715,16,25,20,39
FL,34729,15,31,14,25
FL,34731,45,22,17,33
FL,34734,38,32,7,40
FL,34736,24,51,17,26
FL,34737,39,25,18,18
FL,34739,43,40,8,25
FL,34740,38,41,14,18
FL,34741,28,56,19,21
FL,34742,34,29,9,17
FL,34743,27,57,19,28
FL,34744,27,38,21,54
FL,34745,36,53,20,21
FL,34746,34,38,20,18
FL,34747,25,41,16,38
FL,34748,36,32,20,35
FL,34749,16,34,9,24
FL,34753,35,21,10,25
FL,34755,36,60,13,40
FL,34756,33,47,7,36
FL,34758,32,46,14,47
FL,34759,18,40,16,12
FL,34760,42,24,12,28
FL,34761,36,43,10,15
FL,34762,16,64,21,40
FL,34769,14,25,7,28
FL,34770,24,26,27,46
FL,34771,30,35,17,24
FL,34772,26,23,11,34
FL,34773,39,31,13,23
FL,34777,24,55,7,25
FL,34778,33,47,21,36
FL,34785,35,43,8,31
FL,34786,26,36,10,40
FL,34787,28,49,25,19
FL,34788,35,34,13,24
FL,34789,16,55,15,31
FL,34797,26,34,19,40
FL,34945,17,34,14,19
FL,34946,18,42,22,31
FL,34947,24,46,20,23
FL,34948,29,37,13,19
FL,34949,31,27,20,33
FL,34950,21,33,20,36
FL,34951,29,33,18,15
FL,34952,32,47,9,23
FL,34953,15,57,23,17
FL,34954,37,37,7,29
FL,34956,28,34,16,28
FL,34957,41,32,25,21
FL,34958,28,53,10,33
FL,34972,29,28,11,46
FL,34973,28,27,14,24
FL,34974,17,52,17,24
FL,34979,40,33,19,23
FL,34981,24,43,16,40
FL,34982,17,26,24,26
FL,34983,46,28,8,32
FL,34984,30,49,15,26
FL,34985,36,40,15,21
FL,34986,24,28,9,24
FL,34987,36,35,11,17
FL,34988,24,55,16,23
FL,34990,30,39,18,34
FL,34991,37,51,14,42
FL,34992,21,37,17,26
FL,34994,41,35,22,16
FL,34995,38,48,8,32
FL,34996,14,36,18,20
FL,34997,18,45,15,25
AL,35004,38,40,23,32
AL,35005,23,41,8,40
AL,35006,13,42,13,22
AL,35007,29,40,22,19
AL,35010,28,29,22,31
AL,35011,23,30,22,27
AL,35013,32,26,13,49
AL,35014,32,32,13,22
AL,35015,15,26,13,17
AL,35016,16,19,17,49
AL,35019,11,32,20,46
AL,35020,33,22,14,27
AL,35021,30,32,11,21
AL,35022,27,42,8,33
AL,35023,24,31,17,30
AL,35031,30,36,11,26
AL,35032,37,34,16,49
AL,35033,27,38,25,13
AL,35034,32,39,14,40
AL,35035,19,27,11,27
AL,35036,28,50,16,22
AL,35038,11,33,21,29
AL,35040,35,42,10,19
AL,35041,16,36,24,33
AL,35042,13,33,22,19
AL,35043,28,35,18,26
AL,35044,13,27,17,34
AL,35045,14,20,10,32
AL,35046,26,24,16,21
AL,35048,14,23,16,34
AL,35049,22,20,8,35
AL,35051,30,41,8,33
AL,35052,19,41,23,34
AL,35053,24,31,24,38
AL,35054,20,26,21,27
AL,35055,11,31,18,29
AL,35056,22,20,17,46
AL,35057,39,31,10,29
AL,35058,32,44,24,32
AL,35060,13,39,11,35
AL,35061,13,29,8,22
AL,35062,14,24,19,25
AL,35063,27,33,20,40
AL,35064,22,22,16,22
AL,35068,16,26,7,29
AL,35070,33,46,22,50
AL,35071,37,34,19,28
AL,35072,36,18,13,53
AL,35073,39,29,15,29
AL,35074,18,22,22,23
AL,35077,25,51,10,38
AL,35078,16,39,8,38
AL,35079,16,52,22,51
AL,35080,21,31,15,33
AL,35082,22,25,18,30
AL,35083,15,36,19,43
AL,35085,11,35,8,26
AL,35087,13,46,15,39
AL,35089,25,33,12,22
AL,35091,28,26,20,12
AL,35094,32,43,23,32
AL,35096,19,45,7,18
AL,35097,32,36,26,30
AL,35098,22,51,8,24
AL,35111,27,32,21,45
AL,35112,23,36,23,38
AL,35114,13,41,23,21
AL,35115,23,39,16,44
AL,35116,17,49,16,37
AL,35117,25,39,19,45
AL,35118,19,49,8,30
AL,35119,34,31,18,13
AL,35120,12,43,18,28
AL,35121,38,28,19,33
AL,35123,13,24,15,21
AL,35124,28,46,17,46
AL,35125,38,26,18,32
AL,35126,22,26,20,41
AL,35127,34,29,22,32
AL,35128,12,31,20,48
AL,35130,13,45,11,31
AL,35131,21,26,23,21
AL,35133,27,51,11,23
AL,35135,27,26,13,22
AL,35136,21,31,26,22
AL,35137,25,25,13,29
AL,35139,30,40,24,28
AL,35142,20,23,9,27
AL,35143,32,26,14,38
AL,35144,22,25,14,17
AL,35146,15,35,17,26
AL,35147,14,43,23,43
AL,35148,30,51,14,20
AL,35149,28,18,8,35
AL,35150,14,52,22,20
AL,35151,35,30,26,14
AL,35160,23,43,21,31
AL,35161,31,44,22,23
AL,35171,15,32,10,26
AL,35172,23,57,22,24
AL,35173,24,18,8,33
AL,35175,15,37,21,32
AL,35176,26,27,16,35
AL,35178,22,27,10,30
AL,35179,14,42,13,29
AL,35180,34,16,13,38
AL,35181,19,21,26,24
AL,35182,12,17,9,18
AL,35183,17,35,13,24
AL,35184,25,23,21,28
AL,35185,12,30,19,39
AL,35186,14,29,22,41
AL,35187,31,40,9,24
AL,35188,18,18,16,30
AL,35201,18,45,18,21
AL,35202,29,21,18,30
AL,35203,23,44,22,24
AL,35204,34,38,7,21
AL,35205,20,20,16,30
AL,35206,16,29,16,42
AL,35207,31,40,22,38
AL,35208,30,39,9,29
AL,35209,34,37,21,16
AL,35210,27,38,9,46
AL,35211,20,57,14,22
AL,35212,15,28,8,42
AL,35213,24,20,22,40
AL,35214,27,22,21,17
AL,35215,24,22,16,35
AL,35216,22,25,17,30
AL,35217,33,21,24,13
AL,35218,17,26,8,17
AL,35219,28,53,10,24
AL,35220,20,29,24,35
AL,35221,30,40,17,34
AL,35222,32,35,23,22
AL,35223,30,42,20,23
AL,35224,12,47,22,21
AL,35225,23,46,8,44
AL,35226,17,22,8,32
AL,35228,29,26,17,28
AL,35229,28,47,12,14
AL,35230,36,48,20,50
AL,35231,25,33,25,46
AL,35232,18,34,14,17
AL,35233,33,40,8,18
AL,35234,25,19,15,40
AL,35235,19,41,16,38
AL,35236,27,44,7,35
AL,35237,25,23,8,22
AL,35238,40,22,24,43
AL,35240,13,44,16,26
AL,35242,15,25,8,20
AL,35243,14,52,12,14
AL,35244,31,49,13,37
AL,35245,21,41,23,32
AL,35246,28,54,13,21
AL,35249,25,20,17,29
AL,35253,20,16,17,23
AL,35254,15,26,21,32
AL,35255,22,45,20,36
AL,35259,40,46,18,38
AL,35260,29,29,19,41
AL,35261,17,32,17,46
AL,35263,23,32,21,22
AL,35266,26,37,7,32
AL,35270,32,53,9,26
AL,35277,26,19,23,27
AL,35278,19,25,12,26
AL,35279,27,45,24,33
AL,35280,27,40,13,36
AL,35281,32,29,24,12
AL,35282,16,35,23,50
AL,35283,38,29,20,38
AL,35285,18,23,14,32
AL,35286,32,51,20,27
AL,35287,33,46,22,25
AL,35288,21,25,18,53
AL,35289,21,32,14,20
AL,35290,22,19,13,18
AL,35291,36,31,21,34
AL,35292,22,29,7,19
AL,35293,21,44,23,26
AL,35294,11,52,12,12
AL,35295,19,54,19,23
AL,35296,38,42,9,14
AL,35297,34,35,11,36
AL,35298,23,19,17,25
AL,35299,31,26,24,48
AL,35401,32,48,16,16
AL,35402,12,41,20,34
AL,35403,33,29,14,23
AL,35404,31,41,19,32
AL,35405,33,27,8,27
AL,35406,22,21,11,16
AL,35407,19,48,10,23
AL,35440,19,42,26,23
AL,35441,26,21,19,15
AL,35442,20,32,14,22
AL,35443,15,32,24,38
AL,35444,27,35,20,27
AL,35446,19,30,8,25
AL,35447,15,30,14,45
AL,35448,35,40,25,38
AL,35449,31,36,21,17
AL,35452,15,22,18,24
AL,35453,31,37,17,35
AL,35456,33,40,12,41
AL,35457,22,42,11,53
AL,35458,20,25,16,38
AL,35459,37,44,27,47
AL,35460,21,29,14,24
AL,35461,26,30,14,26
AL,35462,15,44,18,31
AL,35463,37,45,20,23
AL,35464,19,32,17,38
AL,35466,28,31,11,16
AL,35468,25,35,14,36
AL,35469,21,21,11,30
AL,35470,28,34,19,40
AL,35471,35,47,13,29
AL,35473,31,27,8,36
AL,35474,23,48,16,38
AL,35475,23,26,9,24
AL,35476,24,52,15,25
AL,35477,26,28,13,35
AL,35478,35,28,17,28
AL,35480,13,34,14,43
AL,35481,40,24,20,44
AL,35482,39,19,13,27
AL,35485,38,34,7,14
AL,35486,21,42,18,32
AL,35487,11,45,22,37
AL,35490,18,25,10,36
AL,35491,23,25,15,35
AL,35501,31,25,14,32
AL,35502,22,48,15,44
AL,35503,25,31,10,29
AL,35504,24,33,10,22
AL,35540,15,26,18,28
AL,35541,29,29,16,32
AL,35542,28,45,17,41
AL,35543,15,34,16,48
AL,35544,16,44,14,22
AL,35545,18,30,16,16
AL,35546,30,33,18,18
AL,35548,13,19,7,24
AL,35549,19,45,15,33
AL,35550,30,25,22,39
AL,35551,30,36,15,19
AL,35552,27,47,23,38
AL,35553,16,35,26,13
AL,35554,12,42,14,20
AL,35555,30,32,7,18
AL,35559,21,26,9,42
AL,35560,27,23,11,34
AL,35563,32,47,20,33
AL,35564,32,36,24,17
AL,35565,32,34,26,23
AL,35570,14,35,25,36
AL,35571,22,44,21,32
AL,35572,62,28,30,50
AL,35573,15,21,21,32
AL,35574,18,25,23,42
AL,35575,19,44,22,25
AL,35576,10,26,11,37
AL,35577,19,32,16,25
AL,35578,17,48,22,32
AL,35579,28,31,12,52
AL,35580,17,23,22,16
AL,35581,37,32,25,24
AL,35582,27,34,14,17
AL,35584,12,36,17,33
AL,35585,26,23,13,37
AL,35586,30,41,20,20
AL,35587,14,35,22,22
AL,35592,24,50,12,35
AL,35593,31,36,14,46
AL,35594,23,40,21,14
AL,35601,21,20,13,37
AL,35602,23,25,22,15
AL,35603,36,36,13,34
AL,35609,17,40,14,25
AL,35610,28,36,20,25
AL,35611,15,21,12,44
AL,35612,15,32,21,26
AL,35613,26,40,17,26
AL,35614,31,37,10,35
AL,35615,19,23,15,46
AL,35616,33,25,13,30
AL,35617,25,40,19,45
AL,35618,34,38,26,23
AL,35619,11,30,22,29
AL,35620,13,43,18,23
AL,35621,20,41,12,47
AL,35622,30,26,10,23
AL,35630,14,39,13,48
AL,35631,32,22,10,30
AL,35632,37,35,21,30
AL,35633,13,44,9,26
AL,35634,19,25,21,29
AL,35640,28,33,14,38
AL,35643,24,36,10,47
AL,35645,22,49,10,52
AL,35646,33,23,15,22
AL,35647,31,27,12,25
AL,35648,27,46,20,50
AL,35649,12,43,24,32
AL,35650,17,20,17,28
AL,35651,26,16,16,34
AL,35652,17,18,9,14
AL,35653,12,37,18,28
AL,35654,32,26,19,40
AL,35660,15,20,8,28
AL,35661,37,31,21,19
AL,35662,21,42,12,41
AL,35670,13,34,17,17
AL,35671,28,52,9,12
AL,35672,33,40,13,50
AL,35673,26,18,23,24
AL,35674,13,36,18,50
AL,35677,13,23,10,34
AL,35699,23,47,11,42
AL,35739,36,37,10,32
AL,35740,32,51,12,39
AL,35741,14,27,11,24
AL,35742,13,20,14,53
AL,35744,39,22,16,31
AL,35745,37,38,13,49
AL,35746,32,35,23,17
AL,35747,32,38,7,41
AL,35748,36,29,20,35
AL,35749,30,54,17,43
AL,35750,11,25,11,47
AL,35751,28,36,23,16
AL,35752,36,36,8,32
AL,35754,22,30,16,15
AL,35755,30,37,23,25
AL,35756,14,45,18,45
AL,35757,25,32,14,41
AL,35758,28,38,9,40
AL,35759,15,46,18,40
AL,35760,38,44,9,22
AL,35761,37,24,14,25
AL,35762,36,49,13,33
AL,35763,32,47,17,21
AL,35764,29,21,16,18
AL,35765,36,36,9,31
AL,35766,18,18,11,38
AL,35767,18,29,19,30
AL,35768,31,31,11,28
AL,35769,32,44,20,53
AL,35771,16,23,25,36
AL,35772,24,28,12,44
AL,35773,32,22,14,26
AL,35774,29,22,10,15
AL,35775,15,17,11,24
AL,35776,28,31,21,40
AL,35801,25,32,22,31
AL,35802,28,43,23,16
AL,35803,28,52,7,15
AL,35804,34,46,22,26
AL,35805,22,34,15,25
AL,35806,13,34,10,22
AL,35807,18,28,17,44
AL,35808,11,48,22,36
AL,35809,19,37,23,42
AL,35810,29,19,13,32
AL,35811,20,21,12,36
AL,35812,33,24,18,47
AL,35813,21,53,8,19
AL,35814,25,22,12,24
AL,35815,27,41,24,38
AL,35816,24,21,24,40
AL,35824,27,36,13,29
AL,35893,33,37,18,34
AL,35894,15,25,23,39
AL,35895,17,33,19,30
AL,35896,25,41,19,17
AL,35897,30,28,8,32
AL,35898,15,25,20,37
AL,35899,25,25,21,40
AL,35901,25,50,22,50
AL,35902,14,43,16,20
AL,35903,25,30,16,24
AL,35904,19,27,20,23
AL,35905,36,27,23,22
AL,35906,37,34,10,22
AL,35907,15,31,27,46
AL,35950,15,51,12,20
AL,35951,34,27,19,32
AL,35952,34,23,22,25
AL,35953,20,39,22,46
AL,35954,29,35,16,29
AL,35956,40,21,10,42
AL,35957,20,28,12,23
AL,35958,20,18,21,16
AL,35959,27,32,25,15
AL,35960,26,27,12,25
AL,35961,28,36,25,24
AL,35962,21,36,19,23
AL,35963,36,47,16,28
AL,35964,16,54,11,26
AL,35966,19,52,8,17
AL,35967,12,34,16,47
AL,35968,14,27,25,25
AL,35971,38,43,22,18
AL,35972,37,49,24,19
AL,35973,24,37,24,36
AL,35974,31,33,20,37
AL,35975,35,54,16,27
AL,35976,18,37,23,44
AL,35978,14,39,15,39
AL,35979,33,35,19,23
AL,35980,13,49,15,27
AL,35981,34,32,9,23
AL,35983,31,33,18,31
AL,35984,30,40,21,40
AL,35986,23,41,13,20
AL,35987,14,18,21,24
AL,35988,14,34,20,16
AL,35989,20,49,20,21
AL,35990,14,18,8,23
AL,36003,21,38,14,35
AL,36005,30,43,18,20
AL,36006,24,18,16,15
AL,36008,19,29,24,13
AL,36009,14,54,7,31
AL,36010,32,40,17,35
AL,36013,29,26,11,35
AL,36015,27,31,10,28
AL,36016,31,29,8,40
AL,36017,17,52,10,13
AL,36020,29,31,22,24
AL,36022,22,17,20,34
AL,36023,13,32,24,24
AL,36024,40,18,16,41
AL,36025,17,43,19,31
AL,36026,40,34,12,45
AL,36027,28,43,9,42
AL,36028,33,49,15,37
AL,36029,33,33,11,42
AL,36030,35,38,25,20
AL,36031,31,37,9,36
AL,36032,17,31,16,54
AL,36033,15,19,12,50
AL,36034,28,27,19,35
AL,36035,25,25,18,20
AL,36036,38,33,19,25
AL,36037,27,41,10,42
AL,36038,25,46,23,16
AL,36039,30,30,10,14
AL,36040,30,33,8,29
AL,36041,12,43,15,27
AL,36042,21,18,8,29
AL,36043,35,41,17,25
AL,36045,15,38,13,21
AL,36046,18,49,19,36
AL,36047,11,46,17,25
AL,36048,37,21,19,18
AL,36049,11,20,12,22
AL,36051,20,44,11,14
AL,36052,19,39,22,32
AL,36053,13,45,23,26
AL,36054,17,33,14,29
AL,36057,16,34,9,16
AL,36061,30,35,7,19
AL,36062,17,49,10,30
AL,36064,25,36,17,31
AL,36065,25,35,23,22
AL,36066,19,36,14,22
AL,36067,33,38,13,44
AL,36068,21,27,15,25
AL,36069,25,22,14,42
AL,36071,14,18,24,47
AL,36072,25,43,19,25
AL,36075,38,24,12,35
AL,36078,25,26,18,42
AL,36079,38,41,16,40
AL,36080,26,30,16,28
AL,36081,22,40,16,18
AL,36082,19,18,16,24
AL,36083,28,52,11,44
AL,36087,26,27,8,35
AL,36088,28,42,17,30
AL,36089,16,34,18,21
AL,36091,17,22,21,18
AL,36092,37,24,21,21
AL,36093,22,34,8,41
AL,36101,14,24,20,23
AL,36102,33,27,23,32
AL,36103,25,25,17,40
AL,36104,17,44,19,28
AL,36105,13,38,12,51
AL,36106,13,40,11,18
AL,36107,11,35,9,37
AL,36108,38,23,12,32
AL,36109,16,35,24,20
AL,36110,29,34,9,37
AL,36111,29,33,19,25
AL,36112,18,20,25,15
AL,36113,20,55,18,30
AL,36114,12,28,26,12
AL,36115,38,27,17,29
AL,36116,14,38,13,16
AL,36117,12,20,13,38
AL,36118,19,34,22,33
AL,36119,24,28,9,43
AL,36120,27,31,17,24
AL,36121,35,34,17,21
AL,36123,14,31,11,32
AL,36124,23,45,18,21
AL,36125,17,29,15,28
AL,36130,16,25,26,40
AL,36131,31,40,13,41
AL,36132,14,28,11,51
AL,36133,22,37,16,45
AL,36134,22,23,23,31
AL,36135,24,30,14,34
AL,36140,21,35,8,26
AL,36141,31,33,11,27
AL,36142,13,30,10,34
AL,36177,19,44,12,18
AL,36191,35,34,26,45
AL,36201,14,51,14,27
AL,36202,29,32,23,20
AL,36203,24,27,10,31
AL,36204,30,23,25,30
AL,36205,18,43,26,29
AL,36206,20,29,21,29
AL,36207,34,24,9,27
AL,36210,19,49,20,18
AL,36250,29,52,14,38
AL,36251,34,23,15,43
AL,36253,21,31,10,36
AL,36254,18,26,11,25
AL,36255,13,25,18,35
AL,36256,33,47,20,15
AL,36257,20,35,13,38
AL,36258,31,33,25,35
AL,36260,25,26,17,29
AL,36261,22,17,22,28
AL,36262,18,40,21,37
AL,36263,27,26,23,22
AL,36264,14,22,11,31
AL,36265,22,43,22,34
AL,36266,18,26,17,33
AL,36267,15,18,17,16
AL,36268,27,29,16,34
AL,36269,25,23,18,50
AL,36271,28,26,15,20
AL,36272,13,24,21,34
AL,36273,17,35,12,32
AL,36274,20,25,16,31
AL,36275,34,35,21,37
AL,36276,31,29,12,17
AL,36277,25,41,13,15
AL,36278,35,42,9,19
AL,36279,26,41,11,36
AL,36280,27,53,26,28
AL,36301,15,23,23,19
AL,36302,21,38,8,38
AL,36303,22,50,18,41
AL,36304,28,28,22,15
AL,36305,22,17,12,32
AL,36310,22,40,23,39
AL,36311,29,18,24,26
AL,36312,20,30,25,20
AL,36313,29,28,13,18
AL,36314,17,28,24,38
AL,36316,29,35,16,43
AL,36317,33,31,9,29
AL,36318,20,31,18,34
AL,36319,13,34,9,38
AL,36320,13,34,9,38
AL,36321,16,39,20,25
AL,36322,12,43,10,18
AL,36323,21,36,19,39
AL,36330,38,25,26,42
AL,36331,34,21,23,33
AL,36340,19,34,19,38
AL,36343,13,25,12,31
AL,36344,19,42,22,44
AL,36345,31,37,12,24
AL,36346,11,26,9,33
AL,36349,36,35,13,19
AL,36350,28,42,13,25
AL,36351,17,27,16,20
AL,36352,15,44,18,53
AL,36353,30,19,20,47
AL,36360,18,37,21,48
AL,36361,27,44,18,34
AL,36362,19,30,24,26
AL,36370,23,32,20,32
AL,36371,15,29,17,23
AL,36373,34,30,25,19
AL,36374,22,36,9,27
AL,36375,25,37,22,26
AL,36376,25,35,9,19
AL,36401,40,25,12,39
AL,36420,30,25,9,32
AL,36421,29,33,27,19
AL,36425,20,43,11,37
AL,36426,24,24,7,21
AL,36427,13,23,13,22
AL,36429,39,32,8,26
AL,36432,11,29,25,33
AL,36435,20,48,18,35
AL,36436,28,26,16,32
AL,36439,15,33,20,31
AL,36441,15,43,22,20
AL,36442,37,30,22,47
AL,36444,34,28,9,17
AL,36445,23,19,19,29
AL,36446,17,39,13,33
AL,36449,21,28,19,42
AL,36451,23,37,19,33
AL,36453,28,22,17,17
AL,36454,32,26,23,25
AL,36455,27,20,15,28
AL,36456,20,48,9,53
AL,36457,16,20,17,47
AL,36458,26,43,8,32
AL,36460,37,37,10,26
AL,36461,32,23,8,42
AL,36462,20,21,18,54
AL,36467,29,20,18,29
AL,36470,24,27,9,34
AL,36471,11,51,14,32
AL,36473,25,45,23,53
AL,36474,17,20,20,12
AL,36475,18,36,26,19
AL,36476,27,26,11,35
AL,36477,22,27,12,19
AL,36480,31,18,16,38
AL,36481,21,18,9,15
AL,36482,23,25,13,35
AL,36483,17,52,13,19
AL,36501,14,27,13,29
AL,36502,10,43,24,17
AL,36503,32,23,14,17
AL,36504,28,24,15,37
AL,36505,40,52,11,20
AL,36507,31,35,14,30
AL,36509,17,23,12,38
AL,36511,30,30,18,17
AL,36512,23,28,10,52
AL,36513,17,39,9,25
AL,36515,13,46,19,37
AL,36518,17,27,11,33
AL,36521,19,22,25,36
AL,36522,17,36,14,15
AL,36523,15,31,22,26
AL,36524,41,29,20,17
AL,36525,23,17,19,24
AL,36526,14,35,18,44
AL,36527,34,20,21,18
AL,36528,38,37,10,22
AL,36529,40,41,19,30
AL,36530,24,40,23,19
AL,36532,20,28,24,31
AL,36533,21,29,16,22
AL,36535,30,41,19,17
AL,36536,12,40,11,40
AL,36538,38,27,14,21
AL,36539,31,43,7,25
AL,36540,28,23,12,26
AL,36541,33,38,18,15
AL,36542,29,35,9,33
AL,36543,16,35,26,28
AL,36544,29,25,22,46
AL,36545,29,48,13,18
AL,36547,29,26,24,47
AL,36548,14,47,9,43
AL,36549,30,26,20,30
AL,36550,28,28,11,17
AL,36551,33,31,17,53
AL,36553,34,27,18,33
AL,36555,24,40,23,17
AL,36556,24,40,9,16
AL,36558,34,20,21,33
AL,36559,14,37,9,42
AL,36560,30,40,7,26
AL,36561,12,43,7,26
AL,36562,26,34,22,42
AL,36564,14,34,14,18
AL,36567,28,31,22,28
AL,36568,15,34,21,20
AL,36569,14,37,16,38
AL,36571,15,34,15,33
AL,36572,36,36,10,24
AL,36574,26,34,14,21
AL,36575,23,32,22,31
AL,36576,14,28,21,35
AL,36577,35,18,21,17
AL,36578,12,38,14,27
AL,36579,31,34,13,14
AL,36580,40,36,14,25
AL,36581,34,19,8,33
AL,36582,23,30,9,23
AL,36583,34,46,23,26
AL,36584,32,40,17,18
AL,36585,15,47,18,38
AL,36587,41,39,24,28
AL,36590,23,44,23,15
AL,36601,15,47,10,18
AL,36602,36,36,22,38
AL,36603,28,24,12,42
AL,36604,14,40,14,30
AL,36605,11,47,19,13
AL,36606,38,21,20,17
AL,36607,27,41,15,26
AL,36608,12,30,15,36
AL,36609,14,32,15,25
AL,36610,24,49,17,16
AL,36611,35,32,10,34
AL,36612,26,54,23,28
AL,36613,38,27,8,18
AL,36615,15,35,12,25
AL,36616,28,35,9,20
AL,36617,14,40,16,21
AL,36618,25,25,10,37
AL,36619,17,37,15,19
AL,36621,17,46,20,38
AL,36622,31,20,18,18
AL,36625,23,21,10,29
AL,36628,30,36,11,22
AL,36630,33,27,8,27
AL,36633,17,39,19,45
AL,36640,35,26,7,47
AL,36641,25,28,20,25
AL,36644,28,27,22,26
AL,36652,27,27,19,35
AL,36660,12,38,22,21
AL,36663,20,31,16,44
AL,36670,19,53,19,30
AL,36671,20,21,23,25
AL,36675,16,48,21,22
AL,36685,23,38,11,21
AL,36688,30,38,20,45
AL,36689,33,44,16,36
AL,36690,29,34,16,19
AL,36691,27,35,21,31
AL,36693,20,22,13,15
AL,36695,28,38,23,17
AL,36701,12,31,20,35
AL,36702,22,26,20,23
AL,36703,28,33,13,19
AL,36720,31,43,13,39
AL,36721,36,39,9,35
AL,36722,34,47,14,29
AL,36723,15,42,22,26
AL,36726,39,26,16,24
AL,36727,25,36,19,21
AL,36728,17,30,18,34
AL,36732,39,57,18,18
AL,36736,21,33,12,31
AL,36738,30,36,24,48
AL,36740,22,50,19,26
AL,36741,33,38,15,22
AL,36742,18,18,13,20
AL,36744,18,35,9,25
AL,36745,32,44,15,35
AL,36748,25,53,12,25
AL,36749,15,25,21,17
AL,36750,25,36,21,22
AL,36751,15,47,21,22
AL,36752,15,37,8,32
AL,36753,23,52,18,16
AL,36754,24,43,18,30
AL,36756,29,33,23,38
AL,36758,14,51,24,40
AL,36759,16,29,19,22
AL,36761,19,21,19,45
AL,36762,25,41,16,20
AL,36763,23,22,13,36
AL,36764,27,31,11,21
AL,36765,27,28,16,43
AL,36766,27,48,25,17
AL,36767,33,33,21,23
AL,36768,13,50,26,22
AL,36769,21,27,23,36
AL,36773,30,18,21,31
AL,36775,12,20,14,15
AL,36776,33,50,19,46
AL,36782,17,51,21,16
AL,36783,24,27,15,31
AL,36784,29,21,20,25
AL,36785,18,22,15,18
AL,36786,13,48,22,17
AL,36790,28,24,16,37
AL,36792,28,38,9,24
AL,36793,24,41,13,26
AL,36801,28,36,15,36
AL,36802,16,26,17,18
AL,36803,33,24,23,47
AL,36804,22,32,23,18
AL,36830,13,19,9,17
AL,36831,33,18,18,20
AL,36832,27,27,14,35
AL,36849,35,28,14,19
AL,36850,18,37,11,40
AL,36851,29,32,21,37
AL,36852,15,27,24,44
AL,36853,20,19,16,26
AL,36854,14,25,9,40
AL,36855,32,24,22,36
AL,36856,32,26,7,26
AL,36858,21,40,13,38
AL,36859,11,42,21,28
AL,36860,24,18,12,19
AL,36861,14,42,25,25
AL,36862,23,28,8,19
AL,36863,33,29,14,20
AL,36865,31,46,19,28
AL,36866,24,23,22,21
AL,36867,22,27,25,38
AL,36868,27,30,13,27
AL,36869,21,56,20,40
AL,36870,26,30,7,44
AL,36871,22,51,23,37
AL,36872,30,46,11,38
AL,36874,14,29,22,29
AL,36875,23,25,19,46
AL,36877,22,27,18,29
AL,36879,31,21,11,17
AL,36901,19,36,14,24
AL,36904,31,38,18,42
AL,36907,19,46,10,17
AL,36908,23,20,15,34
AL,36910,19,41,13,41
AL,36912,23,31,26,50
AL,36913,27,19,20,36
AL,36915,21,35,15,41
AL,36916,16,40,14,24
AL,36919,15,43,8,43
AL,36921,20,25,21,38
AL,36922,31,26,11,21
AL,36925,47,41,35,74
TN,37010,15,29,22,30
TN,37011,12,21,13,27
TN,37012,20,41,26,19
TN,37013,15,22,21,19
TN,37014,25,18,17,18
TN,37015,37,27,8,35
TN,37016,29,21,8,26
TN,37018,13,16,27,35
TN,37019,30,33,25,14
TN,37020,21,22,10,24
TN,37022,16,27,10,26
TN,37023,31,22,11,33
TN,37024,24,40,24,23
TN,37025,17,28,22,51
TN,37026,14,42,18,44
TN,37027,26,18,13,44
TN,37028,16,27,19,42
TN,37029,29,29,15,19
TN,37030,32,38,10,35
TN,37031,19,24,16,37
TN,37032,27,28,9,33
TN,37033,27,40,7,30
TN,37034,24,37,19,47
TN,37035,35,25,9,32
TN,37036,19,16,8,30
TN,37037,26,25,16,27
TN,37040,18,47,10,33
TN,37041,18,25,7,33
TN,37042,15,44,8,44
TN,37043,36,32,13,48
TN,37044,32,26,11,35
TN,37046,19,37,16,33
TN,37047,30,39,19,32
TN,37048,15,22,8,28
TN,37049,35,22,18,23
TN,37050,30,27,22,19
TN,37051,36,48,11,40
TN,37052,28,28,20,15
TN,37055,25,35,10,21
TN,37056,14,38,11,28
TN,37057,37,37,13,25
TN,37058,26,19,16,27
TN,37059,27,57,17,49
TN,37060,18,36,22,34
TN,37061,32,44,13,19
TN,37062,21,33,14,31
TN,37063,16,36,11,19
TN,37064,22,28,16,32
TN,37065,16,35,22,16
TN,37066,19,40,21,15
TN,37067,14,26,21,40
TN,37068,26,26,26,31
TN,37069,32,18,11,22
TN,37070,35,21,12,35
TN,37071,25,35,17,15
TN,37072,32,41,13,32
TN,37073,33,18,12,20
TN,37074,16,28,15,44
TN,37075,31,29,11,42
TN,37076,41,54,16,40
TN,37077,18,34,12,26
TN,37078,17,45,8,43
TN,37079,35,40,21,44
TN,37080,15,46,17,39
TN,37082,36,26,22,43
TN,37083,30,52,11,26
TN,37085,25,41,10,43
TN,37086,23,41,15,39
TN,37087,26,43,13,22
TN,37088,21,38,9,42
TN,37089,39,48,10,16
TN,37090,22,23,23,19
TN,37091,23,37,24,43
TN,37095,30,49,24,37
TN,37096,30,50,14,41
TN,37097,16,38,17,34
TN,37098,31,33,24,29
TN,37101,27,39,18,28
TN,37110,38,34,10,33
TN,37111,16,38,19,41
TN,37115,31,48,22,19
TN,37116,21,39,7,16
TN,37118,26,44,13,17
TN,37119,20,53,22,14
TN,37121,25,40,10,34
TN,37122,11,35,26,29
TN,37127,14,25,10,36
TN,37128,21,24,8,41
TN,37129,34,29,19,27
TN,37130,22,32,8,18
TN,37131,28,18,15,43
TN,37132,25,42,21,25
TN,37133,16,38,27,38
TN,37134,31,36,11,52
TN,37135,25,40,15,38
TN,37136,20,24,14,30
TN,37137,25,20,13,41
TN,37138,24,35,10,26
TN,37140,32,28,17,26
TN,37141,36,39,7,19
TN,37142,15,34,24,25
TN,37143,35,53,13,35
TN,37144,20,25,18,31
TN,37145,27,17,23,15
TN,37146,23,41,13,27
TN,37148,31,22,10,29
TN,37149,20,33,19,35
TN,37150,27,33,10,31
TN,37151,21,22,15,45
TN,37152,27,48,14,32
TN,37153,13,31,9,42
TN,37160,25,44,12,42
TN,37161,36,40,20,47
TN,37162,13,24,19,44
TN,37165,27,38,11,24
TN,37166,31,34,16,42
TN,37167,39,26,26,42
TN,37171,11,19,23,32
TN,37172,21,42,20,26
TN,37174,26,30,22,38
TN,37175,18,42,17,23
TN,37178,33,41,17,20
TN,37179,31,28,11,30
TN,37180,14,30,8,19
TN,37181,21,36,22,54
TN,37183,34,21,17,33
TN,37184,28,31,25,34
TN,37185,20,25,19,40
TN,37186,38,27,17,25
TN,37187,18,27,15,20
TN,37188,16,23,24,35
TN,37189,15,20,18,18
TN,37190,16,24,16,27
TN,37191,12,27,15,31
TN,37201,21,26,18,31
TN,37202,12,40,22,40
TN,37203,17,37,9,26
TN,37204,21,41,15,20
TN,37205,38,34,14,28
TN,37206,27,28,19,31
TN,37207,30,40,23,29
TN,37208,33,28,16,27
TN,37209,17,26,21,29
TN,37210,14,35,23,34
TN,37211,16,50,21,33
TN,37212,27,39,8,16
TN,37213,27,27,12,41
TN,37214,16,23,15,18
TN,37215,36,53,8,37
TN,37216,14,46,14,31
TN,37217,29,23,25,36
TN,37218,37,36,7,24
TN,37219,25,40,14,21
TN,37220,27,22,14,19
TN,37221,17,27,26,44
TN,37222,33,28,15,34
TN,37224,11,50,20,31
TN,37227,21,40,16,49
TN,37228,22,29,16,36
TN,37229,25,36,8,31
TN,37230,23,40,15,25
TN,37232,37,41,21,25
TN,37234,27,42,7,20
TN,37235,22,23,10,13
TN,37236,27,25,10,23
TN,37237,15,22,12,18
TN,37238,25,38,10,20
TN,37240,19,26,21,38
TN,37241,23,25,19,21
TN,37242,38,43,19,29
TN,37243,33,46,11,17
TN,37244,27,35,13,17
TN,37245,30,28,8,29
TN,37246,14,33,10,27
TN,37247,18,50,19,28
TN,37248,37,27,20,34
TN,37249,35,22,18,20
TN,37250,19,48,15,38
TN,37301,20,23,22,43
TN,37302,34,20,9,39
TN,37303,23,35,12,24
TN,37304,18,32,17,35
TN,37305,17,34,23,31
TN,37306,32,46,22,19
TN,37307,19,35,11,51
TN,37308,37,45,16,17
TN,37309,32,46,17,28
TN,37310,27,38,20,29
TN,37311,22,49,24,29
TN,37312,14,41,20,34
TN,37313,12,46,22,20
TN,37314,13,38,23,23
TN,37315,12,23,14,49
TN,37316,25,21,16,28
TN,37317,18,25,25,15
TN,37318,23,31,19,20
TN,37320,25,36,9,20
TN,37321,12,19,24,37
TN,37322,34,26,16,46
TN,37323,25,29,12,31
TN,37324,32,33,23,48
TN,37325,34,33,18,40
TN,37326,29,36,16,31
TN,37327,33,51,13,21
TN,37328,32,26,17,35
TN,37329,27,33,23,25
TN,37330,25,38,22,23
TN,37331,25,47,17,43
TN,37332,27,26,19,15
TN,37333,17,25,15,39
TN,37334,18,40,15,23
TN,37335,19,51,21,18
TN,37336,18,22,8,25
TN,37337,31,49,14,24
TN,37338,28,40,7,35
TN,37339,22,32,7,40
TN,37340,19,35,20,39
TN,37341,38,27,15,53
TN,37342,21,33,20,19
TN,37343,12,41,23,23
TN,37345,32,21,10,32
TN,37347,21,36,14,36
TN,37348,27,37,12,33
TN,37349,19,49,23,22
TN,37350,27,36,23,42
TN,37351,20,40,12,29
TN,37352,30,27,14,27
TN,37353,24,40,9,55
TN,37354,26,42,20,33
TN,37355,24,25,18,35
TN,37356,22,37,22,39
TN,37357,27,27,13,26
TN,37359,32,36,20,20
TN,37360,21,31,12,22
TN,37361,19,36,18,29
TN,37362,37,44,9,14
TN,37363,36,40,21,22
TN,37364,31,24,21,38
TN,37365,24,33,15,38
TN,37366,19,21,19,19
TN,37367,23,43,17,42
TN,37369,12,46,22,25
TN,37370,21,27,11,19
TN,37371,23,30,22,27
TN,37373,34,32,24,43
TN,37374,21,56,11,20
TN,37375,26,32,22,22
TN,37376,24,22,19,26
TN,37377,34,52,16,26
TN,37378,14,53,24,26
TN,37379,38,26,18,49
TN,37380,34,48,18,29
TN,37381,29,18,9,23
TN,37382,33,33,12,31
TN,37383,34,26,22,25
TN,37384,37,32,22,19
TN,37385,17,29,11,44
TN,37387,22,53,12,40
TN,37388,31,48,23,29
TN,37389,23,51,9,20
TN,37391,36,20,18,16
TN,37394,16,39,13,50
TN,37396,28,24,21,24
TN,37397,24,19,24,49
TN,37398,12,41,10,17
TN,37401,35,20,8,20
TN,37402,19,38,23,22
TN,37403,28,25,16,27
TN,37404,40,36,22,25
TN,37405,30,46,9,32
TN,37406,31,35,9,27
TN,37407,17,53,22,23
TN,37408,33,27,23,30
TN,37409,14,37,17,38
TN,37410,36,54,11,35
TN,37411,26,22,24,23
TN,37412,30,21,9,31
TN,37414,29,53,11,21
TN,37415,30,21,11,37
TN,37416,12,23,13,44
TN,37419,14,49,22,30
TN,37421,19,34,18,21
TN,37422,12,33,19,28
TN,37424,19,24,20,22
TN,37450,15,44,11,27
TN,37501,30,45,16,18
TN,37544,30,47,20,27
TN,37601,26,30,24,34
TN,37602,17,25,20,35
TN,37604,19,22,14,34
TN,37605,14,40,11,21
TN,37614,37,46,14,25
TN,37615,16,28,18,26
TN,37616,31,18,20,39
TN,37617,26,20,8,34
TN,37618,16,45,15,15
TN,37620,22,28,24,27
TN,37621,15,42,9,34
TN,37625,15,37,12,32
TN,37640,37,34,13,15
TN,37641,12,33,25,17
TN,37642,34,38,14,50
TN,37643,34,35,19,31
TN,37644,25,36,23,21
TN,37645,18,45,13,39
TN,37650,40,39,20,14
TN,37656,31,41,19,16
TN,37657,15,32,23,47
TN,37658,32,36,9,19
TN,37659,16,36,12,35
TN,37660,18,36,13,20
TN,37662,21,31,22,29
TN,37663,27,28,16,18
TN,37664,16,26,18,45
TN,37665,33,36,17,43
TN,37669,28,38,8,19
TN,37680,39,29,24,34
TN,37681,19,35,19,28
TN,37682,26,43,25,32
TN,37683,23,41,9,38
TN,37684,33,21,11,17
TN,37686,18,22,12,37
TN,37687,21,54,20,34
TN,37688,23,31,16,46
TN,37690,16,32,11,29
TN,37691,18,31,19,31
TN,37692,19,26,18,41
TN,37694,31,21,18,24
TN,37699,33,22,24,29
TN,37701,17,34,23,36
TN,37705,25,38,20,26
TN,37707,36,37,15,21
TN,37708,36,33,13,24
TN,37709,29,26,10,21
TN,37710,14,17,15,21
TN,37711,30,32,14,13
TN,37713,26,32,24,29
TN,37714,32,44,13,14
TN,37715,33,43,22,18
TN,37716,19,32,9,24
TN,37717,32,41,21,19
TN,37719,25,22,9,41
TN,37721,37,29,19,28
TN,37722,21,26,10,20
TN,37723,26,38,12,19
TN,37724,14,24,11,22
TN,37725,17,24,8,20
TN,37726,14,51,16,21
TN,37727,26,18,7,27
TN,37729,38,44,14,34
TN,37730,30,52,26,14
TN,37731,29,39,18,33
TN,37732,23,29,14,44
TN,37733,13,28,14,42
TN,37737,14,25,14,20
TN,37738,29,35,18,19
TN,37742,15,39,9,24
TN,37743,31,25,12,20
TN,37744,32,42,9,30
TN,37745,20,25,14,34
TN,37748,20,39,24,47
TN,37752,38,43,11,20
TN,37753,16,30,10,35
TN,37754,24,26,20,17
TN,37755,17,30,10,25
TN,37756,15,25,9,18
TN,37757,24,35,15,36
TN,37760,30,34,14,19
TN,37762,22,28,12,36
TN,37763,28,35,8,28
TN,37764,20,25,7,20
TN,37765,17,28,17,32
TN,37766,13,43,8,42
TN,37769,34,29,13,36
TN,37770,30,54,20,23
TN,37771,15,35,16,37
TN,37772,28,38,14,26
TN,37773,20,52,23,49
TN,37774,23,39,15,18
TN,37777,41,35,23,46
TN,37778,40,34,17,26
TN,37779,25,42,22,20
TN,37801,29,20,25,31
TN,37802,32,37,26,23
TN,37803,21,45,11,22
TN,37804,12,21,20,26
TN,37806,26,47,22,15
TN,37807,13,33,7,39
TN,37809,17,23,10,34
TN,37810,33,21,13,18
TN,37811,19,19,13,30
TN,37813,30,38,18,48
TN,37814,29,38,19,20
TN,37815,26,25,8,18
TN,37816,11,20,15,40
TN,37818,33,17,21,40
TN,37819,16,25,20,48
TN,37820,21,38,21,32
TN,37821,24,33,13,17
TN,37822,33,35,8,25
TN,37824,19,27,23,17
TN,37825,22,30,7,20
TN,37826,12,52,8,21
TN,37828,30,43,22,22
TN,37829,19,39,15,22
TN,37830,37,48,13,30
TN,37831,27,32,16,46
TN,37840,23,38,12,22
TN,37841,12,24,17,35
TN,37843,32,39,23,50
TN,37845,33,28,25,23
TN,37846,29,79,29,65
TN,37847,30,32,19,34
TN,37848,29,53,8,33
TN,37849,33,31,8,21
TN,37851,27,31,8,22
TN,37852,41,31,16,24
TN,37853,19,35,14,41
TN,37854,40,20,24,29
TN,37857,40,22,8,22
TN,37860,37,23,19,45
TN,37861,22,52,12,32
TN,37862,18,41,12,33
TN,37863,20,50,19,35
TN,37864,13,37,24,40
TN,37865,21,35,8,45
TN,37866,11,40,22,53
TN,37867,12,17,15,40
TN,37868,13,30,17,24
TN,37869,33,34,10,41
TN,37870,14,22,19,22
TN,37871,34,28,12,13
TN,37872,18,32,15,27
TN,37873,34,42,21,34
TN,37874,28,38,14,44
TN,37876,15,28,24,22
TN,37877,16,41,17,33
TN,37878,34,38,16,41
TN,37879,21,34,16,30
TN,37880,23,31,20,16
TN,37881,27,38,23,17
TN,37882,15,25,20,46
TN,37885,12,25,15,23
TN,37886,27,32,25,27
TN,37887,18,34,24,44
TN,37888,27,53,8,25
TN,37890,34,45,12,38
TN,37891,19,43,15,26
TN,37892,32,22,11,27
TN,37901,30,50,16,35
TN,37902,23,22,17,38
TN,37909,29,43,18,43
TN,37912,34,30,14,36
TN,37914,13,33,23,32
TN,37915,32,32,10,40
TN,37916,32,27,23,20
TN,37917,28,26,15,15
TN,37918,10,41,11,20
TN,37919,16,35,13,28
TN,37920,29,33,19,38
TN,37921,14,23,23,44
TN,37922,32,32,18,44
TN,37923,19,39,15,20
TN,37924,37,36,17,32
TN,37927,26,27,19,32
TN,37928,11,48,16,34
TN,37929,38,21,16,45
TN,37930,16,18,22,36
TN,37931,24,26,25,40
TN,37932,27,33,23,38
TN,37933,24,48,13,50
TN,37934,25,37,17,19
TN,37938,35,38,10,26
TN,37939,36,37,20,25
TN,37940,20,26,20,26
TN,37950,28,30,21,16
TN,37990,30,36,17,20
TN,37995,32,23,17,14
TN,37996,14,26,23,51
TN,37997,19,47,23,38
TN,37998,30,36,20,20
TN,38001,33,38,16,33
TN,38002,12,34,8,20
TN,38004,28,24,16,21
TN,38006,30,25,22,16
TN,38007,15,23,23,52
TN,38008,14,28,13,54
TN,38010,24,28,12,52
TN,38011,14,27,18,32
TN,38012,14,49,16,45
TN,38014,30,21,20,27
TN,38015,20,55,13,22
TN,38016,23,48,20,19
TN,38017,40,27,22,34
TN,38018,20,39,15,28
TN,38019,20,34,22,47
TN,38021,19,29,19,37
TN,38023,36,19,20,40
TN,38024,16,37,12,30
TN,38025,13,32,16,35
TN,38027,27,39,13,25
TN,38028,39,28,18,40
TN,38029,18,25,21,32
TN,38030,25,21,16,41
TN,38034,31,26,15,37
TN,38036,24,17,15,28
TN,38037,35,57,17,40
TN,38039,16,32,22,24
TN,38040,32,54,13,32
TN,38041,20,37,12,23
TN,38042,19,54,11,30
TN,38044,11,24,11,28
TN,38045,34,22,7,39
TN,38046,27,43,15,21
TN,38047,22,23,22,31
TN,38048,17,51,20,20
TN,38049,14,18,21,24
TN,38050,39,31,11,40
TN,38052,30,24,10,50
TN,38053,26,33,8,15
TN,38054,13,45,23,30
TN,38055,35,43,21,20
TN,38057,26,41,24,21
TN,38058,36,45,7,30
TN,38059,11,29,16,28
TN,38060,30,48,18,25
TN,38061,13,39,24,34
TN,38063,18,28,17,42
TN,38066,21,36,19,50
TN,38067,12,47,26,17
TN,38068,16,36,24,43
TN,38069,27,26,13,31
TN,38070,19,28,24,14
TN,38071,23,21,7,32
TN,38075,33,46,25,29
TN,38076,24,29,19,45
TN,38077,32,54,9,25
TN,38079,21,47,8,23
TN,38080,24,28,18,24
TN,38083,14,38,22,30
TN,38088,15,22,9,32
TN,38101,16,44,11,20
TN,38103,34,31,9,37
TN,38104,30,42,13,25
TN,38105,20,27,15,13
TN,38106,13,17,9,38
TN,38107,33,37,14,33
TN,38108,24,38,17,43
TN,38109,29,32,10,25
TN,38110,27,31,19,27
TN,38111,32,48,14,20
TN,38112,12,28,20,31
TN,38113,33,39,23,22
TN,38114,11,17,23,38
TN,38115,35,53,8,22
TN,38116,12,36,26,35
TN,38117,36,25,18,41
TN,38118,38,54,23,21
TN,38119,12,31,14,37
TN,38120,17,28,20,20
TN,38122,11,22,18,47
TN,38124,16,42,9,36
TN,38125,31,32,9,20
TN,38126,32,31,8,18
TN,38127,35,25,14,52
TN,38128,26,24,16,15
TN,38130,15,36,16,41
TN,38131,14,38,22,19
TN,38132,14,22,15,14
TN,38133,39,52,8,23
TN,38134,20,27,17,30
TN,38135,22,20,23,22
TN,38136,36,46,22,20
TN,38137,30,45,8,39
TN,38138,35,17,12,37
TN,38139,30,26,12,28
TN,38141,34,40,27,31
TN,38142,27,33,15,29
TN,38145,15,38,20,17
TN,38147,14,31,22,20
TN,38148,17,54,16,14
TN,38150,25,21,27,43
TN,38151,16,32,19,14
TN,38152,32,23,18,37
TN,38157,20,43,16,34
TN,38159,26,34,8,41
TN,38161,39,20,10,34
TN,38163,26,46,19,28
TN,38165,15,33,12,20
TN,38166,11,24,20,25
TN,38167,22,16,21,37
TN,38168,19,38,20,29
TN,38173,16,25,25,16
TN,38174,31,33,13,28
TN,38175,31,27,16,53
TN,38177,29,45,18,30
TN,38181,32,39,9,41
TN,38182,25,38,16,43
TN,38183,24,31,21,33
TN,38184,25,34,7,22
TN,38186,18,53,10,18
TN,38187,16,43,8,46
TN,38188,30,32,11,48
TN,38190,22,48,12,26
TN,38193,16,32,9,38
TN,38194,30,18,20,34
TN,38197,12,38,15,30
TN,38201,20,34,23,51
TN,38220,21,24,11,19
TN,38221,27,27,21,16
TN,38222,30,39,16,26
TN,38223,28,27,23,19
TN,38224,31,35,13,17
TN,38225,35,29,10,26
TN,38226,25,35,15,43
TN,38227,30,25,11,45
TN,38229,38,32,22,55
TN,38230,12,55,27,27
TN,38231,33,37,24,30
TN,38232,23,20,9,30
TN,38233,26,28,11,33
TN,38235,17,36,7,15
TN,38236,21,31,15,42
TN,38237,38,26,14,37
TN,38238,18,25,25,32
TN,38240,13,44,22,39
TN,38241,22,22,22,24
TN,38242,20,24,24,31
TN,38251,18,37,8,17
TN,38253,16,52,22,43
TN,38254,20,27,15,20
TN,38255,14,37,13,42
TN,38256,33,35,11,26
TN,38257,16,42,14,20
TN,38258,29,18,13,26
TN,38259,23,31,21,17
TN,38260,23,23,22,44
TN,38261,15,38,24,30
TN,38271,28,28,21,22
TN,38281,21,45,14,36
TN,38301,32,24,19,25
TN,38302,19,31,10,25
TN,38303,35,39,12,23
TN,38305,31,37,17,47
TN,38308,17,34,16,17
TN,38310,23,19,10,38
TN,38311,30,42,23,42
TN,38313,27,22,11,34
TN,38314,25,32,16,15
TN,38315,27,28,25,23
TN,38316,32,27,23,30
TN,38317,25,35,21,32
TN,38318,20,32,24,32
TN,38320,34,39,10,24
TN,38321,19,34,15,44
TN,38324,26,36,8,27
TN,38326,13,39,13,31
TN,38327,20,48,9,30
TN,38328,33,25,18,31
TN,38329,32,24,12,35
TN,38330,17,24,15,34
TN,38331,36,35,20,21
TN,38332,21,32,21,19
TN,38333,40,42,9,30
TN,38334,34,25,24,19
TN,38336,13,41,8,26
TN,38337,12,43,25,34
TN,38338,13,28,22,22
TN,38339,35,29,10,41
TN,38340,19,18,21,21
TN,38341,24,36,15,23
TN,38342,14,37,18,26
TN,38343,28,35,19,40
TN,38344,20,20,13,18
TN,38345,24,48,24,24
TN,38346,30,34,15,14
TN,38347,31,28,26,31
TN,38348,35,33,17,43
TN,38351,16,32,19,26
TN,38352,22,40,16,25
TN,38355,35,36,8,28
TN,38356,33,52,11,34
TN,38357,18,35,9,53
TN,38358,29,25,22,34
TN,38359,13,28,10,18
TN,38361,37,22,18,30
TN,38362,14,44,18,17
TN,38363,21,27,25,27
TN,38365,20,38,9,37
TN,38366,16,27,10,51
TN,38367,38,37,9,46
TN,38368,21,40,16,14
TN,38369,16,28,10,22
TN,38370,25,29,22,33
TN,38371,29,42,8,27
TN,38372,16,35,9,35
TN,38374,19,43,21,39
TN,38375,27,49,16,27
TN,38376,27,39,15,23
TN,38377,40,26,13,40
TN,38378,24,47,22,12
TN,38379,15,17,12,34
TN,38380,17,32,26,30
TN,38381,14,32,23,37
TN,38382,19,22,12,25
TN,38387,33,28,8,28
TN,38388,19,29,21,31
TN,38389,35,33,10,36
TN,38390,30,38,15,22
TN,38391,20,21,18,41
TN,38392,35,30,17,13
TN,38393,15,20,8,31
TN,38401,28,47,9,22
TN,38402,25,41,19,19
TN,38425,19,22,23,28
TN,38449,14,47,8,31
TN,38450,28,26,19,44
TN,38451,32,51,10,46
TN,38452,20,35,22,27
TN,38453,35,29,15,17
TN,38454,26,42,13,52
TN,38455,24,27,19,12
TN,38456,24,51,12,32
TN,38457,28,41,9,16
TN,38459,40,44,15,20
TN,38460,38,19,23,21
TN,38461,24,36,26,22
TN,38462,25,27,16,16
TN,38463,28,22,21,31
TN,38464,28,40,9,46
TN,38468,22,29,22,24
TN,38469,20,20,10,39
TN,38471,22,36,22,35
TN,38472,26,51,11,22
TN,38473,16,33,8,22
TN,38474,13,27,11,29
TN,38475,23,32,8,21
TN,38476,23,23,8,22
TN,38477,22,47,13,32
TN,38478,16,30,13,29
TN,38481,23,36,22,48
TN,38482,26,31,24,23
TN,38483,36,20,11,20
TN,38485,22,37,9,41
TN,38486,24,29,14,22
TN,38487,23,16,24,26
TN,38488,25,24,8,38
TN,38501,33,24,22,24
TN,38502,15,35,9,30
TN,38503,32,24,9,16
TN,38504,23,33,16,26
TN,38505,13,20,14,21
TN,38506,18,38,25,27
TN,38541,23,35,18,31
TN,38542,17,36,16,30
TN,38543,29,30,22,16
TN,38544,17,51,14,29
TN,38545,27,26,9,32
TN,38547,16,28,20,19
TN,38548,24,31,19,26
TN,38549,12,32,22,37
TN,38550,28,30,10,24
TN,38551,18,31,17,30
TN,38552,28,25,18,18
TN,38553,16,22,22,47
TN,38554,22,42,14,19
TN,38555,12,19,16,25
TN,38556,20,27,24,31
TN,38557,29,39,24,30
TN,38558,18,34,9,25
TN,38559,16,31,25,34
TN,38560,20,37,11,18
TN,38562,26,34,21,13
TN,38563,34,50,10,33
TN,38564,21,37,22,18
TN,38565,31,50,11,41
TN,38567,28,31,16,19
TN,38568,28,35,8,37
TN,38569,33,42,11,29
TN,38570,27,43,8,20
TN,38571,37,36,15,50
TN,38572,26,42,7,40
TN,38573,24,25,11,22
TN,38574,36,27,11,24
TN,38575,23,21,24,21
TN,38577,28,49,20,44
TN,38578,17,45,21,33
TN,38579,19,40,9,19
TN,38580,22,22,21,19
TN,38581,37,35,11,16
TN,38582,27,25,8,20
TN,38583,19,30,9,47
TN,38585,25,25,11,30
TN,38587,13,40,21,43
TN,38588,29,41,19,27
TN,38589,30,43,19,28
MS,38601,21,21,18,29
MS,38602,13,53,13,27
MS,38603,38,34,8,21
MS,38606,20,44,15,37
MS,38609,18,38,13,25
MS,38610,25,33,24,39
MS,38611,19,28,11,38
MS,38614,39,24,20,32
MS,38617,37,19,25,13
MS,38618,25,32,12,21
MS,38619,23,27,9,35
MS,38620,28,31,15,25
MS,38621,16,28,19,25
MS,38622,19,22,19,20
MS,38623,14,26,22,24
MS,38625,23,30,26,18
MS,38626,31,20,17,37
MS,38627,31,24,21,23
MS,38628,16,19,10,28
MS,38629,18,40,17,23
MS,38630,13,39,9,37
MS,38631,26,40,17,36
MS,38632,20,49,15,31
MS,38633,18,23,19,19
MS,38634,19,26,13,32
MS,38635,24,37,10,25
MS,38637,25,24,23,20
MS,38638,30,31,23,22
MS,38639,21,25,20,31
MS,38641,17,31,10,29
MS,38642,36,32,18,23
MS,38643,26,36,14,43
MS,38644,23,24,8,17
MS,38645,26,29,8,25
MS,38646,21,44,14,41
MS,38647,40,30,17,44
MS,38649,33,42,21,28
MS,38650,25,26,14,23
MS,38651,23,20,11,24
MS,38652,22,42,15,22
MS,38654,35,23,16,24
MS,38655,23,34,17,21
MS,38658,30,20,18,33
MS,38659,35,28,13,46
MS,38661,28,43,10,27
MS,38663,36,46,20,18
MS,38664,34,20,9,53
MS,38665,38,46,8,32
MS,38666,37,43,24,39
MS,38668,27,30,11,50
MS,38669,14,21,20,40
MS,38670,22,20,7,26
MS,38671,32,47,22,29
MS,38672,13,35,25,35
MS,38673,26,24,8,33
MS,38674,22,34,25,41
MS,38675,33,30,9,26
MS,38676,36,46,11,28
MS,38677,20,28,22,45
MS,38679,19,30,15,23
MS,38680,39,25,10,27
MS,38683,25,41,16,38
MS,38685,21,35,16,36
MS,38686,23,23,22,14
MS,38701,12,44,11,43
MS,38702,27,33,13,41
MS,38703,11,40,14,18
MS,38704,20,41,15,43
MS,38720,11,54,18,33
MS,38721,18,49,23,53
MS,38722,19,38,9,33
MS,38723,13,35,14,23
MS,38725,27,22,21,30
MS,38726,31,24,21,50
MS,38730,16,43,12,35
MS,38731,16,22,16,31
MS,38732,22,37,11,34
MS,38733,30,37,17,44
MS,38736,28,32,17,24
MS,38737,14,35,9,20
MS,38738,13,42,13,24
MS,38739,31,48,10,50
MS,38740,20,44,19,42
MS,38744,27,23,7,21
MS,38745,33,38,18,19
MS,38746,21,31,14,18
MS,38748,16,31,26,33
MS,38749,32,34,24,14
MS,38751,16,39,10,16
MS,38753,33,27,16,40
MS,38754,12,50,25,27
MS,38756,18,44,8,35
MS,38759,31,28,18,52
MS,38760,34,17,10,31
MS,38761,38,21,14,22
MS,38762,17,16,9,44
MS,38764,13,36,19,26
MS,38765,37,40,22,18
MS,38767,35,35,11,19
MS,38768,11,35,23,14
MS,38769,25,38,18,26
MS,38771,31,21,22,13
MS,38772,23,18,17,16
MS,38773,22,31,23,19
MS,38774,41,32,18,20
MS,38776,12,50,11,32
MS,38778,15,26,22,25
MS,38780,21,38,25,20
MS,38781,17,30,24,29
MS,38782,28,23,18,29
MS,38801,26,36,17,21
MS,38802,34,34,12,37
MS,38803,25,39,8,32
MS,38804,28,41,9,40
MS,38820,17,43,14,38
MS,38821,30,22,18,39
MS,38824,18,19,16,40
MS,38825,34,23,16,34
MS,38826,13,18,18,28
MS,38827,14,31,23,21
MS,38828,21,32,8,46
MS,38829,13,23,18,33
MS,38833,19,36,18,39
MS,38834,25,23,18,39
MS,38835,26,33,13,31
MS,38838,24,39,11,27
MS,38839,30,23,22,45
MS,38841,28,29,11,29
MS,38843,25,27,18,14
MS,38844,23,34,14,38
MS,38846,25,32,13,28
MS,38847,16,22,17,22
MS,38848,34,34,9,18
MS,38849,40,36,10,14
MS,38850,29,30,20,22
MS,38851,40,44,33,67
MS,38852,21,18,14,27
MS,38855,17,23,22,28
MS,38856,15,24,18,15
MS,38857,13,37,17,47
MS,38858,39,28,17,27
MS,38859,35,30,19,25
MS,38860,34,32,15,30
MS,38862,16,29,18,27
MS,38863,13,27,22,23
MS,38864,24,32,11,30
MS,38865,13,41,22,24
MS,38866,19,45,23,21
MS,38868,27,37,12,29
MS,38869,22,16,22,33
MS,38870,14,33,21,35
MS,38871,31,38,20,17
MS,38873,31,56,15,27
MS,38874,33,27,19,15
MS,38875,16,43,21,20
MS,38876,30,44,23,16
MS,38877,20,29,24,18
MS,38878,19,23,21,23
MS,38879,12,53,7,24
MS,38880,29,38,20,26
MS,38901,19,31,14,18
MS,38902,30,36,18,22
MS,38913,20,29,18,35
MS,38914,32,20,11,23
MS,38915,29,32,19,31
MS,38916,16,24,13,34
MS,38917,27,36,11,20
MS,38920,20,31,26,26
MS,38921,14,45,15,52
MS,38922,20,30,23,27
MS,38923,15,50,16,44
MS,38924,16,32,8,26
MS,38925,14,26,18,26
MS,38926,26,50,15,41
MS,38927,33,30,25,14
MS,38928,16,23,12,45
MS,38929,12,23,24,20
MS,38930,21,27,22,40
MS,38935,30,32,23,36
MS,38940,17,30,19,20
MS,38941,12,18,10,20
MS,38943,35,41,11,21
MS,38944,34,21,14,29
MS,38945,29,52,9,39
MS,38946,34,50,19,32
MS,38947,26,26,8,24
MS,38948,38,50,8,35
MS,38949,21,44,19,35
MS,38950,22,31,13,28
MS,38951,24,30,8,22
MS,38952,26,29,16,27
MS,38953,35,17,21,29
MS,38954,25,36,14,44
MS,38955,21,35,18,44
MS,38957,28,49,8,14
MS,38958,12,27,10,41
MS,38959,18,49,18,23
MS,38960,32,27,22,23
MS,38961,22,41,23,30
MS,38962,34,45,20,35
MS,38963,29,34,23,26
MS,38964,26,19,16,14
MS,38965,11,40,15,33
MS,38966,24,29,17,29
MS,38967,13,19,18,46
MS,39038,20,33,20,33
MS,39039,28,31,8,40
MS,39040,16,34,11,22
MS,39041,34,24,14,34
MS,39042,31,28,23,17
MS,39043,12,21,10,52
MS,39044,39,44,7,23
MS,39045,31,35,19,20
MS,39046,14,36,24,12
MS,39047,30,39,17,20
MS,39051,19,27,21,23
MS,39054,16,35,13,19
MS,39056,26,37,21,16
MS,39057,18,36,13,30
MS,39058,21,30,20,46
MS,39059,26,28,13,33
MS,39060,11,29,9,22
MS,39061,24,31,15,26
MS,39062,34,47,9,28
MS,39063,22,47,20,15
MS,39066,36,35,21,33
MS,39067,23,22,24,32
MS,39069,26,27,19,34
MS,39071,17,47,8,27
MS,39072,15,33,11,28
MS,39073,20,39,20,28
MS,39074,25,18,20,36
MS,39077,24,44,8,34
MS,39078,13,20,20,50
MS,39079,11,22,8,40
MS,39080,29,26,12,42
MS,39081,14,23,11,45
MS,39082,15,25,18,22
MS,39083,13,44,19,20
MS,39086,37,35,17,24
MS,39087,31,51,8,43
MS,39088,31,23,8,48
MS,39090,25,39,21,14
MS,39092,31,29,10,38
MS,39094,20,42,27,37
MS,39095,25,25,16,18
MS,39096,30,19,24,19
MS,39097,20,28,16,22
MS,39098,37,43,23,23
MS,39107,14,22,10,38
MS,39108,16,29,12,20
MS,39109,29,20,19,45
MS,39110,33,16,24,39
MS,39111,23,43,17,19
MS,39113,25,34,19,40
MS,39114,12,26,26,40
MS,39115,25,31,15,37
MS,39116,12,50,18,35
MS,39117,21,46,8,29
MS,39119,21,40,16,24
MS,39120,32,47,9,34
MS,39121,16,32,9,27
MS,39122,27,53,16,26
MS,39130,11,39,26,23
MS,39140,14,26,19,31
MS,39144,14,36,10,33
MS,39145,13,40,22,15
MS,39146,27,39,13,24
MS,39148,35,51,16,50
MS,39149,29,19,13,38
MS,39150,21,41,18,38
MS,39151,19,34,22,25
MS,39152,30,50,9,39
MS,39153,19,33,16,47
MS,39154,20,31,19,42
MS,39156,12,37,16,24
MS,39157,27,36,14,28
MS,39158,25,27,12,24
MS,39159,21,38,7,16
MS,39160,19,27,20,46
MS,39161,18,33,14,37
MS,39162,14,26,18,17
MS,39163,28,35,15,29
MS,39165,13,38,23,28
MS,39166,29,27,16,32
MS,39167,21,28,19,31
MS,39168,28,41,23,24
MS,39169,24,36,25,27
MS,39170,15,38,16,25
MS,39171,32,39,17,33
MS,39173,19,32,9,31
MS,39174,17,26,14,49
MS,39175,32,17,7,30
MS,39176,15,24,13,25
MS,39177,15,32,12,38
MS,39179,31,42,18,20
MS,39180,30,46,8,32
MS,39181,27,32,13,32
MS,39182,22,28,26,29
MS,39183,34,23,16,39
MS,39189,15,41,17,27
MS,39190,28,24,17,23
MS,39191,25,32,18,42
MS,39192,17,26,10,35
MS,39193,17,33,19,27
MS,39194,16,37,11,33
MS,39201,17,23,13,29
MS,39202,29,37,16,22
MS,39203,14,24,21,20
MS,39204,25,34,23,45
MS,39205,27,27,10,23
MS,39206,20,25,18,22
MS,39207,18,22,13,26
MS,39208,22,40,12,33
MS,39209,30,46,10,22
MS,39210,22,29,20,28
MS,39211,23,23,20,21
MS,39212,22,24,18,21
MS,39213,31,30,11,19
MS,39215,24,28,17,37
MS,39216,35,26,25,53
MS,39217,18,33,13,30
MS,39218,20,27,24,18
MS,39225,27,42,19,23
MS,39232,33,24,14,23
MS,39235,13,29,19,25
MS,39236,21,32,10,50
MS,39250,33,43,12,26
MS,39269,19,35,12,12
MS,39271,19,44,12,39
MS,39272,22,39,13,32
MS,39282,10,24,11,23
MS,39283,26,40,23,18
MS,39284,27,19,16,49
MS,39286,22,37,10,21
MS,39288,30,37,26,36
MS,39289,29,34,21,27
MS,39296,16,46,25,28
MS,39298,37,22,12,41
MS,39301,20,32,10,15
MS,39302,14,39,19,37
MS,39303,31,34,11,15
MS,39304,21,25,15,32
MS,39305,15,20,14,28
MS,39307,15,23,16,19
MS,39309,27,35,16,50
MS,39320,12,49,11,44
MS,39322,22,30,21,36
MS,39323,30,43,16,29
MS,39324,21,48,17,28
MS,39325,32,35,13,39
MS,39326,31,36,19,38
MS,39327,32,36,9,32
MS,39328,12,34,9,25
MS,39330,28,36,11,34
MS,39332,20,21,22,20
MS,39335,32,24,15,37
MS,39336,19,25,14,18
MS,39337,21,34,26,35
MS,39338,24,43,12,25
MS,39339,23,25,11,33
MS,39341,25,32,27,40
MS,39342,20,53,17,35
MS,39345,23,25,15,17
MS,39346,37,28,17,25
MS,39347,11,27,12,28
MS,39348,19,50,16,25
MS,39350,37,33,11,27
MS,39352,22,22,18,40
MS,39354,17,28,17,33
MS,39355,17,37,25,19
MS,39356,16,27,12,21
MS,39358,19,28,9,25
MS,39359,16,41,11,46
MS,39360,23,39,14,29
MS,39361,13,31,20,31
MS,39362,29,45,20,22
MS,39363,29,23,25,41
MS,39364,15,50,7,19
MS,39365,26,38,15,38
MS,39366,15,23,17,43
MS,39367,19,22,13,18
MS,39401,31,27,26,24
MS,39402,11,48,11,23
MS,39403,22,44,14,24
MS,39404,24,21,9,25
MS,39406,18,26,8,33
MS,39407,20,21,12,19
MS,39421,21,25,18,39
MS,39422,33,24,8,33
MS,39423,14,36,17,23
MS,39425,22,27,16,31
MS,39426,26,29,12,36
MS,39427,17,34,10,31
MS,39428,16,32,8,30
MS,39429,15,38,9,24
MS,39436,36,40,25,25
MS,39437,33,34,7,49
MS,39439,26,23,17,25
MS,39440,31,23,23,34
MS,39441,34,26,10,19
MS,39442,36,35,15,40
MS,39443,16,19,23,30
MS,39451,32,27,21,32
MS,39452,14,34,14,25
MS,39455,18,36,22,29
MS,39456,27,31,14,43
MS,39457,32,37,19,32
MS,39459,33,40,14,30
MS,39460,33,23,8,24
MS,39461,11,40,25,40
MS,39462,25,34,20,34
MS,39463,35,25,20,33
MS,39464,18,49,8,24
MS,39465,31,37,11,14
MS,39466,31,48,18,29
MS,39470,16,38,26,36
MS,39474,23,41,7,32
MS,39475,23,17,9,44
MS,39476,17,27,24,26
MS,39477,28,29,12,29
MS,39478,29,19,20,20
MS,39479,21,24,23,27
MS,39480,18,37,25,49
MS,39481,25,26,11,33
MS,39482,25,37,16,33
MS,39483,18,22,11,35
MS,39501,18,26,14,31
MS,39502,21,21,23,27
MS,39503,27,21,18,23
MS,39505,16,35,24,43
MS,39506,33,26,22,23
MS,39507,33,36,14,38
MS,39520,34,30,11,37
MS,39521,31,27,19,35
MS,39522,16,28,19,21
MS,39525,13,24,17,36
MS,39529,19,51,10,37
MS,39530,28,38,20,19
MS,39531,11,45,22,40
MS,39532,14,39,17,36
MS,39533,15,39,8,34
MS,39534,12,37,21,26
MS,39535,13,56,9,15
MS,39540,25,31,12,38
MS,39552,18,31,23,27
MS,39553,23,33,8,21
MS,39555,26,23,19,28
MS,39556,22,32,17,23
MS,39558,25,33,13,25
MS,39560,41,43,18,22
MS,39561,11,26,22,35
MS,39562,30,26,10,24
MS,39563,31,24,15,15
MS,39564,14,39,9,22
MS,39565,25,40,23,22
MS,39566,21,29,11,33
MS,39567,37,43,8,29
MS,39568,34,21,19,34
MS,39569,21,34,11,14
MS,39571,36,32,15,25
MS,39572,13,20,13,21
MS,39573,31,30,8,14
MS,39574,33,20,13,32
MS,39576,21,19,12,30
MS,39577,31,42,24,27
MS,39581,40,36,18,37
MS,39595,14,37,10,31
MS,39601,14,48,9,20
MS,39602,15,31,13,44
MS,39603,15,24,20,34
MS,39629,17,27,16,33
MS,39630,36,33,18,28
MS,39631,21,26,18,30
MS,39632,20,39,7,28
MS,39633,32,34,19,31
MS,39635,14,43,15,16
MS,39638,20,47,19,17
MS,39641,19,31,11,37
MS,39643,21,40,8,38
MS,39645,17,45,19,27
MS,39647,30,37,26,19
MS,39648,29,22,18,40
MS,39649,27,51,23,23
MS,39652,17,23,23,19
MS,39653,34,33,16,25
MS,39654,20,43,9,15
MS,39656,13,30,10,28
MS,39657,32,30,8,16
MS,39661,20,35,9,31
MS,39662,21,35,18,21
MS,39663,14,43,10,29
MS,39664,32,23,13,34
MS,39665,36,41,12,25
MS,39666,36,28,21,16
MS,39667,31,26,13,34
MS,39668,37,25,10,32
MS,39669,24,23,12,22
MS,39701,22,28,7,38
MS,39702,17,56,18,24
MS,39703,14,54,7,28
MS,39704,21,27,10,39
MS,39705,24,30,24,32
MS,39710,13,36,11,36
MS,39730,24,28,21,16
MS,39735,26,44,11,15
MS,39736,30,23,8,44
MS,39737,25,35,21,28
MS,39739,10,36,17,20
MS,39740,11,38,24,45
MS,39741,11,25,19,16
MS,39743,15,31,21,19
MS,39744,36,38,15,30
MS,39745,24,30,19,13
MS,39746,40,27,11,19
MS,39747,35,49,24,31
MS,39750,31,37,10,22
MS,39751,25,42,22,23
MS,39752,23,26,13,54
MS,39753,27,35,16,27
MS,39754,28,41,21,31
MS,39755,24,30,11,38
MS,39756,12,32,12,38
MS,39759,35,32,8,27
MS,39760,14,36,24,31
MS,39762,33,23,18,35
MS,39766,40,32,26,21
MS,39767,18,54,23,15
MS,39769,38,30,22,24
MS,39771,18,29,22,34
MS,39772,14,45,14,28
MS,39773,23,24,18,17
MS,39776,17,36,18,33
GA,39813,12,20,20,15
GA,39815,35,20,11,21
GA,39817,18,37,16,30
GA,39818,29,35,9,30
GA,39819,26,38,10,24
GA,39823,35,29,19,23
GA,39824,37,35,11,34
GA,39825,23,45,23,18
GA,39826,23,19,13,30
GA,39827,24,38,11,34
GA,39828,11,29,27,18
GA,39829,28,22,25,42
GA,39832,18,54,15,26
GA,39834,36,20,17,24
GA,39836,20,31,21,43
GA,39837,29,37,24,39
GA,39840,29,28,25,45
GA,39841,14,25,8,49
GA,39842,21,42,15,33
GA,39845,33,23,15,26
GA,39846,37,33,9,16
GA,39851,25,37,7,28
GA,39852,29,44,21,23
GA,39854,24,19,15,16
GA,39859,36,21,15,15
GA,39861,23,39,11,27
GA,39862,28,37,8,34
GA,39866,19,27,18,22
GA,39867,26,52,16,18
GA,39870,23,35,18,25
GA,39877,29,23,9,42
GA,39885,26,36,13,33
GA,39886,28,26,13,22
GA,39897,23,33,22,31
GA,39901,25,50,13,50
KY,40003,32,26,17,50
KY,40004,25,28,19,18
KY,40006,12,36,25,26
KY,40007,27,48,9,53
KY,40008,16,29,22,36
KY,40009,21,34,16,34
KY,40010,24,46,18,27
KY,40011,26,34,13,27
KY,40012,24,40,21,22
KY,40013,23,21,24,45
KY,40014,30,49,7,32
KY,40018,29,54,15,37
KY,40019,22,52,11,32
KY,40020,14,47,23,34
KY,40022,29,17,25,36
KY,40023,26,46,14,49
KY,40025,19,43,19,36
KY,40026,16,38,17,46
KY,40027,34,28,10,33
KY,40031,30,35,11,35
KY,40032,28,33,22,20
KY,40033,33,45,24,38
KY,40036,30,54,17,28
KY,40037,16,45,9,33
KY,40040,34,37,13,31
KY,40041,23,31,17,17
KY,40045,20,29,19,24
KY,40046,20,19,9,41
KY,40047,20,42,24,35
KY,40048,21,23,16,51
KY,40049,28,26,12,43
KY,40050,33,50,13,49
KY,40051,22,32,25,34
KY,40052,31,17,15,22
KY,40055,29,21,9,32
KY,40056,13,40,23,27
KY,40057,11,44,19,45
KY,40058,22,42,24,24
KY,40059,24,17,19,23
KY,40060,21,22,8,31
KY,40061,18,47,20,34
KY,40062,14,40,18,39
KY,40063,19,20,20,30
KY,40065,16,22,11,31
KY,40066,26,34,7,44
KY,40067,27,33,21,30
KY,40068,21,35,10,18
KY,40069,28,29,11,46
KY,40070,21,18,21,38
KY,40071,32,56,11,32
KY,40075,34,21,7,49
KY,40076,24,46,13,22
KY,40077,33,32,20,32
KY,40078,17,34,12,33
KY,40104,22,39,15,20
KY,40107,16,21,16,37
KY,40108,34,20,14,19
KY,40109,18,32,10,33
KY,40110,14,58,12,18
KY,40111,26,41,17,48
KY,40115,32,23,9,19
KY,40117,14,33,15,35
KY,40118,28,32,16,36
KY,40119,16,31,21,22
KY,40121,27,20,25,28
KY,40122,35,31,19,48
KY,40129,14,49,16,17
KY,40140,16,30,11,34
KY,40142,15,32,9,40
KY,40143,27,37,23,39
KY,40144,20,41,23,24
KY,40145,19,46,21,22
KY,40146,33,48,15,40
KY,40150,21,35,15,46
KY,40152,19,18,13,15
KY,40153,36,48,20,35
KY,40155,17,33,10,35
KY,40157,13,34,22,19
KY,40159,26,48,12,36
KY,40160,28,41,21,22
KY,40161,23,28,19,16
KY,40162,36,34,9,15
KY,40165,20,18,18,37
KY,40166,20,37,22,20
KY,40170,17,42,11,32
KY,40171,23,29,13,42
KY,40175,13,29,8,30
KY,40176,27,28,19,19
KY,40177,16,33,18,25
KY,40178,30,45,17,29
KY,40201,16,48,17,25
KY,40202,19,17,12,34
KY,40203,19,34,8,35
KY,40204,26,32,10,21
KY,40205,13,40,25,37
KY,40206,33,23,18,35
KY,40207,14,32,22,30
KY,40208,30,26,10,35
KY,40209,17,55,17,23
KY,40210,36,51,11,30
KY,40211,12,38,20,28
KY,40212,16,16,23,29
KY,40213,12,24,22,12
KY,40214,15,37,9,16
KY,40215,28,29,26,35
KY,40216,12,23,9,34
KY,40217,34,28,27,32
KY,40218,18,39,21,43
KY,40219,36,46,15,12
KY,40220,27,46,14,27
KY,40221,30,40,12,21
KY,40222,31,39,22,30
KY,40223,29,24,13,19
KY,40224,37,48,18,42
KY,40225,31,47,11,35
KY,40228,37,37,17,24
KY,40229,20,20,13,38
KY,40231,32,40,8,24
KY,40232,16,37,18,39
KY,40233,37,30,7,41
KY,40241,35,41,20,19
KY,40242,26,36,27,52
KY,40243,19,44,24,36
KY,40245,13,18,14,36
KY,40250,16,28,11,38
KY,40251,21,30,22,17
KY,40252,14,21,19,38
KY,40253,16,40,10,36
KY,40255,15,44,18,20
KY,40256,29,32,17,23
KY,40257,36,37,21,43
KY,40258,24,33,13,38
KY,40259,40,20,24,43
KY,40261,25,43,8,16
KY,40266,34,38,15,21
KY,40268,26,26,21,30
KY,40269,28,19,26,33
KY,40270,31,36,22,29
KY,40272,13,30,21,18
KY,40280,15,42,14,16
KY,40281,31,28,16,33
KY,40282,28,36,17,32
KY,40283,21,25,10,29
KY,40285,16,28,20,22
KY,40287,20,24,19,34
KY,40289,33,27,12,21
KY,40290,34,17,18,41
KY,40291,37,35,12,35
KY,40292,14,26,9,32
KY,40293,18,17,10,36
KY,40294,24,22,13,38
KY,40295,24,19,16,28
KY,40296,13,35,11,24
KY,40297,35,23,18,16
KY,40298,32,35,13,17
KY,40299,33,35,10,40
KY,40310,26,37,17,18
KY,40311,20,30,17,32
KY,40312,34,37,9,19
KY,40313,29,33,8,43
KY,40316,16,34,18,15
KY,40317,36,31,9,22
KY,40319,16,24,25,41
KY,40322,29,49,25,27
KY,40324,22,43,18,49
KY,40328,34,36,21,17
KY,40330,25,26,23,48
KY,40334,25,23,18,23
KY,40336,12,34,13,20
KY,40337,22,28,16,18
KY,40339,40,37,20,31
KY,40340,12,41,10,26
KY,40342,11,33,19,23
KY,40346,41,25,23,33
KY,40347,23,42,11,46
KY,40348,21,44,21,37
KY,40350,15,27,12,38
KY,40351,21,41,25,37
KY,40353,16,36,17,40
KY,40355,39,43,24,29
KY,40356,23,29,15,26
KY,40357,32,21,14,33
KY,40358,19,33,22,50
KY,40359,20,20,24,17
KY,40360,29,20,21,23
KY,40361,13,41,14,50
KY,40362,23,56,11,17
KY,40363,17,19,17,14
KY,40366,14,34,10,46
KY,40370,29,45,13,34
KY,40371,21,43,15,40
KY,40372,30,31,9,23
KY,40374,19,41,9,36
KY,40376,23,55,24,31
KY,40379,34,25,20,43
KY,40380,15,47,19,15
KY,40383,30,36,14,23
KY,40384,26,44,11,42
KY,40385,33,29,22,31
KY,40386,23,21,9,31
KY,40387,20,30,13,27
KY,40390,13,22,9,33
KY,40391,20,30,24,20
KY,40392,25,38,12,21
KY,40402,16,28,8,35
KY,40403,21,48,7,40
KY,40404,36,28,11,41
KY,40405,19,53,18,46
KY,40409,32,30,20,55
KY,40410,25,36,17,34
KY,40419,23,18,17,38
KY,40422,21,33,19,33
KY,40423,20,32,14,17
KY,40434,18,45,12,42
KY,40437,17,35,18,23
KY,40440,27,29,11,35
KY,40442,22,35,25,27
KY,40444,24,36,23,37
KY,40445,36,36,9,40
KY,40446,23,50,24,22
KY,40447,26,27,18,15
KY,40448,13,37,24,40
KY,40452,28,32,25,25
KY,40456,37,43,16,32
KY,40460,37,28,22,33
KY,40461,28,41,25,22
KY,40464,29,31,19,55
KY,40468,35,39,14,38
KY,40472,27,26,23,38
KY,40473,28,42,10,22
KY,40475,20,30,13,44
KY,40476,24,27,14,28
KY,40481,25,40,13,22
KY,40484,32,43,8,37
KY,40486,15,25,24,42
KY,40488,15,46,22,35
KY,40489,39,28,21,50
KY,40492,34,37,13,20
KY,40495,29,36,12,14
KY,40502,28,49,14,28
KY,40503,33,38,17,33
KY,40504,36,20,9,34
KY,40505,17,19,9,34
KY,40506,19,49,16,38
KY,40507,16,50,11,22
KY,40508,33,43,24,14
KY,40509,18,28,16,36
KY,40510,14,42,23,43
KY,40511,32,19,22,43
KY,40512,17,30,13,25
KY,40513,30,28,10,24
KY,40514,35,26,21,39
KY,40515,18,43,17,43
KY,40516,26,43,11,22
KY,40517,21,47,12,16
KY,40522,20,38,13,24
KY,40523,21,35,23,41
KY,40524,14,29,8,33
KY,40526,15,35,17,32
KY,40533,36,47,20,21
KY,40536,25,36,11,47
KY,40544,22,25,21,29
KY,40546,17,38,15,31
KY,40550,25,29,15,28
KY,40555,15,28,27,34
KY,40574,38,24,26,27
KY,40575,33,28,14,22
KY,40576,31,28,13,25
KY,40577,27,36,24,19
KY,40578,39,34,9,14
KY,40579,38,56,23,36
KY,40580,26,33,22,50
KY,40581,35,33,24,21
KY,40582,23,22,23,18
KY,40583,34,41,18,33
KY,40588,23,27,17,34
KY,40591,32,40,11,50
KY,40598,28,48,11,42
KY,40601,35,36,17,22
KY,40602,11,34,13,43
KY,40603,34,38,24,19
KY,40604,29,45,20,38
KY,40618,35,31,12,32
KY,40619,30,35,20,37
KY,40620,23,45,23,41
KY,40621,21,31,22,34
KY,40622,41,30,9,26
KY,40701,18,30,21,21
KY,40702,34,23,16,16
KY,40724,24,38,25,15
KY,40729,29,50,16,24
KY,40730,20,45,23,37
KY,40734,24,30,17,34
KY,40737,26,19,15,42
KY,40740,19,19,23,39
KY,40741,20,41,13,18
KY,40742,23,36,21,43
KY,40743,15,34,11,51
KY,40744,30,30,15,31
KY,40745,24,26,24,50
KY,40750,32,32,9,35
KY,40754,12,27,14,23
KY,40755,15,52,10,35
KY,40759,18,57,22,20
KY,40763,12,24,27,38
KY,40769,32,31,23,25
KY,40771,13,25,21,28
KY,40801,21,42,24,32
KY,40803,21,30,12,21
KY,40806,16,21,10,32
KY,40807,13,52,15,18
KY,40808,16,50,11,41
KY,40810,20,22,13,35
KY,40813,25,29,17,20
KY,40815,26,45,14,24
KY,40816,19,24,20,40
KY,40818,27,44,26,32
KY,40819,37,42,14,50
KY,40820,22,25,7,29
KY,40823,24,33,11,26
KY,40824,27,33,16,37
KY,40826,26,38,8,30
KY,40827,20,24,19,41
KY,40828,23,39,11,37
KY,40829,38,25,15,15
KY,40830,21,40,17,29
KY,40831,17,31,20,41
KY,40840,17,49,14,18
KY,40843,23,41,16,14
KY,40844,22,21,19,23
KY,40845,23,29,14,20
KY,40847,24,46,19,30
KY,40849,28,31,22,29
KY,40854,24,17,22,20
KY,40855,13,25,12,41
KY,40856,20,48,22,52
KY,40858,34,33,12,38
KY,40862,28,21,14,27
KY,40863,29,56,17,30
KY,40865,23,31,20,32
KY,40868,12,28,21,41
KY,40870,16,23,10,48
KY,40873,30,42,19,45
KY,40874,18,30,18,25
KY,40902,25,39,23,49
KY,40903,30,33,7,30
KY,40906,24,25,11,40
KY,40913,16,32,21,40
KY,40914,39,44,11,21
KY,40915,32,37,20,49
KY,40921,13,28,7,18
KY,40923,30,35,9,19
KY,40927,15,36,15,41
KY,40930,31,41,12,33
KY,40931,25,42,7,33
KY,40932,28,41,11,15
KY,40935,37,39,11,26
KY,40939,27,44,11,16
KY,40940,21,32,18,32
KY,40941,24,19,19,41
KY,40943,14,36,22,28
KY,40944,34,30,14,19
KY,40946,32,31,24,37
KY,40949,38,34,26,35
KY,40951,18,27,10,13
KY,40953,13,19,23,42
KY,40955,36,19,18,42
KY,40958,23,20,14,30
KY,40962,17,44,9,31
KY,40964,33,38,26,30
KY,40965,33,31,17,22
KY,40972,18,43,22,30
KY,40977,31,40,24,28
KY,40979,15,43,10,13
KY,40981,15,44,20,25
KY,40982,17,40,10,21
KY,40983,15,51,7,15
KY,40988,19,33,25,15
KY,40995,31,53,17,27
KY,40997,12,48,15,34
KY,40999,28,20,16,42
KY,41001,34,35,10,24
KY,41002,39,35,9,23
KY,41003,26,29,11,38
KY,41004,37,31,20,15
KY,41005,14,32,11,13
KY,41006,34,32,16,18
KY,41007,16,37,13,41
KY,41008,32,35,26,45
KY,41010,34,51,16,20
KY,41011,37,33,10,31
KY,41012,13,19,22,55
KY,41014,35,27,7,31
KY,41015,14,21,19,34
KY,41016,20,40,20,23
KY,41017,35,43,7,40
KY,41018,32,44,8,25
KY,41019,23,46,24,33
KY,41021,19,26,19,18
KY,41022,31,42,20,21
KY,41025,26,33,16,24
KY,41030,26,35,12,38
KY,41031,21,44,15,33
KY,41033,22,23,22,24
KY,41034,35,20,23,17
KY,41035,20,41,13,21
KY,41037,35,34,23,38
KY,41039,22,33,13,38
KY,41040,28,56,7,21
KY,41041,20,35,8,30
KY,41042,30,46,22,25
KY,41043,34,44,24,39
KY,41044,15,28,19,28
KY,41045,18,45,13,34
KY,41046,22,35,26,44
KY,41048,23,46,18,52
KY,41049,15,40,10,16
KY,41051,32,39,7,30
KY,41052,20,42,9,19
KY,41053,21,44,20,43
KY,41054,22,33,13,20
KY,41055,16,25,12,20
KY,41056,13,40,10,33
KY,41059,14,27,24,26
KY,41061,19,55,17,28
KY,41062,16,20,18,26
KY,41063,26,57,22,29
KY,41064,21,28,8,19
KY,41065,12,34,23,25
KY,41071,29,40,22,14
KY,41072,35,24,16,34
KY,41073,20,33,13,20
KY,41074,13,20,11,37
KY,41075,31,21,7,27
KY,41076,16,19,18,18
KY,41080,30,42,17,21
KY,41081,35,46,7,21
KY,41083,21,45,24,22
KY,41085,37,36,14,24
KY,41086,18,33,13,29
KY,41091,12,30,21,31
KY,41092,23,18,16,36
KY,41093,39,25,7,25
KY,41094,19,43,7,20
KY,41095,40,48,22,23
KY,41096,27,35,12,53
KY,41097,25,41,26,21
KY,41098,24,33,18,22
KY,41099,32,24,10,21
KY,41101,14,26,14,19
KY,41102,32,40,19,37
KY,41105,29,40,19,23
KY,41114,36,32,9,20
KY,41121,17,31,13,34
KY,41124,31,34,13,25
KY,41128,25,49,9,42
KY,41129,27,27,21,35
KY,41132,17,23,8,49
KY,41135,31,25,19,26
KY,41139,36,25,25,32
KY,41141,39,42,22,21
KY,41142,20,27,14,32
KY,41143,26,38,15,44
KY,41144,20,24,9,29
KY,41146,23,39,8,28
KY,41149,24,35,11,28
KY,41159,21,21,16,23
KY,41160,21,32,11,21
KY,41164,23,44,7,42
KY,41166,15,32,10,37
KY,41168,34,37,13,19
KY,41169,24,51,14,25
KY,41171,19,27,13,53
KY,41173,13,46,9,23
KY,41174,24,47,22,35
KY,41175,36,29,23,30
KY,41179,17,23,13,49
KY,41180,21,23,7,14
KY,41181,13,43,12,29
KY,41183,16,25,10,22
KY,41189,25,36,10,41
KY,41201,20,21,20,41
KY,41203,35,35,22,31
KY,41204,29,44,24,29
KY,41214,17,19,11,33
KY,41216,16,35,14,23
KY,41219,19,52,19,21
KY,41222,28,36,15,41
KY,41224,18,29,8,16
KY,41226,23,36,23,30
KY,41230,22,35,16,21
KY,41231,25,27,25,12
KY,41232,18,23,21,29
KY,41234,21,28,10,19
KY,41238,18,27,14,31
KY,41240,14,25,15,24
KY,41250,19,32,8,41
KY,41254,28,36,24,30
KY,41255,32,52,23,51
KY,41256,29,28,7,45
KY,41257,14,24,15,29
KY,41260,25,50,21,16
KY,41262,20,44,16,28
KY,41263,31,57,25,22
KY,41264,20,31,17,19
KY,41265,20,21,8,31
KY,41267,23,36,19,21
KY,41268,20,26,25,18
KY,41271,30,38,23,44
KY,41274,21,37,16,38
KY,41301,23,40,18,39
KY,41307,29,39,9,15
KY,41310,22,41,9,29
KY,41311,12,28,7,50
KY,41313,18,40,20,25
KY,41314,19,39,23,47
KY,41317,16,52,24,25
KY,41332,14,31,9,27
KY,41333,26,29,20,25
KY,41338,13,31,11,31
KY,41339,41,18,23,22
KY,41347,26,53,17,29
KY,41348,25,38,21,37
KY,41351,30,37,10,29
KY,41352,36,38,19,21
KY,41360,31,26,19,18
KY,41362,37,38,23,41
KY,41364,40,44,7,20
KY,41365,27,31,18,22
KY,41366,35,39,24,26
KY,41367,28,28,22,38
KY,41368,15,39,9,42
KY,41385,23,54,16,51
KY,41386,23,45,20,35
KY,41390,29,36,12,19
KY,41397,16,22,13,37
KY,41408,18,31,10,22
KY,41413,22,28,20,29
KY,41421,29,44,15,44
KY,41425,20,26,21,24
KY,41426,14,28,25,31
KY,41433,22,22,25,23
KY,41451,25,41,18,20
KY,41459,31,41,10,43
KY,41464,25,42,15,32
KY,41465,28,29,20,31
KY,41472,11,36,20,34
KY,41477,24,38,25,29
KY,41501,31,28,19,34
KY,41502,19,27,24,31
KY,41503,15,19,11,37
KY,41512,12,22,16,50
KY,41513,12,22,21,21
KY,41514,27,44,9,24
KY,41517,27,30,9,47
KY,41519,36,22,17,39
KY,41520,15,31,15,34
KY,41522,21,32,17,29
KY,41524,26,25,15,18
KY,41526,25,28,14,42
KY,41527,34,20,26,28
KY,41528,32,29,23,30
KY,41531,23,16,8,34
KY,41534,36,47,15,18
KY,41535,30,36,22,32
KY,41537,21,27,13,42
KY,41538,36,26,26,16
KY,41539,15,19,10,17
KY,41540,30,41,20,24
KY,41542,34,42,15,23
KY,41543,25,30,15,26
KY,41544,21,48,15,20
KY,41547,14,32,12,48
KY,41548,29,26,12,42
KY,41549,13,21,25,47
KY,41553,15,43,12,24
KY,41554,13,22,18,51
KY,41555,20,23,26,13
KY,41557,16,29,15,37
KY,41558,16,47,21,19
KY,41559,24,18,14,25
KY,41560,11,35,23,44
KY,41561,29,49,14,16
KY,41562,17,28,7,20
KY,41563,23,21,18,18
KY,41564,18,58,20,31
KY,41566,27,19,21,47
KY,41567,22,35,24,20
KY,41568,25,29,24,13
KY,41571,38,31,8,29
KY,41572,32,41,8,35
KY,41601,36,38,22,30
KY,41602,22,50,22,45
KY,41603,20,42,11,22
KY,41604,27,56,15,45
KY,41605,17,33,9,50
KY,41606,18,43,16,40
KY,41607,29,27,19,29
KY,41612,34,17,18,15
KY,41615,21,38,25,51
KY,41616,13,28,11,16
KY,41619,27,29,19,36
KY,41621,29,31,10,45
KY,41622,14,28,10,23
KY,41630,17,30,21,38
KY,41631,22,33,21,35
KY,41632,17,32,22,28
KY,41635,18,51,14,22
KY,41636,37,23,16,24
KY,41640,17,47,19,24
KY,41642,29,44,22,47
KY,41643,35,35,17,44
KY,41645,29,31,10,37
KY,41647,25,28,20,45
KY,41649,39,42,25,42
KY,41650,15,26,13,35
KY,41651,32,28,15,47
KY,41653,14,24,7,30
KY,41655,13,23,24,24
KY,41659,28,43,25,30
KY,41660,29,43,21,48
KY,41663,19,38,21,40
KY,41666,34,32,13,31
KY,41667,24,31,21,29
KY,41669,20,32,10,28
KY,41701,20,30,24,25
KY,41702,28,42,21,36
KY,41712,19,28,18,22
KY,41713,27,18,21,28
KY,41714,22,27,14,18
KY,41719,38,21,20,19
KY,41721,25,39,7,28
KY,41722,31,39,15,43
KY,41723,16,36,9,46
KY,41725,24,34,8,19
KY,41727,24,33,21,32
KY,41729,14,30,15,31
KY,41731,31,46,7,19
KY,41735,35,73,20,64
KY,41736,20,40,7,13
KY,41739,27,21,22,20
KY,41740,31,47,22,27
KY,41743,28,34,20,33
KY,41745,14,55,25,23
KY,41746,19,37,25,27
KY,41747,30,34,15,35
KY,41749,19,35,9,24
KY,41751,24,32,11,47
KY,41754,12,28,14,33
KY,41759,24,20,12,31
KY,41760,12,23,15,15
KY,41762,41,24,10,23
KY,41763,27,24,22,18
KY,41764,35,21,14,18
KY,41766,25,28,10,29
KY,41772,19,29,23,52
KY,41773,22,21,24,17
KY,41774,27,28,23,32
KY,41775,33,42,15,45
KY,41776,14,50,9,27
KY,41777,15,21,10,48
KY,41778,35,29,21,27
KY,41804,28,42,16,36
KY,41810,35,26,23,46
KY,41812,34,31,17,33
KY,41815,14,44,25,40
KY,41817,18,37,9,41
KY,41819,31,29,13,35
KY,41821,30,50,17,45
KY,41822,21,41,23,46
KY,41824,34,27,15,13
KY,41825,12,24,8,35
KY,41826,29,53,12,26
KY,41828,13,37,21,20
KY,41831,14,25,18,43
KY,41832,17,52,9,40
KY,41833,12,36,10,30
KY,41834,23,47,25,36
KY,41835,26,23,22,35
KY,41836,36,27,7,22
KY,41837,11,44,15,22
KY,41838,25,47,21,15
KY,41839,19,31,16,17
KY,41840,28,33,19,38
KY,41843,35,37,21,37
KY,41844,29,43,16,31
KY,41845,27,42,17,47
KY,41847,28,36,11,43
KY,41848,40,27,22,42
KY,41849,16,23,13,21
KY,41855,31,31,11,40
KY,41858,31,27,16,40
KY,41859,16,39,8,23
KY,41861,22,32,13,17
KY,41862,21,33,23,24
KY,42001,36,53,25,17
KY,42002,32,38,17,35
KY,42003,30,24,9,22
KY,42020,26,19,22,18
KY,42021,18,38,14,23
KY,42022,24,22,27,29
KY,42023,23,54,24,24
KY,42024,26,25,20,32
KY,42025,29,37,25,29
KY,42027,21,33,7,40
KY,42028,13,41,16,31
KY,42029,34,38,16,23
KY,42031,22,34,22,36
KY,42032,23,19,12,22
KY,42033,28,42,23,37
KY,42035,22,42,16,33
KY,42036,25,39,11,27
KY,42037,21,21,8,30
KY,42038,35,50,12,31
KY,42039,21,33,18,23
KY,42040,40,43,17,42
KY,42041,13,45,19,31
KY,42044,22,28,27,32
KY,42045,20,22,23,36
KY,42047,23,31,25,34
KY,42048,40,37,22,22
KY,42049,28,33,15,32
KY,42050,24,19,20,39
KY,42051,25,51,17,31
KY,42053,39,19,20,26
KY,42054,30,40,20,19
KY,42055,21,24,16,21
KY,42056,28,31,21,29
KY,42058,12,36,10,36
KY,42060,28,22,19,43
KY,42061,33,23,22,52
KY,42063,30,22,21,20
KY,42064,19,28,14,26
KY,42066,16,40,10,38
KY,42069,19,27,9,29
KY,42070,24,45,13,31
KY,42071,34,55,25,44
KY,42076,37,28,25,14
KY,42078,21,26,14,52
KY,42079,27,28,13,18
KY,42081,17,50,17,15
KY,42082,31,33,22,40
KY,42083,16,23,18,20
KY,42084,25,34,26,19
KY,42085,23,29,13,49
KY,42086,19,37,7,17
KY,42087,21,26,20,49
KY,42088,16,31,12,29
KY,42101,23,31,9,20
KY,42102,39,37,22,38
KY,42103,38,24,13,23
KY,42104,20,49,17,47
KY,42120,15,27,12,20
KY,42122,19,36,15,34
KY,42123,34,35,15,23
KY,42124,14,29,12,30
KY,42127,13,36,22,27
KY,42128,19,36,12,46
KY,42129,11,31,16,23
KY,42130,32,29,8,50
KY,42131,15,49,22,49
KY,42133,28,30,13,33
KY,42134,19,42,18,30
KY,42135,37,22,22,33
KY,42140,24,29,24,30
KY,42141,35,36,20,38
KY,42142,30,20,20,32
KY,42151,20,29,10,24
KY,42152,15,32,19,51
KY,42153,30,29,10,20
KY,42154,36,39,21,14
KY,42156,33,44,22,20
KY,42157,12,38,14,25
KY,42159,26,40,15,38
KY,42160,26,37,24,26
KY,42163,19,35,23,36
KY,42164,17,27,7,46
KY,42166,24,37,13,27
KY,42167,23,51,8,32
KY,42170,36,39,13,34
KY,42171,22,31,9,34
KY,42201,27,27,10,35
KY,42202,28,18,19,27
KY,42204,18,41,10,32
KY,42206,30,46,14,24
KY,42207,18,30,10,35
KY,42210,31,27,22,25
KY,42211,28,24,19,29
KY,42214,36,47,15,19
KY,42215,25,28,16,15
KY,42216,26,25,14,28
KY,42217,28,46,12,37
KY,42219,13,30,12,18
KY,42220,29,57,7,28
KY,42221,26,40,20,38
KY,42223,30,36,26,42
KY,42232,28,43,18,37
KY,42234,18,40,18,33
KY,42236,19,54,24,33
KY,42240,33,23,23,52
KY,42241,26,44,24,42
KY,42252,29,27,14,24
KY,42254,16,29,20,38
KY,42256,38,43,18,28
KY,42259,21,19,20,35
KY,42261,24,52,23,55
KY,42262,15,31,16,30
KY,42265,13,43,22,40
KY,42266,12,39,17,23
KY,42273,13,25,9,41
KY,42274,17,20,11,28
KY,42275,12,25,12,23
KY,42276,17,47,15,33
KY,42280,39,37,17,23
KY,42283,30,20,14,19
KY,42285,11,19,14,42
KY,42286,16,27,17,19
KY,42287,15,30,21,39
KY,42288,19,58,7,53
KY,42301,25,40,23,20
KY,42302,32,33,19,27
KY,42303,21,31,19,19
KY,42304,14,40,20,47
KY,42320,12,25,8,17
KY,42321,17,25,18,18
KY,42322,27,37,17,27
KY,42323,19,36,19,38
KY,42324,13,34,15,24
KY,42325,26,49,22,29
KY,42326,27,29,11,19
KY,42327,28,36,15,28
KY,42328,17,54,9,42
KY,42330,31,37,25,15
KY,42332,11,42,18,36
KY,42333,15,36,14,42
KY,42334,17,23,14,29
KY,42337,11,26,25,19
KY,42338,14,51,18,28
KY,42339,29,41,22,23
KY,42343,28,38,13,18
KY,42344,35,21,17,41
KY,42345,27,54,18,17
KY,42347,23,38,15,34
KY,42348,21,43,22,22
KY,42349,15,25,18,12
KY,42350,34,31,16,37
KY,42351,30,43,17,48
KY,42352,35,30,7,39
KY,42354,16,56,18,37
KY,42355,22,21,14,39
KY,42356,21,28,13,33
KY,42361,36,28,22,22
KY,42364,15,28,17,36
KY,42366,31,46,22,44
KY,42367,13,35,17,37
KY,42368,19,34,12,39
KY,42369,20,47,21,20
KY,42370,16,30,24,41
KY,42371,31,16,8,28
KY,42372,24,27,24,33
KY,42374,39,40,24,29
KY,42375,18,18,10,30
KY,42376,17,41,10,25
KY,42377,29,49,15,31
KY,42378,37,50,19,20
KY,42402,23,19,14,24
KY,42403,22,27,15,30
KY,42404,31,29,23,41
KY,42406,26,28,16,22
KY,42408,19,51,12,19
KY,42409,38,26,8,18
KY,42410,23,31,8,40
KY,42411,26,25,10,30
KY,42413,31,45,19,21
KY,42419,32,19,27,23
KY,42420,27,41,19,37
KY,42431,17,46,14,50
KY,42436,14,42,10,17
KY,42437,31,37,22,31
KY,42440,30,35,19,33
KY,42441,33,35,8,37
KY,42442,35,28,20,24
KY,42444,22,37,27,34
KY,42445,24,47,8,37
KY,42450,31,26,11,15
KY,42451,14,54,11,27
KY,42452,20,25,8,15
KY,42453,26,22,23,34
KY,42455,29,25,19,24
KY,42456,17,40,20,15
KY,42457,25,26,20,16
KY,42458,24,25,26,28
KY,42459,15,37,12,46
KY,42460,32,37,8,22
KY,42461,15,38,24,25
KY,42462,18,32,23,33
KY,42463,12,22,18,38
KY,42464,18,27,10,35
KY,42501,16,28,11,34
KY,42502,19,42,12,18
KY,42503,28,35,19,38
KY,42516,19,22,10,39
KY,42518,19,22,26,32
KY,42519,16,33,18,48
KY,42528,31,31,25,22
KY,42533,32,42,14,28
KY,42539,14,32,20,30
KY,42541,23,17,15,28
KY,42544,15,36,23,24
KY,42553,29,26,22,32
KY,42558,23,25,13,38
KY,42564,29,44,22,41
KY,42565,28,23,19,26
KY,42566,26,34,22,22
KY,42567,17,44,22,22
KY,42602,15,27,16,12
KY,42603,18,34,21,20
KY,42629,22,25,18,30
KY,42631,33,41,16,25
KY,42633,27,30,15,37
KY,42634,39,37,11,30
KY,42635,29,57,19,19
KY,42638,22,33,16,55
KY,42642,15,37,8,15
KY,42647,20,35,17,31
KY,42649,15,20,20,27
KY,42653,18,19,7,28
KY,42701,24,30,17,40
KY,42702,33,30,8,40
KY,42712,32,22,17,29
KY,42713,14,22,25,39
KY,42715,29,34,13,24
KY,42716,26,22,19,45
KY,42717,14,36,17,40
KY,42718,27,26,13,21
KY,42719,18,25,20,18
KY,42720,18,27,18,31
KY,42721,38,44,24,18
KY,42722,20,27,12,33
KY,42724,20,33,7,40
KY,42726,15,47,9,32
KY,42728,18,24,25,27
KY,42729,22,44,12,19
KY,42731,32,42,10,15
KY,42732,15,41,24,26
KY,42733,21,31,19,47
KY,42740,16,36,17,49
KY,42741,30,22,10,22
KY,42742,38,52,8,35
KY,42743,31,34,20,25
KY,42746,32,19,23,45
KY,42748,31,26,20,48
KY,42749,31,26,16,27
KY,42753,25,24,11,30
KY,42754,27,24,16,21
KY,42755,27,49,20,25
KY,42757,15,45,10,32
KY,42758,20,36,15,19
KY,42759,16,50,14,33
KY,42762,13,29,15,15
KY,42764,26,37,13,17
KY,42765,16,49,14,20
KY,42776,14,31,25,23
KY,42782,18,45,20,29
KY,42784,32,55,12,40
KY,42788,13,35,16,21
OH,43001,30,23,24,24
OH,43002,18,27,24,19
OH,43003,16,29,29,42
OH,43004,38,51,14,29
OH,43005,18,30,14,42
OH,43006,16,26,23,60
OH,43007,16,21,29,25
OH,43008,33,26,18,57
OH,43009,23,21,17,27
OH,43010,37,39,30,62
OH,43011,23,31,26,22
OH,43013,29,48,28,46
OH,43014,32,22,25,27
OH,43015,38,20,11,49
OH,43016,15,40,17,47
OH,43017,21,20,22,50
OH,43018,27,41,18,26
OH,43019,30,28,28,34
OH,43021,38,45,20,24
OH,43022,30,18,20,40
OH,43023,39,30,18,38
OH,43025,35,24,16,43
OH,43026,39,47,15,29
OH,43027,30,26,18,23
OH,43028,31,34,22,43
OH,43029,22,30,30,26
OH,43030,29,41,12,37
OH,43031,21,47,23,24
OH,43032,34,30,28,38
OH,43033,14,36,22,57
OH,43035,29,30,29,23
OH,43036,39,30,10,34
OH,43037,34,17,27,46
OH,43040,28,25,17,34
OH,43041,27,45,25,42
OH,43044,33,21,22,20
OH,43045,20,45,11,51
OH,43046,14,16,26,30
OH,43047,24,41,33,23
OH,43048,13,37,22,55
OH,43050,31,30,10,60
OH,43054,22,30,15,40
OH,43055,16,30,13,36
OH,43056,20,21,15,31
OH,43058,30,31,10,47
OH,43060,36,31,26,55
OH,43061,31,40,27,54
OH,43062,27,55,30,30
OH,43064,36,17,20,25
OH,43065,13,23,28,42
OH,43066,35,23,15,55
OH,43067,30,33,18,20
OH,43068,34,36,28,55
OH,43069,26,19,20,44
OH,43070,33,26,17,44
OH,43071,22,48,22,32
OH,43072,27,37,14,35
OH,43073,28,55,14,23
OH,43074,39,38,27,29
OH,43076,12,22,24,26
OH,43077,27,34,19,17
OH,43078,17,20,13,28
OH,43080,20,28,29,56
OH,43081,15,20,16,60
OH,43082,33,46,31,46
OH,43083,17,34,26,51
OH,43084,25,41,24,16
OH,43085,26,26,26,39
OH,43086,22,42,14,60
OH,43093,35,47,29,22
OH,43098,22,26,22,28
OH,43101,56,44,43,39
OH,43102,12,25,13,37
OH,43103,26,50,28,25
OH,43105,24,37,33,28
OH,43106,28,27,11,25
OH,43107,30,29,34,37
OH,43109,25,31,27,61
OH,43110,26,25,29,57
OH,43111,32,55,26,33
OH,43112,21,29,24,45
OH,43113,30,51,12,43
OH,43115,37,34,12,19
OH,43116,33,36,25,25
OH,43117,32,33,30,42
OH,43119,15,39,12,34
OH,43123,21,19,14,46
OH,43125,35,43,19,30
OH,43126,12,31,31,41
OH,43127,23,28,9,35
OH,43128,20,47,15,38
OH,43130,30,33,30,23
OH,43135,22,31,19,41
OH,43136,41,26,17,28
OH,43137,23,29,21,34
OH,43138,16,23,21,46
OH,43140,31,35,32,26
OH,43142,31,34,24,50
OH,43143,38,26,18,54
OH,43144,26,34,14,31
OH,43145,35,27,11,62
OH,43146,13,18,13,44
OH,43147,14,25,18,44
OH,43148,20,25,15,29
OH,43149,25,28,18,32
OH,43150,12,33,29,41
OH,43151,30,34,33,23
OH,43152,31,45,13,56
OH,43153,28,44,29,27
OH,43154,33,23,12,31
OH,43155,18,31,25,38
OH,43156,18,21,16,53
OH,43157,14,27,28,42
OH,43158,28,20,11,26
OH,43160,16,40,29,34
OH,43162,15,45,29,63
OH,43163,20,24,24,34
OH,43164,22,36,17,43
OH,43194,11,25,27,34
OH,43195,34,28,33,32
OH,43196,40,57,23,29
OH,43198,38,20,18,41
OH,43199,24,38,25,24
OH,43201,22,47,30,23
OH,43202,19,34,30,28
OH,43203,21,35,21,52
OH,43204,32,28,22,26
OH,43205,34,25,33,22
OH,43206,13,34,13,64
OH,43207,28,53,14,19
OH,43209,24,20,31,33
OH,43210,11,22,32,27
OH,43211,22,16,23,34
OH,43212,27,23,24,43
OH,43213,17,43,16,38
OH,43214,33,33,9,25
OH,43215,21,23,24,27
OH,43216,15,48,12,20
OH,43217,11,28,26,24
OH,43218,24,25,25,25
OH,43219,24,33,22,43
OH,43220,37,24,27,37
OH,43221,37,34,14,57
OH,43222,13,21,14,47
OH,43223,32,47,22,33
OH,43224,20,39,29,23
OH,43226,25,23,15,40
OH,43227,35,30,15,63
OH,43228,34,35,15,29
OH,43229,29,39,33,41
OH,43230,13,23,10,31
OH,43231,30,44,19,25
OH,43232,18,29,22,68
OH,43234,17,33,25,52
OH,43235,24,24,11,44
OH,43236,21,28,19,33
OH,43240,28,42,19,50
OH,43251,32,37,11,65
OH,43260,20,37,11,51
OH,43265,27,27,24,26
OH,43266,36,36,33,38
OH,43268,21,44,14,51
OH,43270,30,38,28,33
OH,43271,26,30,13,70
OH,43272,22,43,16,58
OH,43279,19,30,27,34
OH,43287,27,29,32,36
OH,43291,25,22,27,49
OH,43299,32,25,16,54
OH,43301,17,41,26,37
OH,43302,32,17,14,45
OH,43306,27,39,18,24
OH,43307,18,38,14,31
OH,43310,22,31,15,50
OH,43311,27,45,33,19
OH,43314,19,22,28,24
OH,43315,19,22,21,34
OH,43316,25,23,33,31
OH,43317,34,53,11,33
OH,43318,39,42,13,43
OH,43319,17,23,30,25
OH,43320,37,46,20,33
OH,43321,29,37,32,22
OH,43322,33,22,25,18
OH,43323,19,35,33,32
OH,43324,25,47,28,41
OH,43325,26,33,12,25
OH,43326,17,30,28,32
OH,43330,27,43,24,37
OH,43331,23,43,24,64
OH,43332,23,19,22,62
OH,43333,17,23,29,60
OH,43334,29,51,19,51
OH,43335,14,19,11,36
OH,43336,17,28,31,21
OH,43337,38,26,15,27
OH,43338,27,24,13,30
OH,43340,18,22,14,29
OH,43341,29,37,21,66
OH,43342,20,44,23,47
OH,43343,27,32,27,30
OH,43344,30,20,35,48
OH,43345,16,28,15,20
OH,43346,20,32,30,49
OH,43347,29,32,21,27
OH,43348,11,47,22,41
OH,43349,19,40,13,21
OH,43350,24,40,21,33
OH,43351,15,27,16,42
OH,43356,19,28,21,20
OH,43357,25,29,15,47
OH,43358,27,22,12,57
OH,43359,29,18,25,34
OH,43360,17,38,17,39
OH,43402,29,17,20,32
OH,43403,21,44,24,32
OH,43406,30,23,24,41
OH,43407,29,43,19,51
OH,43408,12,31,9,59
OH,43410,21,35,21,55
OH,43412,33,33,17,55
OH,43413,13,28,12,42
OH,43414,13,38,12,48
OH,43416,21,19,11,43
OH,43420,40,24,13,56
OH,43430,20,34,13,41
OH,43431,19,26,11,37
OH,43432,31,41,23,20
OH,43433,28,41,25,22
OH,43434,34,38,16,53
OH,43435,29,51,17,51
OH,43436,13,34,28,60
OH,43437,20,42,27,40
OH,43438,21,44,23,32
OH,43439,16,24,35,31
OH,43440,13,31,21,50
OH,43441,15,35,11,43
OH,43442,19,28,32,52
OH,43443,32,24,32,29
OH,43445,23,26,33,18
OH,43446,33,25,32,23
OH,43447,26,27,22,24
OH,43449,30,25,34,24
OH,43450,14,18,26,20
OH,43451,29,39,24,32
OH,43452,26,23,20,18
OH,43456,32,25,15,41
OH,43457,28,30,13,47
OH,43458,33,26,26,37
OH,43460,19,34,16,28
OH,43462,34,22,27,43
OH,43463,24,42,32,39
OH,43464,20,34,13,35
OH,43465,25,33,11,21
OH,43466,19,32,32,19
OH,43467,37,24,34,23
OH,43468,17,25,24,37
OH,43469,15,37,18,23
OH,43501,27,51,26,43
OH,43502,23,28,24,41
OH,43504,36,28,10,43
OH,43505,15,33,18,49
OH,43506,13,25,35,17
OH,43510,21,30,10,35
OH,43511,28,22,14,54
OH,43512,18,32,15,40
OH,43515,17,25,25,48
OH,43516,12,22,16,43
OH,43517,24,29,25,27
OH,43518,14,17,34,30
OH,43519,21,40,20,29
OH,43520,16,33,21,46
OH,43521,35,23,20,36
OH,43522,25,20,28,54
OH,43523,35,38,21,34
OH,43524,29,36,17,35
OH,43525,15,49,26,48
OH,43526,29,37,30,30
OH,43527,22,34,19,53
OH,43528,26,38,11,31
OH,43529,38,39,23,37
OH,43530,33,25,22,62
OH,43531,33,49,12,36
OH,43532,37,25,26,39
OH,43533,17,40,31,39
OH,43534,14,37,27,43
OH,43535,15,35,16,35
OH,43536,13,25,26,37
OH,43537,18,40,23,64
OH,43540,33,41,9,34
OH,43541,32,35,19,43
OH,43542,28,52,14,30
OH,43543,31,30,32,44
OH,43545,17,16,19,36
OH,43547,32,37,31,55
OH,43548,27,39,30,57
OH,43549,16,39,30,29
OH,43550,26,23,12,23
OH,43551,20,55,25,42
OH,43552,20,51,15,17
OH,43553,22,33,34,51
OH,43554,25,43,31,56
OH,43555,28,46,30,49
OH,43556,29,28,29,22
OH,43557,19,53,20,26
OH,43558,33,37,28,27
OH,43560,15,46,20,32
OH,43565,22,33,11,34
OH,43566,22,37,35,24
OH,43567,16,27,29,43
OH,43569,29,25,28,65
OH,43570,20,48,15,42
OH,43571,27,39,16,42
OH,43601,20,50,10,56
OH,43603,21,23,15,36
OH,43604,13,27,28,30
OH,43605,21,23,20,23
OH,43606,17,25,17,53
OH,43607,14,47,27,48
OH,43608,28,40,16,17
OH,43609,29,28,16,36
OH,43610,28,35,19,28
OH,43611,26,37,26,57
OH,43612,14,21,20,44
OH,43613,25,27,19,38
OH,43614,27,33,27,39
OH,43615,31,22,23,40
OH,43616,24,24,32,43
OH,43617,12,24,26,17
OH,43618,30,24,21,35
OH,43619,28,41,20,36
OH,43620,25,44,15,35
OH,43623,12,34,20,46
OH,43635,30,28,19,42
OH,43652,27,34,25,27
OH,43654,33,20,24,27
OH,43656,19,28,17,40
OH,43657,16,43,32,68
OH,43659,21,26,28,33
OH,43660,38,21,19,38
OH,43661,15,21,23,34
OH,43666,25,27,26,37
OH,43667,14,38,14,29
OH,43681,30,40,10,62
OH,43682,37,49,25,28
OH,43697,28,34,25,35
OH,43699,28,38,31,35
OH,43701,18,28,15,35
OH,43702,34,53,14,24
OH,43711,26,32,24,30
OH,43713,27,18,18,61
OH,43716,18,25,25,31
OH,43717,34,29,9,57
OH,43718,38,36,10,20
OH,43719,28,48,17,25
OH,43720,23,19,18,59
OH,43721,40,31,24,50
OH,43722,41,26,33,36
OH,43723,36,46,14,15
OH,43724,29,22,13,26
OH,43725,19,43,10,30
OH,43727,15,41,24,44
OH,43728,12,41,14,29
OH,43730,16,26,12,34
OH,43731,27,37,33,48
OH,43732,26,43,13,44
OH,43733,27,26,27,35
OH,43734,28,45,12,31
OH,43735,24,25,21,68
OH,43736,22,33,21,17
OH,43738,15,44,25,30
OH,43739,17,33,22,66
OH,43740,20,48,29,50
OH,43746,40,37,19,36
OH,43747,18,32,9,32
OH,43748,27,46,13,20
OH,43749,30,19,28,25
OH,43750,31,34,10,38
OH,43752,40,27,24,68
OH,43754,26,24,22,49
OH,43755,19,49,12,26
OH,43756,23,45,20,54
OH,43757,22,40,13,37
OH,43758,33,42,10,40
OH,43759,26,34,30,33
OH,43760,18,33,28,38
OH,43761,19,30,22,50
OH,43762,23,44,22,50
OH,43764,37,37,17,37
OH,43766,29,39,15,23
OH,43767,22,37,27,44
OH,43768,31,46,33,37
OH,43771,28,27,15,32
OH,43772,21,47,29,29
OH,43773,24,45,19,34
OH,43777,32,50,15,61
OH,43778,24,45,18,36
OH,43779,36,43,31,37
OH,43780,16,19,35,47
OH,43782,31,37,12,30
OH,43783,20,35,28,39
OH,43786,17,46,28,45
OH,43787,36,33,24,41
OH,43788,28,28,30,52
OH,43789,33,49,28,19
OH,43791,21,16,14,53
OH,43793,30,38,19,45
OH,43802,28,36,11,58
OH,43803,17,53,15,46
OH,43804,22,38,17,36
OH,43805,13,40,24,38
OH,43811,21,40,31,59
OH,43812,13,31,32,28
OH,43821,24,34,30,39
OH,43822,15,28,23,50
OH,43824,27,34,15,49
OH,43828,26,30,26,61
OH,43830,26,29,12,39
OH,43832,30,35,9,17
OH,43836,18,40,12,39
OH,43837,13,42,25,26
OH,43840,21,39,29,18
OH,43842,36,28,16,31
OH,43843,22,25,23,26
OH,43844,27,23,9,42
OH,43845,28,49,20,30
OH,43901,14,46,29,20
OH,43902,38,19,34,20
OH,43903,14,34,29,28
OH,43905,19,53,13,26
OH,43906,28,39,12,34
OH,43907,20,20,30,26
OH,43908,15,30,31,35
OH,43909,30,41,27,56
OH,43910,15,32,22,25
OH,43912,14,23,21,24
OH,43913,15,43,16,27
OH,43914,34,24,17,46
OH,43915,21,26,27,36
OH,43916,19,28,14,48
OH,43917,28,31,25,31
OH,43920,16,30,34,39
OH,43925,29,25,26,33
OH,43926,30,35,32,31
OH,43927,29,43,19,66
OH,43928,26,39,14,25
OH,43930,32,23,12,39
OH,43931,38,19,12,22
OH,43932,34,36,30,44
OH,43933,38,37,21,39
OH,43934,34,19,12,49
OH,43935,17,35,28,41
OH,43937,28,20,29,20
OH,43938,32,23,30,54
OH,43939,17,37,23,35
OH,43940,16,33,11,37
OH,43941,24,23,10,47
OH,43942,18,35,24,63
OH,43943,17,36,30,56
OH,43944,29,29,10,32
OH,43945,21,35,18,46
OH,43946,19,34,35,23
OH,43947,22,35,10,53
OH,43948,33,45,17,48
OH,43950,29,54,11,52
OH,43951,34,34,29,29
OH,43952,21,40,17,56
OH,43953,12,34,17,33
OH,43961,33,20,13,36
OH,43962,23,25,30,52
OH,43963,24,36,17,28
OH,43964,23,34,25,45
OH,43967,24,26,15,44
OH,43968,12,30,29,26
OH,43970,17,29,26,52
OH,43971,24,32,16,27
OH,43972,34,36,28,24
OH,43973,22,25,14,27
OH,43974,18,41,21,31
OH,43976,15,35,30,23
OH,43977,29,33,17,25
OH,43981,18,42,19,41
OH,43983,37,34,31,33
OH,43984,12,48,10,28
OH,43985,15,35,26,17
OH,43986,18,16,19,28
OH,43988,21,38,20,32
OH,44001,22,23,28,28
OH,44003,27,22,12,45
OH,44004,12,21,19,46
OH,44005,10,36,23,20
OH,44010,14,22,11,42
OH,44011,24,45,14,30
OH,44012,29,48,25,32
OH,44017,36,35,25,35
OH,44021,20,33,21,49
OH,44022,16,43,22,46
OH,44023,30,21,20,65
OH,44024,15,35,21,61
OH,44026,11,30,12,29
OH,44028,19,26,25,58
OH,44030,29,47,17,25
OH,44032,16,22,27,67
OH,44033,39,28,15,32
OH,44035,25,40,28,26
OH,44036,29,26,20,69
OH,44039,35,21,12,46
OH,44040,38,43,11,54
OH,44041,32,26,14,19
OH,44044,21,30,22,51
OH,44045,22,29,24,35
OH,44046,27,20,16,54
OH,44047,25,26,24,43
OH,44048,31,29,28,31
OH,44049,23,36,16,37
OH,44050,18,45,32,48
OH,44052,16,35,30,58
OH,44053,27,25,18,31
OH,44054,17,44,28,49
OH,44055,22,45,19,23
OH,44056,22,18,30,31
OH,44057,26,42,28,32
OH,44060,17,28,26,32
OH,44061,14,22,19,55
OH,44062,17,32,16,25
OH,44064,26,44,23,37
OH,44065,26,43,28,26
OH,44067,12,28,16,49
OH,44068,29,40,10,37
OH,44070,15,20,13,24
OH,44072,20,20,12,40
OH,44073,33,38,27,38
OH,44074,29,28,31,35
OH,44076,12,35,17,49
OH,44077,13,21,28,44
OH,44080,20,41,32,48
OH,44081,12,54,19,29
OH,44082,31,51,30,43
OH,44084,23,25,28,23
OH,44085,36,19,32,30
OH,44086,35,27,16,34
OH,44087,13,30,10,61
OH,44088,13,40,33,56
OH,44089,14,35,23,26
OH,44090,14,21,14,55
OH,44092,14,42,28,48
OH,44093,25,50,16,33
OH,44094,40,28,35,34
OH,44095,13,44,31,69
OH,44096,27,29,12,16
OH,44097,34,24,15,53
OH,44099,20,37,28,33
OH,44101,24,35,24,20
OH,44102,31,28,24,65
OH,44103,30,43,18,48
OH,44104,22,31,25,38
OH,44105,15,29,27,33
OH,44106,13,26,23,41
OH,44107,12,41,27,56
OH,44108,19,34,12,47
OH,44109,37,33,19,30
OH,44110,33,28,21,56
OH,44111,17,30,15,29
OH,44112,37,30,27,65
OH,44113,35,23,12,45
OH,44114,33,53,25,15
OH,44115,25,33,21,28
OH,44116,19,39,27,46
OH,44117,19,24,19,24
OH,44118,15,33,13,28
OH,44119,11,50,23,53
OH,44120,34,43,12,68
OH,44121,16,51,29,49
OH,44122,14,25,13,36
OH,44123,32,39,28,59
OH,44124,20,33,12,20
OH,44125,13,35,20,25
OH,44126,18,22,12,24
OH,44127,19,43,14,20
OH,44128,21,29,10,22
OH,44129,27,22,20,39
OH,44130,35,41,21,28
OH,44131,23,27,17,35
OH,44132,19,36,14,65
OH,44133,12,25,24,46
OH,44134,25,22,18,40
OH,44135,26,25,15,23
OH,44136,34,51,11,18
OH,44137,15,48,29,21
OH,44138,19,30,22,25
OH,44139,27,26,17,39
OH,44140,27,24,29,34
OH,44141,15,51,17,57
OH,44142,15,41,22,45
OH,44143,14,46,25,50
OH,44144,28,29,14,44
OH,44145,36,31,18,38
OH,44146,25,39,29,38
OH,44147,17,40,19,61
OH,44149,33,29,28,17
OH,44178,35,21,20,44
OH,44181,18,25,31,25
OH,44185,17,29,25,25
OH,44188,20,55,29,52
OH,44189,27,34,20,51
OH,44190,16,30,15,34
OH,44191,25,53,19,53
OH,44192,31,26,31,30
OH,44193,20,49,18,32
OH,44194,27,23,32,42
OH,44195,20,46,35,41
OH,44197,25,22,26,31
OH,44198,14,41,29,44
OH,44199,31,48,33,55
OH,44201,21,27,25,38
OH,44202,31,39,21,40
OH,44203,17,27,18,58
OH,44210,34,25,24,60
OH,44211,33,20,11,23
OH,44212,18,29,21,38
OH,44214,29,26,11,41
OH,44215,37,40,28,29
OH,44216,24,22,30,45
OH,44217,20,24,22,54
OH,44221,27,27,26,21
OH,44222,27,20,20,34
OH,44223,37,40,30,44
OH,44224,39,37,29,20
OH,44230,31,41,25,29
OH,44231,26,27,10,36
OH,44232,26,27,19,58
OH,44233,20,28,14,49
OH,44234,18,42,14,31
OH,44235,18,47,24,45
OH,44236,25,37,11,28
OH,44237,16,31,11,40
OH,44240,29,41,35,38
OH,44241,12,31,12,22
OH,44242,21,23,26,22
OH,44243,32,36,11,49
OH,44250,33,45,29,59
OH,44251,16,24,22,28
OH,44253,29,26,23,34
OH,44254,21,35,13,42
OH,44255,23,28,17,46
OH,44256,35,26,23,33
OH,44258,31,33,15,61
OH,44260,29,24,25,44
OH,44262,15,27,23,36
OH,44264,20,49,25,22
OH,44265,35,34,26,45
OH,44266,22,18,16,25
OH,44270,33,25,23,58
OH,44272,33,29,10,47
OH,44273,29,33,30,34
OH,44274,13,41,17,38
OH,44275,28,34,23,44
OH,44276,37,29,16,25
OH,44278,34,20,28,61
OH,44280,11,36,15,31
OH,44281,15,48,30,47
OH,44282,28,31,28,64
OH,44285,29,44,24,35
OH,44286,20,32,30,20
OH,44287,27,22,18,24
OH,44288,23,49,13,35
OH,44301,11,34,13,41
OH,44302,27,48,20,45
OH,44303,29,24,22,34
OH,44304,35,43,26,36
OH,44305,37,35,21,31
OH,44306,32,25,14,37
OH,44307,22,33,15,33
OH,44308,32,29,14,64
OH,44309,14,35,13,44
OH,44310,17,25,28,28
OH,44311,28,40,17,34
OH,44312,25,45,21,36
OH,44313,17,21,23,50
OH,44314,28,24,19,40
OH,44315,16,24,30,42
OH,44316,22,23,16,21
OH,44317,15,36,15,25
OH,44319,22,28,26,39
OH,44320,13,22,11,25
OH,44321,27,32,9,47
OH,44322,25,34,29,27
OH,44325,28,29,17,25
OH,44326,30,45,32,46
OH,44328,21,36,12,45
OH,44333,27,52,24,27
OH,44334,32,33,33,42
OH,44372,24,42,23,24
OH,44393,29,34,16,55
OH,44396,12,22,28,41
OH,44398,30,53,23,22
OH,44399,25,24,27,60
OH,44401,24,40,23,20
OH,44402,27,16,17,40
OH,44403,36,51,25,36
OH,44404,18,24,14,28
OH,44405,13,48,17,22
OH,44406,13,33,17,36
OH,44408,19,34,24,36
OH,44410,28,24,12,35
OH,44411,15,16,12,58
OH,44412,29,25,26,24
OH,44413,13,47,28,42
OH,44415,32,29,11,43
OH,44416,20,26,29,53
OH,44417,15,24,28,33
OH,44418,17,32,24,35
OH,44420,35,30,20,52
OH,44422,31,31,19,46
OH,44423,18,28,18,28
OH,44424,26,47,11,27
OH,44425,36,50,17,18
OH,44427,24,37,15,26
OH,44428,15,47,22,19
OH,44429,36,42,27,25
OH,44430,12,17,21,60
OH,44431,12,44,24,60
OH,44432,17,43,16,40
OH,44436,12,21,27,50
OH,44437,24,18,31,46
OH,44438,25,19,23,50
OH,44439,31,49,29,30
OH,44440,30,36,21,40
OH,44441,14,37,17,42
OH,44442,22,40,18,52
OH,44443,34,27,21,38
OH,44444,27,51,19,23
OH,44445,22,35,17,48
OH,44446,32,38,24,46
OH,44449,33,33,20,51
OH,44450,29,37,21,40
OH,44451,21,23,24,38
OH,44452,24,31,26,30
OH,44453,29,19,16,43
OH,44454,16,29,19,32
OH,44455,30,32,11,34
OH,44460,28,25,13,35
OH,44470,21,38,29,21
OH,44471,21,34,24,36
OH,44473,27,23,24,34
OH,44481,29,30,21,57
OH,44482,37,33,20,50
OH,44483,15,38,26,28
OH,44484,27,30,12,30
OH,44485,24,18,33,21
OH,44486,14,27,29,23
OH,44488,22,38,29,37
OH,44490,13,18,21,40
OH,44491,16,31,26,38
OH,44492,19,34,20,42
OH,44493,32,19,25,48
OH,44501,40,22,10,23
OH,44502,26,35,12,43
OH,44503,27,36,32,30
OH,44504,27,23,24,49
OH,44505,27,40,28,41
OH,44506,23,28,23,27
OH,44507,25,20,26,32
OH,44509,17,28,24,47
OH,44510,28,37,24,56
OH,44511,20,18,22,61
OH,44512,19,34,21,17
OH,44513,24,30,26,47
OH,44514,12,42,29,41
OH,44515,30,36,15,42
OH,44555,14,24,23,51
OH,44601,26,39,29,32
OH,44606,29,28,15,52
OH,44607,22,37,16,41
OH,44608,32,25,11,48
OH,44609,23,35,15,66
OH,44610,32,34,10,54
OH,44611,22,50,28,56
OH,44612,14,24,25,52
OH,44613,28,32,16,54
OH,44614,16,28,10,21
OH,44615,33,20,20,28
OH,44617,16,29,22,49
OH,44618,23,29,14,36
OH,44619,41,26,33,32
OH,44620,25,37,25,37
OH,44621,33,33,10,50
OH,44622,30,27,33,40
OH,44624,26,30,18,47
OH,44625,40,36,23,52
OH,44626,24,24,15,48
OH,44627,21,25,28,53
OH,44628,23,25,24,60
OH,44629,29,23,25,49
OH,44630,22,24,35,37
OH,44631,14,32,28,36
OH,44632,25,50,30,36
OH,44633,36,31,15,59
OH,44634,28,43,15,64
OH,44636,18,41,22,54
OH,44637,38,36,24,46
OH,44638,24,34,28,52
OH,44639,11,34,12,27
OH,44640,15,44,15,29
OH,44641,19,31,27,57
OH,44643,21,34,23,35
OH,44644,29,27,35,16
OH,44645,24,41,35,28
OH,44646,14,37,27,38
OH,44647,28,24,16,34
OH,44648,35,29,16,43
OH,44650,29,37,20,39
OH,44651,17,41,15,58
OH,44652,25,35,24,62
OH,44653,36,42,21,36
OH,44654,26,26,24,54
OH,44656,18,36,11,20
OH,44657,31,25,13,54
OH,44659,33,35,14,40
OH,44660,15,36,10,22
OH,44661,26,26,11,33
OH,44662,23,33,15,30
OH,44663,28,40,30,56
OH,44665,37,28,16,49
OH,44666,18,25,18,41
OH,44667,14,49,34,17
OH,44669,24,19,11,35
OH,44670,32,39,19,31
OH,44671,41,34,19,27
OH,44672,16,51,24,33
OH,44675,26,30,15,50
OH,44676,29,33,27,27
OH,44677,29,31,19,35
OH,44678,25,35,28,20
OH,44679,18,47,23,35
OH,44680,29,36,14,51
OH,44681,36,21,30,42
OH,44682,11,42,22,24
OH,44683,16,38,24,62
OH,44685,19,38,14,18
OH,44687,14,28,9,48
OH,44688,29,51,17,33
OH,44689,28,32,35,30
OH,44690,30,48,27,36
OH,44691,36,35,22,34
OH,44693,18,36,11,52
OH,44695,22,32,19,30
OH,44697,22,35,26,51
OH,44699,12,21,33,43
OH,44701,29,35,26,39
OH,44702,22,41,13,16
OH,44703,34,28,25,43
OH,44704,31,18,16,25
OH,44705,16,33,12,47
OH,44706,12,28,25,57
OH,44707,27,31,34,38
OH,44708,25,45,30,19
OH,44709,27,36,21,45
OH,44710,33,23,21,32
OH,44711,21,27,13,22
OH,44714,25,21,14,42
OH,44718,38,28,17,59
OH,44720,19,35,14,56
OH,44721,25,22,32,23
OH,44730,19,25,28,70
OH,44735,27,25,20,27
OH,44750,13,16,21,15
OH,44767,31,45,26,46
OH,44799,23,28,13,27
OH,44802,13,45,17,43
OH,44804,21,39,32,42
OH,44805,22,26,15,46
OH,44807,32,48,26,44
OH,44809,21,28,19,27
OH,44811,21,18,20,43
OH,44813,37,21,23,59
OH,44814,38,37,12,38
OH,44815,18,34,28,20
OH,44816,22,35,11,30
OH,44817,17,36,20,20
OH,44818,34,30,22,38
OH,44820,20,38,12,47
OH,44822,25,21,20,50
OH,44824,27,18,28,35
OH,44825,37,43,11,48
OH,44826,15,27,27,37
OH,44827,20,43,13,42
OH,44828,14,39,27,41
OH,44830,19,22,23,52
OH,44833,23,24,11,26
OH,44836,21,32,20,22
OH,44837,24,37,19,18
OH,44838,15,32,11,42
OH,44839,19,23,17,33
OH,44840,28,38,22,33
OH,44841,13,39,18,51
OH,44842,27,50,28,21
OH,44843,41,32,25,43
OH,44844,30,32,19,65
OH,44845,22,32,21,61
OH,44846,36,25,9,36
OH,44847,23,38,11,47
OH,44848,27,50,27,33
OH,44849,22,43,34,23
OH,44850,19,48,18,34
OH,44851,26,47,28,55
OH,44853,19,44,23,41
OH,44854,26,31,23,36
OH,44855,35,43,28,26
OH,44856,38,25,16,18
OH,44857,37,27,24,26
OH,44859,34,45,32,64
OH,44860,29,36,24,20
OH,44861,36,37,24,25
OH,44862,25,25,24,27
OH,44864,18,30,10,56
OH,44865,21,30,12,55
OH,44866,18,48,23,47
OH,44867,37,31,21,39
OH,44870,16,20,19,31
OH,44871,30,30,13,58
OH,44874,18,38,15,39
OH,44875,13,34,17,32
OH,44878,33,26,31,32
OH,44880,27,45,19,38
OH,44881,22,24,15,53
OH,44882,27,40,18,25
OH,44883,15,26,10,25
OH,44887,39,38,21,48
OH,44888,10,27,13,46
OH,44889,19,31,12,26
OH,44890,26,54,20,23
OH,44901,21,19,23,31
OH,44902,33,27,19,27
OH,44903,24,22,30,47
OH,44904,27,28,22,48
OH,44905,25,47,25,46
OH,44906,30,27,25,29
OH,44907,17,36,28,46
OH,44999,28,43,13,45
OH,45001,19,53,10,21
OH,45002,14,45,24,23
OH,45003,28,25,28,18
OH,45004,19,44,29,15
OH,45005,39,38,23,40
OH,45011,26,49,28,30
OH,45012,16,52,27,28
OH,45013,27,31,31,56
OH,45014,25,22,25,27
OH,45015,25,29,30,65
OH,45018,12,40,24,26
OH,45025,20,37,19,37
OH,45026,40,45,28,45
OH,45030,14,29,18,56
OH,45032,24,46,19,28
OH,45033,30,34,17,22
OH,45034,13,37,24,61
OH,45036,35,36,26,26
OH,45039,19,17,31,46
OH,45040,20,35,21,22
OH,45041,38,54,44,48
OH,45042,11,34,20,49
OH,45043,30,38,21,22
OH,45044,28,35,22,50
OH,45050,29,20,22,51
OH,45051,38,45,21,34
OH,45052,12,33,30,53
OH,45053,15,28,33,43
OH,45054,16,41,10,65
OH,45055,34,23,21,22
OH,45056,25,49,15,43
OH,45061,26,22,25,24
OH,45062,20,36,16,22
OH,45063,16,22,14,28
OH,45064,33,28,9,48
OH,45065,16,38,16,53
OH,45066,34,33,11,31
OH,45067,22,49,15,31
OH,45068,14,27,27,43
OH,45069,38,29,31,29
OH,45070,24,19,27,39
OH,45071,24,24,21,34
OH,45101,26,51,20,41
OH,45102,17,34,16,68
OH,45103,23,38,14,33
OH,45105,14,20,11,28
OH,45106,12,46,15,26
OH,45107,19,42,24,30
OH,45110,39,42,22,47
OH,45111,22,31,12,60
OH,45112,18,26,11,19
OH,45113,25,21,18,41
OH,45114,34,30,21,66
OH,45115,30,32,16,50
OH,45118,14,28,34,34
OH,45119,30,20,30,29
OH,45120,12,30,29,21
OH,45121,31,46,17,36
OH,45122,22,49,9,48
OH,45123,22,40,22,28
OH,45130,29,28,23,44
OH,45131,36,29,28,26
OH,45132,28,32,15,39
OH,45133,26,32,17,26
OH,45135,30,26,33,34
OH,45138,12,55,33,37
OH,45140,26,47,21,25
OH,45142,24,37,23,51
OH,45144,17,39,31,55
OH,45145,36,37,34,43
OH,45146,16,28,11,51
OH,45147,50,42,31,32
OH,45148,17,40,30,42
OH,45150,18,27,14,20
OH,45152,22,20,22,29
OH,45153,22,36,30,27
OH,45154,23,37,15,18
OH,45155,29,42,21,17
OH,45156,22,47,26,40
OH,45157,28,22,20,33
OH,45158,22,39,29,19
OH,45159,11,35,23,23
OH,45160,29,29,26,63
OH,45162,14,27,16,35
OH,45164,15,34,14,42
OH,45166,30,22,21,49
OH,45167,21,22,28,20
OH,45168,29,45,15,44
OH,45169,25,27,24,26
OH,45171,30,28,26,21
OH,45172,16,29,30,20
OH,45174,16,44,10,63
OH,45176,22,41,31,23
OH,45177,33,33,26,49
OH,45201,33,29,11,24
OH,45202,35,39,30,25
OH,45203,30,29,33,22
OH,45204,28,23,23,30
OH,45205,31,30,19,37
OH,45206,16,22,24,39
OH,45207,30,46,18,32
OH,45208,32,33,22,25
OH,45209,15,51,9,26
OH,45211,32,41,12,28
OH,45212,36,25,26,45
OH,45213,17,42,13,38
OH,45214,30,48,24,34
OH,45215,18,30,27,22
OH,45216,23,29,22,38
OH,45217,20,38,13,35
OH,45218,29,23,10,32
OH,45219,16,23,20,40
OH,45220,14,22,19,48
OH,45221,14,19,12,22
OH,45222,36,45,11,25
OH,45223,33,22,10,25
OH,45224,28,30,14,51
OH,45225,30,35,13,23
OH,45226,15,32,14,25
OH,45227,14,21,27,25
OH,45228,14,54,23,27
OH,45229,19,34,10,34
OH,45230,28,21,15,37
OH,45231,40,23,21,30
OH,45232,17,49,10,52
OH,45233,33,48,13,52
OH,45234,21,29,22,45
OH,45235,22,37,24,33
OH,45236,24,40,28,31
OH,45237,15,44,29,35
OH,45238,30,36,18,17
OH,45239,31,29,21,48
OH,45240,26,46,15,47
OH,45241,12,42,17,58
OH,45242,18,41,22,53
OH,45243,36,28,13,49
OH,45244,37,41,20,53
OH,45245,21,36,15,57
OH,45246,19,21,15,19
OH,45247,19,22,16,53
OH,45248,18,22,20,36
OH,45249,13,28,13,37
OH,45250,20,24,12,18
OH,45251,36,17,10,23
OH,45252,29,55,10,29
OH,45253,11,51,16,56
OH,45254,24,46,18,39
OH,45255,17,36,24,52
OH,45258,27,19,14,49
OH,45262,19,30,9,27
OH,45263,39,31,31,57
OH,45264,15,51,10,21
OH,45267,15,31,11,39
OH,45268,30,24,29,63
OH,45269,13,34,25,38
OH,45270,25,39,26,30
OH,45271,17,39,14,23
OH,45273,20,37,10,44
OH,45274,17,27,33,36
OH,45275,34,39,22,17
OH,45277,30,23,13,20
OH,45280,31,37,16,66
OH,45296,15,16,18,57
OH,45298,17,25,26,66
OH,45299,29,40,20,37
OH,45301,40,34,20,37
OH,45302,16,20,19,39
OH,45303,27,35,14,66
OH,45304,32,21,10,48
OH,45305,17,27,26,38
OH,45306,29,48,12,33
OH,45307,17,23,11,23
OH,45308,18,28,13,35
OH,45309,35,29,21,29
OH,45310,26,28,27,22
OH,45311,28,52,12,18
OH,45312,14,37,20,52
OH,45314,27,32,21,31
OH,45315,16,26,19,59
OH,45316,15,51,28,32
OH,45317,24,26,26,28
OH,45318,17,47,20,21
OH,45319,27,19,20,26
OH,45320,10,42,11,35
OH,45321,17,19,18,27
OH,45322,18,44,32,40
OH,45323,26,38,12,31
OH,45324,18,42,26,48
OH,45325,29,42,25,34
OH,45326,34,23,29,31
OH,45327,28,43,27,34
OH,45328,24,35,13,24
OH,45330,20,53,26,53
OH,45331,15,26,18,30
OH,45332,14,41,9,44
OH,45333,26,56,30,59
OH,45334,23,36,21,48
OH,45335,16,32,26,26
OH,45336,25,34,24,52
OH,45337,24,40,30,33
OH,45338,31,38,23,18
OH,45339,29,41,9,52
OH,45340,26,30,17,20
OH,45341,32,26,13,34
OH,45342,31,73,29,78
OH,45343,19,59,25,30
OH,45344,21,50,13,25
OH,45345,20,25,24,47
OH,45346,18,32,23,39
OH,45347,39,38,12,27
OH,45348,19,48,22,17
OH,45349,18,31,18,30
OH,45350,22,51,29,62
OH,45351,24,20,15,29
OH,45352,33,45,18,59
OH,45353,32,25,13,30
OH,45354,29,43,12,45
OH,45356,38,33,13,41
OH,45358,11,22,31,51
OH,45359,41,44,10,28
OH,45360,27,21,27,34
OH,45361,27,32,31,27
OH,45362,23,35,26,25
OH,45363,26,25,28,58
OH,45365,26,39,13,30
OH,45367,19,50,28,35
OH,45368,41,28,26,40
OH,45369,25,43,30,55
OH,45370,15,21,12,46
OH,45371,30,26,11,30
OH,45372,36,45,22,35
OH,45373,27,35,15,30
OH,45374,26,36,25,30
OH,45377,22,26,13,42
OH,45378,13,48,10,41
OH,45380,15,32,30,22
OH,45381,24,55,16,43
OH,45382,13,22,34,35
OH,45383,36,33,29,20
OH,45384,35,25,23,56
OH,45385,34,33,29,55
OH,45387,35,45,9,48
OH,45388,16,27,32,27
OH,45389,11,27,27,52
OH,45390,15,38,18,64
OH,45400,20,43,16,63
OH,45401,16,36,24,30
OH,45402,28,36,29,25
OH,45403,25,38,25,47
OH,45404,28,40,14,40
OH,45405,34,31,24,41
OH,45406,18,32,27,16
OH,45408,37,41,18,29
OH,45409,21,32,11,54
OH,45410,30,34,23,51
OH,45412,31,19,19,46
OH,45413,18,51,21,45
OH,45414,31,25,25,32
OH,45415,17,25,10,19
OH,45416,24,26,29,30
OH,45417,18,30,22,20
OH,45418,27,39,13,27
OH,45419,21,43,13,41
OH,45420,14,35,12,43
OH,45422,13,25,25,48
OH,45423,12,19,26,52
OH,45424,11,38,23,32
OH,45426,22,20,13,34
OH,45427,18,28,12,53
OH,45428,28,17,32,39
OH,45429,17,48,12,47
OH,45430,15,32,12,37
OH,45431,40,31,24,33
OH,45432,34,36,28,17
OH,45433,34,20,19,36
OH,45434,30,36,18,33
OH,45435,28,41,15,20
OH,45437,23,54,33,56
OH,45439,36,30,23,21
OH,45440,22,32,14,49
OH,45441,18,21,18,33
OH,45448,28,38,26,69
OH,45449,24,25,32,48
OH,45454,20,47,9,30
OH,45458,16,20,10,39
OH,45459,38,41,28,45
OH,45463,39,23,30,23
OH,45469,20,29,28,56
OH,45470,21,30,22,53
OH,45475,20,34,15,66
OH,45479,20,36,15,27
OH,45481,22,40,18,44
OH,45482,25,24,13,22
OH,45490,38,38,20,52
OH,45501,16,33,22,26
OH,45502,26,33,13,37
OH,45503,17,26,10,18
OH,45504,20,39,10,44
OH,45505,24,28,26,32
OH,45506,21,30,15,72
OH,45601,23,45,31,28
OH,45612,26,34,9,42
OH,45613,33,27,24,43
OH,45614,24,30,12,30
OH,45616,13,43,10,50
OH,45617,14,31,22,35
OH,45618,35,44,14,28
OH,45619,31,24,12,21
OH,45620,15,29,10,59
OH,45621,16,25,18,25
OH,45622,31,42,11,20
OH,45623,37,29,21,26
OH,45624,19,40,18,52
OH,45628,31,39,15,52
OH,45629,14,34,31,45
OH,45630,28,27,19,26
OH,45631,16,24,15,46
OH,45633,21,37,35,64
OH,45634,27,21,17,35
OH,45636,32,33,21,38
OH,45638,18,23,26,43
OH,45640,25,24,15,23
OH,45642,16,36,17,33
OH,45643,26,42,31,28
OH,45644,34,50,10,27
OH,45645,28,50,21,32
OH,45646,37,27,14,55
OH,45647,33,43,18,44
OH,45648,30,35,10,39
OH,45650,23,39,27,19
OH,45651,36,33,25,50
OH,45652,24,37,22,27
OH,45653,20,22,22,34
OH,45654,24,28,10,33
OH,45656,20,31,33,62
OH,45657,16,28,21,37
OH,45658,23,33,22,32
OH,45659,35,34,27,23
OH,45660,32,33,30,43
OH,45661,23,39,23,25
OH,45662,31,36,13,55
OH,45663,19,36,24,25
OH,45669,15,23,27,38
OH,45671,25,28,25,30
OH,45672,17,41,26,40
OH,45673,34,22,34,48
OH,45674,18,30,32,46
OH,45675,21,24,31,41
OH,45677,16,38,23,28
OH,45678,34,35,19,29
OH,45679,29,28,33,26
OH,45680,23,24,17,23
OH,45681,21,27,19,39
OH,45682,27,37,28,29
OH,45683,30,47,35,59
OH,45684,28,36,14,22
OH,45685,18,38,32,38
OH,45686,28,35,18,30
OH,45687,21,56,18,38
OH,45688,25,27,29,47
OH,45690,23,26,18,21
OH,45692,30,28,17,42
OH,45693,25,22,13,54
OH,45694,32,33,24,50
OH,45695,11,22,10,23
OH,45696,34,26,10,31
OH,45697,20,44,26,36
OH,45698,21,26,26,69
OH,45699,22,47,17,26
OH,45701,13,21,16,33
OH,45710,14,38,16,45
OH,45711,36,36,17,37
OH,45712,22,16,29,69
OH,45713,34,50,22,35
OH,45714,34,26,28,43
OH,45715,27,26,23,29
OH,45716,27,31,15,30
OH,45717,14,16,14,55
OH,45719,17,47,10,40
OH,45720,24,34,11,20
OH,45721,21,17,10,50
OH,45723,18,25,29,25
OH,45724,19,20,13,23
OH,45727,38,46,15,43
OH,45729,18,40,30,21
OH,45732,30,30,18,59
OH,45734,15,46,10,25
OH,45735,15,40,27,52
OH,45739,14,54,18,48
OH,45740,25,31,33,37
OH,45741,13,27,10,27
OH,45742,37,42,29,54
OH,45743,14,31,25,45
OH,45744,16,34,13,45
OH,45745,16,24,22,38
OH,45746,20,39,30,18
OH,45750,21,26,28,29
OH,45760,17,23,25,37
OH,45761,12,34,16,69
OH,45764,14,22,28,59
OH,45766,34,31,14,40
OH,45767,31,47,31,24
OH,45768,16,44,23,34
OH,45769,27,35,24,19
OH,45770,15,26,31,34
OH,45771,22,42,17,43
OH,45772,22,31,30,32
OH,45773,20,27,32,26
OH,45775,30,19,12,44
OH,45776,21,31,26,59
OH,45777,16,21,33,49
OH,45778,33,23,32,42
OH,45779,35,32,16,40
OH,45780,33,17,29,38
OH,45782,29,19,14,36
OH,45783,26,35,19,38
OH,45784,29,27,28,36
OH,45786,25,46,21,29
OH,45787,15,36,33,26
OH,45788,24,22,17,62
OH,45789,28,42,22,44
OH,45801,38,25,12,24
OH,45802,20,42,14,22
OH,45804,22,19,13,37
OH,45805,14,44,32,46
OH,45806,15,23,13,33
OH,45807,22,39,14,24
OH,45808,21,33,23,49
OH,45809,29,25,28,38
OH,45810,12,25,18,49
OH,45812,33,46,23,58
OH,45813,28,39,35,44
OH,45814,34,36,14,34
OH,45815,17,30,23,61
OH,45816,23,22,13,52
OH,45817,22,27,35,29
OH,45819,23,50,28,48
OH,45820,40,35,21,19
OH,45821,22,28,33,24
OH,45822,38,42,17,31
OH,45826,26,28,24,54
OH,45827,29,42,30,40
OH,45828,14,53,20,22
OH,45830,34,41,24,31
OH,45831,12,32,23,54
OH,45832,21,46,23,27
OH,45833,39,20,21,58
OH,45835,29,24,12,56
OH,45836,29,24,21,40
OH,45837,21,31,28,58
OH,45838,31,36,12,44
OH,45839,20,28,25,26
OH,45840,33,45,17,63
OH,45841,36,48,17,43
OH,45843,31,37,29,28
OH,45844,26,37,18,48
OH,45845,27,21,22,39
OH,45846,20,38,19,27
OH,45848,14,35,22,37
OH,45849,28,21,16,23
OH,45850,34,53,19,36
OH,45851,22,46,9,28
OH,45853,35,32,21,33
OH,45854,29,21,14,28
OH,45855,28,32,10,49
OH,45856,30,44,31,45
OH,45858,16,45,23,56
OH,45859,19,30,19,41
OH,45860,32,46,17,45
OH,45861,28,51,22,17
OH,45862,21,28,26,30
OH,45863,18,33,12,47
OH,45864,11,49,13,31
OH,45865,25,28,14,23
OH,45866,13,29,23,42
OH,45867,28,35,10,71
OH,45868,16,20,19,24
OH,45869,15,27,33,43
OH,45870,21,26,17,32
OH,45871,36,34,29,26
OH,45872,22,37,31,29
OH,45873,14,39,30,26
OH,45874,24,43,22,62
OH,45875,17,19,21,47
OH,45876,33,44,16,39
OH,45877,14,26,22,35
OH,45879,26,30,26,34
OH,45880,26,24,23,47
OH,45881,11,32,15,32
OH,45882,17,18,27,22
OH,45883,29,36,21,21
OH,45884,35,47,24,53
OH,45885,12,21,22,43
OH,45886,13,45,23,33
OH,45887,25,36,17,47
OH,45888,17,35,23,42
OH,45889,27,43,17,28
OH,45890,18,31,17,46
OH,45891,30,32,23,24
OH,45893,24,33,17,50
OH,45894,18,54,22,36
OH,45895,18,25,28,63
OH,45896,14,45,24,49
OH,45897,31,56,27,50
OH,45898,13,51,21,51
OH,45899,32,22,14,45
OH,45999,16,26,11,27
IN,46001,25,30,25,54
IN,46011,35,48,26,20
IN,46012,23,41,18,40
IN,46013,36,24,29,60
IN,46014,27,33,10,31
IN,46015,29,34,19,56
IN,46016,11,35,29,27
IN,46017,16,25,29,56
IN,46018,18,38,12,27
IN,46030,30,34,11,37
IN,46031,50,35,33,70
IN,46032,24,43,29,40
IN,46033,32,34,14,16
IN,46034,41,47,14,32
IN,46035,35,34,14,31
IN,46036,40,36,9,37
IN,46037,23,47,29,21
IN,46038,35,34,24,21
IN,46039,33,46,19,57
IN,46040,26,34,29,35
IN,46041,22,28,9,23
IN,46044,35,33,27,51
IN,46045,18,25,10,47
IN,46047,32,33,22,45
IN,46048,31,48,14,45
IN,46049,23,32,15,41
IN,46050,23,38,27,36
IN,46051,24,26,28,31
IN,46052,32,19,10,24
IN,46055,20,25,16,46
IN,46056,25,48,14,31
IN,46057,15,34,22,57
IN,46058,32,32,11,48
IN,46060,18,36,13,28
IN,46061,25,23,18,28
IN,46062,33,21,27,26
IN,46063,14,20,19,43
IN,46064,30,21,24,40
IN,46065,31,38,19,32
IN,46067,21,25,16,40
IN,46068,33,35,14,51
IN,46069,22,30,29,38
IN,46070,23,25,25,26
IN,46071,38,31,18,36
IN,46072,18,22,27,52
IN,46074,34,40,13,51
IN,46075,23,35,30,28
IN,46076,17,28,19,45
IN,46077,36,31,24,24
IN,46082,29,33,14,33
IN,46085,11,20,27,61
IN,46102,33,49,10,60
IN,46103,21,35,35,50
IN,46104,34,23,26,69
IN,46105,12,42,19,23
IN,46106,15,41,26,24
IN,46107,20,39,14,56
IN,46110,15,41,13,47
IN,46111,31,30,9,39
IN,46112,13,40,23,22
IN,46113,14,46,33,42
IN,46115,17,20,30,42
IN,46117,25,35,15,17
IN,46118,37,47,30,34
IN,46120,19,37,34,57
IN,46121,30,25,26,55
IN,46122,23,35,27,37
IN,46123,38,41,25,20
IN,46124,40,36,12,55
IN,46125,28,19,14,37
IN,46126,15,46,27,62
IN,46127,39,28,28,27
IN,46128,21,30,15,49
IN,46129,14,44,25,30
IN,46130,24,33,10,30
IN,46131,17,36,19,23
IN,46133,11,25,28,31
IN,46135,35,26,24,48
IN,46140,13,27,30,30
IN,46142,28,32,18,67
IN,46143,24,48,10,62
IN,46144,33,28,17,60
IN,46146,14,50,23,41
IN,46147,21,54,19,36
IN,46148,36,31,28,26
IN,46149,18,33,27,25
IN,46150,16,28,27,31
IN,46151,36,26,21,51
IN,46154,27,24,29,23
IN,46155,25,48,15,32
IN,46156,21,40,10,66
IN,46157,17,28,30,66
IN,46158,29,28,29,44
IN,46160,16,31,16,42
IN,46161,36,22,12,31
IN,46162,22,49,19,35
IN,46163,32,39,15,45
IN,46164,27,22,12,40
IN,46165,27,46,20,46
IN,46166,28,19,29,31
IN,46167,13,40,13,28
IN,46168,23,26,25,41
IN,46170,28,28,15,46
IN,46171,33,40,32,40
IN,46172,19,31,30,35
IN,46173,21,36,23,51
IN,46175,23,16,26,38
IN,46176,17,42,35,52
IN,46180,13,47,28,38
IN,46181,24,32,13,52
IN,46182,28,33,29,53
IN,46183,19,39,30,40
IN,46184,20,34,21,48
IN,46186,15,29,19,41
IN,46197,15,47,21,35
IN,46201,38,27,31,34
IN,46202,20,24,25,40
IN,46203,33,43,31,63
IN,46204,32,31,27,54
IN,46205,32,34,25,45
IN,46206,38,28,19,62
IN,46207,33,30,21,27
IN,46208,25,27,16,23
IN,46209,30,31,29,35
IN,46210,36,25,17,49
IN,46211,17,30,32,37
IN,46213,25,29,26,29
IN,46214,27,25,32,63
IN,46216,34,30,23,25
IN,46217,21,30,18,47
IN,46218,29,28,21,29
IN,46219,21,30,27,43
IN,46220,23,39,10,22
IN,46221,36,37,33,42
IN,46222,14,37,15,64
IN,46223,11,35,21,37
IN,46224,27,18,26,21
IN,46225,14,32,27,20
IN,46226,23,27,14,21
IN,46227,16,19,20,34
IN,46228,13,20,11,38
IN,46229,17,37,10,43
IN,46230,36,24,19,30
IN,46231,17,26,11,45
IN,46234,15,30,23,53
IN,46235,24,42,23,28
IN,46236,18,34,28,26
IN,46237,33,35,20,19
IN,46239,37,40,27,40
IN,46240,30,47,20,42
IN,46241,22,45,16,18
IN,46242,23,37,26,36
IN,46244,24,42,11,44
IN,46247,21,32,19,27
IN,46249,33,35,11,58
IN,46250,38,28,24,24
IN,46251,16,37,14,67
IN,46253,21,24,22,44
IN,46254,13,38,33,25
IN,46255,29,39,12,25
IN,46256,16,38,11,48
IN,46259,15,38,30,53
IN,46260,20,58,27,40
IN,46262,21,50,19,20
IN,46266,26,20,26,42
IN,46268,18,35,23,51
IN,46274,32,28,13,26
IN,46275,29,26,22,40
IN,46277,34,45,21,48
IN,46278,20,27,13,50
IN,46280,21,35,12,46
IN,46282,23,24,19,58
IN,46283,20,23,23,26
IN,46285,24,30,20,50
IN,46288,28,31,30,49
IN,46290,21,35,31,27
IN,46291,14,22,11,33
IN,46295,36,28,15,49
IN,46296,29,28,28,23
IN,46298,33,48,19,35
IN,46301,39,21,29,34
IN,46302,23,44,14,53
IN,46303,31,33,25,36
IN,46304,19,27,28,33
IN,46307,31,42,13,50
IN,46308,27,43,14,31
IN,46310,16,18,29,26
IN,46311,28,27,22,46
IN,46312,50,35,36,66
IN,46319,18,18,23,22
IN,46320,16,38,22,36
IN,46321,37,27,27,41
IN,46322,16,24,27,48
IN,46323,32,37,15,35
IN,46324,22,45,21,59
IN,46325,34,25,34,63
IN,46327,29,19,21,33
IN,46340,35,19,14,29
IN,46341,17,24,22,37
IN,46342,38,36,12,65
IN,46345,11,43,21,26
IN,46346,32,42,18,56
IN,46347,35,25,13,51
IN,46348,12,27,29,40
IN,46349,27,36,28,27
IN,46350,27,34,19,32
IN,46352,29,30,21,48
IN,46355,15,37,29,26
IN,46356,29,33,29,28
IN,46360,20,36,30,27
IN,46361,33,38,21,29
IN,46365,16,19,23,20
IN,46366,12,25,13,68
IN,46368,20,29,15,24
IN,46371,12,32,24,32
IN,46372,20,43,31,49
IN,46373,15,27,10,36
IN,46374,35,33,31,59
IN,46375,25,46,18,25
IN,46376,31,21,22,53
IN,46377,14,49,27,33
IN,46379,11,38,26,49
IN,46380,24,40,32,56
IN,46381,25,49,26,47
IN,46382,26,39,14,37
IN,46383,35,20,32,26
IN,46384,18,26,14,28
IN,46385,33,32,33,29
IN,46390,22,28,14,49
IN,46391,35,48,18,63
IN,46392,26,28,27,27
IN,46393,12,44,20,51
IN,46394,28,45,22,26
IN,46401,27,31,10,39
IN,46402,16,49,32,69
IN,46403,31,48,10,38
IN,46404,23,31,14,29
IN,46405,25,35,14,50
IN,46406,28,38,17,40
IN,46407,35,48,10,26
IN,46408,25,31,11,31
IN,46409,16,38,16,39
IN,46410,12,50,28,52
IN,46411,15,38,12,33
IN,46501,37,33,11,31
IN,46502,23,32,17,70
IN,46504,15,35,11,47
IN,46506,24,40,18,34
IN,46507,26,30,14,38
IN,46508,28,43,20,39
IN,46510,25,42,33,34
IN,46511,20,25,32,23
IN,46513,28,19,13,31
IN,46514,31,33,13,42
IN,46515,19,30,30,27
IN,46516,15,29,29,44
IN,46517,13,52,27,41
IN,46524,20,39,28,51
IN,46526,29,25,18,23
IN,46527,17,48,29,57
IN,46528,15,20,16,26
IN,46530,18,42,13,39
IN,46531,29,35,23,24
IN,46532,26,24,22,29
IN,46534,14,23,11,37
IN,46536,23,37,17,39
IN,46537,17,19,33,19
IN,46538,27,19,14,47
IN,46539,28,17,17,42
IN,46540,29,47,12,35
IN,46542,28,23,27,44
IN,46543,18,31,28,42
IN,46544,28,44,30,27
IN,46545,26,29,26,38
IN,46546,25,24,18,36
IN,46550,22,27,17,58
IN,46552,28,39,19,21
IN,46553,36,27,13,49
IN,46554,30,46,27,22
IN,46555,24,43,17,41
IN,46556,39,28,12,36
IN,46561,17,37,19,38
IN,46562,23,35,26,27
IN,46563,32,41,18,40
IN,46565,18,38,10,34
IN,46567,21,35,28,53
IN,46570,23,32,19,28
IN,46571,18,57,13,55
IN,46572,12,35,14,52
IN,46573,27,36,10,40
IN,46574,36,49,26,20
IN,46580,33,38,13,65
IN,46581,24,24,15,59
IN,46582,25,26,29,27
IN,46590,14,25,22,34
IN,46595,22,50,15,37
IN,46601,12,42,28,44
IN,46604,16,49,26,54
IN,46613,18,37,28,41
IN,46614,17,37,34,49
IN,46615,31,33,12,50
IN,46616,25,37,29,18
IN,46617,21,34,13,42
IN,46619,25,23,14,39
IN,46620,19,51,16,32
IN,46624,23,42,24,36
IN,46626,36,42,24,23
IN,46628,28,45,23,27
IN,46634,14,47,17,24
IN,46635,22,23,12,63
IN,46637,11,45,9,41
IN,46660,22,23,30,43
IN,46680,15,27,17,37
IN,46699,33,47,19,21
IN,46701,27,28,24,32
IN,46702,31,32,15,40
IN,46703,15,25,26,57
IN,46704,30,42,29,27
IN,46705,26,27,20,32
IN,46706,26,26,23,28
IN,46710,34,36,21,24
IN,46711,38,22,29,37
IN,46713,18,27,21,43
IN,46714,25,20,10,47
IN,46721,30,36,18,40
IN,46723,23,36,25,50
IN,46725,22,24,14,19
IN,46730,19,40,18,57
IN,46731,40,38,29,23
IN,46732,17,22,27,58
IN,46733,27,27,17,29
IN,46737,18,21,11,31
IN,46738,15,24,17,37
IN,46740,39,38,31,35
IN,46741,32,35,31,33
IN,46742,27,18,11,21
IN,46743,27,27,28,23
IN,46745,36,32,14,48
IN,46746,24,23,13,52
IN,46747,36,25,25,44
IN,46748,24,35,31,31
IN,46750,11,30,15,25
IN,46755,29,38,17,35
IN,46759,29,37,16,34
IN,46760,26,28,22,30
IN,46761,27,22,13,41
IN,46763,28,45,12,21
IN,46764,13,37,29,45
IN,46765,29,34,12,24
IN,46766,14,36,23,39
IN,46767,24,45,19,37
IN,46769,16,26,29,36
IN,46770,29,48,25,60
IN,46771,15,37,30,42
IN,46772,18,43,28,29
IN,46773,33,38,13,25
IN,46774,12,37,15,53
IN,46776,41,40,20,43
IN,46777,28,22,19,34
IN,46778,23,25,25,33
IN,46779,25,34,20,35
IN,46780,15,35,26,38
IN,46781,15,34,19,62
IN,46782,15,26,31,69
IN,46783,26,33,18,40
IN,46784,33,48,29,63
IN,46785,20,26,15,22
IN,46786,24,28,25,48
IN,46787,25,39,28,52
IN,46788,35,46,21,24
IN,46789,27,36,12,18
IN,46791,18,30,19,24
IN,46792,16,35,25,33
IN,46793,20,31,17,41
IN,46794,24,27,21,50
IN,46795,23,28,24,36
IN,46796,23,38,13,59
IN,46797,37,40,18,47
IN,46798,30,35,26,39
IN,46799,35,46,28,19
IN,46801,26,40,12,28
IN,46802,21,33,31,24
IN,46803,34,34,26,19
IN,46804,23,24,26,38
IN,46805,38,36,11,46
IN,46806,20,24,12,48
IN,46807,15,42,27,50
IN,46808,26,44,27,18
IN,46809,23,47,24,24
IN,46814,26,50,22,37
IN,46815,31,38,32,49
IN,46816,30,31,34,51
IN,46818,30,26,23,38
IN,46819,32,35,13,38
IN,46825,40,36,16,38
IN,46835,14,29,12,36
IN,46845,19,34,30,32
IN,46850,35,52,27,54
IN,46851,17,23,10,48
IN,46852,25,44,13,36
IN,46853,34,51,29,46
IN,46854,27,20,12,30
IN,46855,19,25,23,50
IN,46856,25,22,31,46
IN,46857,35,49,29,39
IN,46858,29,36,16,35
IN,46859,23,35,33,57
IN,46860,31,42,13,32
IN,46861,14,23,35,45
IN,46862,31,42,16,53
IN,46863,29,39,9,29
IN,46864,33,55,20,50
IN,46865,21,39,21,19
IN,46866,23,39,11,41
IN,46867,23,31,28,44
IN,46868,31,19,18,32
IN,46869,11,36,10,59
IN,46885,30,49,11,54
IN,46895,33,23,18,34
IN,46896,36,24,25,67
IN,46897,32,32,27,63
IN,46898,17,27,15,47
IN,46899,29,28,10,57
IN,46901,16,29,26,42
IN,46902,16,33,25,43
IN,46903,25,31,14,28
IN,46904,19,28,18,32
IN,46910,17,34,32,31
IN,46911,18,26,12,52
IN,46912,35,30,27,43
IN,46913,15,25,15,46
IN,46914,28,33,23,33
IN,46915,16,30,31,43
IN,46916,13,48,17,41
IN,46917,15,36,18,34
IN,46919,34,23,21,43
IN,46920,31,26,29,49
IN,46921,26,35,11,37
IN,46922,35,34,15,35
IN,46923,38,71,35,31
IN,46926,16,64,37,71
IN,46928,21,39,17,29
IN,46929,23,51,12,34
IN,46930,34,24,15,58
IN,46931,36,26,20,33
IN,46932,24,19,13,22
IN,46933,16,26,10,26
IN,46935,35,40,19,56
IN,46936,13,48,9,40
IN,46937,29,24,20,19
IN,46938,30,49,28,26
IN,46939,39,55,32,38
IN,46940,29,34,17,41
IN,46941,16,37,26,28
IN,46942,10,35,17,58
IN,46943,30,45,17,32
IN,46945,27,32,24,34
IN,46946,29,32,31,28
IN,46947,28,21,14,49
IN,46950,33,41,34,29
IN,46951,12,42,23,31
IN,46952,30,49,28,23
IN,46953,20,49,25,29
IN,46957,20,37,32,62
IN,46958,21,25,18,60
IN,46959,27,46,25,22
IN,46960,26,44,16,21
IN,46961,22,36,31,57
IN,46962,29,33,29,31
IN,46965,25,32,21,35
IN,46967,14,33,25,23
IN,46968,34,35,27,41
IN,46970,20,33,25,66
IN,46971,12,37,32,50
IN,46974,26,20,16,39
IN,46975,16,25,32,41
IN,46977,22,40,17,52
IN,46978,15,48,20,47
IN,46979,19,36,27,25
IN,46980,12,34,20,29
IN,46982,27,32,27,48
IN,46984,19,21,29,28
IN,46985,28,46,12,64
IN,46986,30,18,18,31
IN,46987,25,33,35,29
IN,46988,31,26,30,36
IN,46989,30,32,19,23
IN,46990,11,28,16,47
IN,46991,13,31,22,45
IN,46992,29,25,23,57
IN,46994,28,48,26,55
IN,46995,17,31,26,54
IN,46996,23,27,18,38
IN,46998,29,18,29,39
IN,47001,17,33,22,29
IN,47003,36,39,9,61
IN,47006,23,54,25,31
IN,47010,23,45,20,48
IN,47011,13,41,10,45
IN,47012,22,20,12,43
IN,47016,14,23,14,27
IN,47017,26,20,31,55
IN,47018,28,38,22,19
IN,47019,21,45,23,57
IN,47020,16,31,22,40
IN,47021,11,31,11,28
IN,47022,29,38,19,30
IN,47023,19,30,34,39
IN,47024,17,24,20,24
IN,47025,34,21,20,65
IN,47030,39,52,27,22
IN,47031,26,26,32,29
IN,47032,20,49,19,25
IN,47033,16,43,25,20
IN,47034,18,40,27,47
IN,47035,14,37,32,32
IN,47036,15,31,15,27
IN,47037,29,38,28,29
IN,47038,24,29,18,42
IN,47039,20,41,25,42
IN,47040,17,31,24,28
IN,47041,12,24,32,47
IN,47042,13,44,14,31
IN,47043,20,41,27,32
IN,47060,19,27,13,25
IN,47102,14,26,9,50
IN,47104,11,22,31,68
IN,47106,16,33,14,26
IN,47107,25,26,18,25
IN,47108,18,26,32,53
IN,47110,16,47,32,31
IN,47111,14,29,19,24
IN,47112,14,45,10,36
IN,47114,27,25,15,18
IN,47115,23,41,17,54
IN,47116,22,23,20,43
IN,47117,29,42,30,52
IN,47118,12,32,15,50
IN,47119,13,18,26,48
IN,47120,15,38,32,28
IN,47122,26,37,14,26
IN,47123,16,36,30,25
IN,47124,20,44,19,24
IN,47125,18,26,15,29
IN,47126,30,32,9,42
IN,47129,13,29,13,32
IN,47130,24,16,22,27
IN,47131,16,38,22,51
IN,47132,28,37,16,60
IN,47133,25,28,22,34
IN,47134,36,29,29,57
IN,47135,23,39,16,28
IN,47136,13,33,18,40
IN,47137,26,40,11,38
IN,47138,20,32,22,33
IN,47139,22,33,16,65
IN,47140,25,24,18,41
IN,47141,20,25,29,40
IN,47142,21,46,19,19
IN,47143,19,40,9,29
IN,47144,34,32,14,56
IN,47145,33,51,14,29
IN,47146,18,55,11,28
IN,47147,22,52,9,38
IN,47150,34,32,21,24
IN,47151,33,30,26,40
IN,47160,33,45,24,57
IN,47161,27,52,16,43
IN,47162,39,24,15,37
IN,47163,20,29,29,27
IN,47164,30,40,12,43
IN,47165,21,32,20,53
IN,47166,22,45,15,55
IN,47167,18,19,27,61
IN,47170,22,33,29,42
IN,47172,31,29,31,26
IN,47174,29,21,13,60
IN,47175,33,27,18,44
IN,47177,20,33,10,39
IN,47190,21,24,23,29
IN,47199,33,32,25,49
IN,47201,14,36,35,42
IN,47202,28,48,16,43
IN,47203,26,45,14,25
IN,47220,20,36,10,42
IN,47223,39,19,22,46
IN,47224,20,37,29,22
IN,47225,26,39,28,26
IN,47226,24,23,11,34
IN,47227,18,34,20,20
IN,47228,30,34,24,37
IN,47229,19,20,11,24
IN,47230,25,17,34,44
IN,47231,33,50,17,40
IN,47232,12,33,22,34
IN,47234,31,27,27,42
IN,47235,36,41,30,34
IN,47236,13,32,21,55
IN,47240,14,42,26,20
IN,47243,14,31,18,39
IN,47244,18,35,14,43
IN,47245,22,32,23,59
IN,47246,23,22,32,18
IN,47247,11,36,30,25
IN,47249,27,26,16,65
IN,47250,16,43,31,23
IN,47260,33,47,14,59
IN,47261,34,23,17,48
IN,47263,23,53,14,34
IN,47264,30,41,20,49
IN,47265,19,40,21,20
IN,47270,36,34,13,37
IN,47272,15,27,13,44
IN,47273,17,38,24,55
IN,47274,30,23,21,53
IN,47280,28,24,18,41
IN,47281,14,42,11,53
IN,47282,17,25,25,40
IN,47283,15,36,16,47
IN,47302,23,23,27,29
IN,47303,24,34,22,38
IN,47304,35,45,27,31
IN,47305,40,24,22,24
IN,47306,18,31,31,15
IN,47307,36,27,23,52
IN,47308,29,51,30,27
IN,47320,25,28,30,50
IN,47322,27,31,25,26
IN,47324,27,34,31,20
IN,47325,16,40,26,37
IN,47326,26,33,31,35
IN,47327,28,34,27,53
IN,47330,29,34,25,32
IN,47331,25,38,28,34
IN,47334,30,34,15,49
IN,47335,12,45,23,21
IN,47336,27,45,21,19
IN,47337,36,54,27,33
IN,47338,26,26,16,21
IN,47339,14,55,28,27
IN,47340,24,25,28,23
IN,47341,26,33,32,42
IN,47342,32,41,26,24
IN,47344,14,31,21,55
IN,47345,14,26,27,60
IN,47346,20,34,11,57
IN,47348,31,32,21,67
IN,47351,33,18,26,35
IN,47352,33,45,25,66
IN,47353,19,55,16,21
IN,47354,40,32,23,29
IN,47355,27,26,26,26
IN,47356,18,48,25,33
IN,47357,18,48,14,22
IN,47358,36,24,15,51
IN,47359,14,19,16,27
IN,47360,18,34,24,53
IN,47361,30,49,24,45
IN,47362,35,38,27,49
IN,47366,12,48,20,31
IN,47367,38,34,16,42
IN,47368,18,28,24,44
IN,47369,29,17,30,25
IN,47370,26,40,21,19
IN,47371,33,22,10,36
IN,47373,26,24,31,44
IN,47374,21,43,18,65
IN,47375,17,38,33,52
IN,47380,31,31,30,35
IN,47381,28,40,15,43
IN,47382,35,32,16,35
IN,47383,32,39,22,47
IN,47384,12,24,20,40
IN,47385,14,22,26,44
IN,47386,41,17,14,56
IN,47387,16,37,17,28
IN,47388,30,24,14,22
IN,47390,12,32,24,24
IN,47392,25,55,22,30
IN,47393,35,30,32,45
IN,47394,21,18,28,28
IN,47396,16,46,18,51
IN,47401,13,43,18,41
IN,47402,27,36,24,53
IN,47403,23,38,10,22
IN,47404,29,47,11,42
IN,47405,29,33,21,34
IN,47406,30,39,17,23
IN,47407,36,18,24,23
IN,47408,31,47,20,36
IN,47420,27,43,27,22
IN,47421,31,28,15,23
IN,47424,19,20,9,48
IN,47426,22,23,15,54
IN,47427,21,34,12,22
IN,47429,23,31,22,28
IN,47430,20,52,15,65
IN,47431,27,33,26,28
IN,47432,39,28,18,45
IN,47433,15,27,19,24
IN,47434,19,39,26,51
IN,47435,22,18,32,57
IN,47436,31,32,32,48
IN,47437,12,50,27,29
IN,47438,23,32,25,34
IN,47439,22,45,19,70
IN,47441,33,33,19,40
IN,47443,21,36,12,44
IN,47445,35,36,24,22
IN,47446,31,34,31,30
IN,47448,35,25,32,27
IN,47449,21,22,13,53
IN,47451,21,27,12,64
IN,47452,22,23,15,44
IN,47453,27,35,28,38
IN,47454,21,27,18,61
IN,47455,26,36,22,56
IN,47456,30,31,18,37
IN,47457,26,36,28,20
IN,47458,12,29,29,49
IN,47459,31,44,23,40
IN,47460,35,54,23,24
IN,47462,16,21,10,63
IN,47463,19,30,10,31
IN,47464,21,36,10,33
IN,47465,33,33,17,50
IN,47467,23,43,19,44
IN,47468,30,31,25,35
IN,47469,29,34,31,28
IN,47470,25,30,9,23
IN,47471,19,41,29,48
IN,47490,27,35,35,21
IN,47501,26,41,21,47
IN,47512,17,25,22,41
IN,47513,21,20,31,38
IN,47514,21,23,10,61
IN,47515,23,27,24,23
IN,47516,13,25,12,26
IN,47519,27,38,11,57
IN,47520,32,35,28,58
IN,47521,31,24,29,39
IN,47522,23,50,25,36
IN,47523,11,30,15,41
IN,47524,36,55,24,26
IN,47525,18,37,11,33
IN,47527,20,30,32,41
IN,47528,27,35,21,61
IN,47529,15,38,32,23
IN,47531,35,39,27,31
IN,47532,20,54,29,51
IN,47535,14,56,31,50
IN,47536,15,30,14,49
IN,47537,16,19,30,21
IN,47541,39,31,29,50
IN,47542,36,34,25,47
IN,47545,20,46,12,53
IN,47546,35,47,14,30
IN,47547,15,26,18,56
IN,47549,34,46,27,34
IN,47550,15,52,13,49
IN,47551,29,32,33,51
IN,47552,14,42,27,20
IN,47553,30,19,19,23
IN,47556,21,22,23,46
IN,47557,19,53,25,33
IN,47558,34,40,26,25
IN,47561,23,46,26,48
IN,47562,32,33,20,27
IN,47564,25,29,12,23
IN,47567,15,28,19,33
IN,47568,22,41,28,42
IN,47573,33,38,20,18
IN,47574,26,40,12,35
IN,47575,12,47,31,37
IN,47576,22,24,32,45
IN,47577,28,23,25,38
IN,47578,35,42,16,63
IN,47579,36,35,26,47
IN,47580,27,45,27,49
IN,47581,31,35,16,51
IN,47584,13,44,31,41
IN,47585,31,21,21,58
IN,47586,31,33,16,18
IN,47588,17,32,25,32
IN,47590,14,34,28,69
IN,47591,21,29,12,24
IN,47596,25,37,28,39
IN,47597,18,23,31,23
IN,47598,14,39,26,43
IN,47601,38,25,13,37
IN,47610,17,30,17,31
IN,47611,16,41,9,20
IN,47612,23,38,16,29
IN,47613,11,29,11,33
IN,47614,19,29,19,38
IN,47615,37,27,10,36
IN,47616,30,51,13,34
IN,47617,28,50,22,69
IN,47618,26,32,24,55
IN,47619,19,51,10,29
IN,47620,17,23,28,31
IN,47629,15,33,33,27
IN,47630,25,46,17,34
IN,47631,16,48,27,29
IN,47633,26,31,19,23
IN,47634,24,27,10,28
IN,47635,34,26,27,29
IN,47637,32,38,34,42
IN,47638,34,34,13,49
IN,47639,29,32,22,24
IN,47640,20,37,12,43
IN,47647,13,27,22,67
IN,47648,13,26,15,22
IN,47649,19,23,18,33
IN,47654,25,36,21,21
IN,47660,27,36,17,64
IN,47665,15,46,20,26
IN,47666,31,45,16,20
IN,47670,30,24,13,26
IN,47683,20,23,14,51
IN,47701,16,26,10,27
IN,47702,13,20,15,39
IN,47703,33,30,25,29
IN,47704,30,31,18,39
IN,47705,30,46,12,26
IN,47706,37,35,18,37
IN,47708,35,51,12,35
IN,47710,32,26,13,44
IN,47711,23,45,21,48
IN,47712,22,33,26,30
IN,47713,30,50,24,31
IN,47714,35,37,23,23
IN,47715,15,39,30,45
IN,47716,23,30,26,40
IN,47719,19,33,29,48
IN,47720,34,27,23,24
IN,47721,16,24,14,30
IN,47722,27,34,25,36
IN,47724,17,46,18,59
IN,47725,28,31,30,41
IN,47727,27,37,16,60
IN,47728,19,37,15,31
IN,47730,27,27,29,46
IN,47731,15,42,16,41
IN,47732,31,47,25,37
IN,47733,29,31,21,40
IN,47734,24,36,31,41
IN,47735,25,33,24,58
IN,47736,20,25,28,27
IN,47737,26,30,23,47
IN,47739,34,33,21,30
IN,47740,18,25,14,29
IN,47741,25,34,16,56
IN,47744,40,37,25,37
IN,47747,32,24,20,63
IN,47750,28,29,12,32
IN,47801,24,28,23,43
IN,47802,37,16,30,29
IN,47803,31,21,28,38
IN,47804,34,29,18,28
IN,47805,19,36,19,57
IN,47807,19,25,24,31
IN,47808,24,21,18,51
IN,47809,15,41,14,59
IN,47811,23,38,23,33
IN,47812,30,20,12,37
IN,47830,35,35,32,39
IN,47831,24,29,16,24
IN,47832,31,40,30,38
IN,47833,32,25,27,53
IN,47834,24,49,33,62
IN,47836,31,34,31,57
IN,47837,37,41,35,42
IN,47838,17,29,28,17
IN,47840,30,56,17,47
IN,47841,35,38,34,46
IN,47842,24,40,12,60
IN,47845,30,23,26,40
IN,47846,19,29,30,37
IN,47847,15,17,17,20
IN,47848,20,31,17,47
IN,47849,12,34,11,45
IN,47850,20,33,33,35
IN,47851,27,36,18,26
IN,47852,30,52,11,42
IN,47853,24,40,14,38
IN,47854,18,28,11,55
IN,47855,31,54,26,36
IN,47856,12,40,17,28
IN,47857,22,22,10,24
IN,47858,19,39,25,47
IN,47859,15,21,18,27
IN,47860,13,33,29,30
IN,47861,17,55,33,61
IN,47862,36,35,33,28
IN,47863,14,37,22,19
IN,47864,14,22,10,21
IN,47865,12,33,12,31
IN,47866,32,31,16,33
IN,47868,22,29,26,17
IN,47869,30,33,30,35
IN,47870,15,31,23,28
IN,47871,30,37,21,61
IN,47872,25,57,25,34
IN,47874,19,22,15,41
IN,47875,19,21,10,30
IN,47876,27,29,17,34
IN,47878,31,30,15,33
IN,47879,12,30,27,41
IN,47880,30,45,17,31
IN,47881,21,25,25,50
IN,47882,14,17,35,48
IN,47884,18,26,15,56
IN,47885,26,32,32,46
IN,47901,29,43,23,45
IN,47902,21,26,21,29
IN,47903,22,37,26,26
IN,47904,30,31,30,61
IN,47905,25,40,20,37
IN,47906,39,31,29,37
IN,47907,27,27,16,35
IN,47909,15,27,20,38
IN,47916,39,25,21,20
IN,47917,31,23,22,50
IN,47918,16,37,18,34
IN,47920,13,55,30,27
IN,47921,19,44,20,38
IN,47922,26,23,21,29
IN,47923,30,33,12,34
IN,47924,17,33,21,47
IN,47925,26,26,22,22
IN,47926,20,31,24,32
IN,47928,17,35,16,34
IN,47929,14,32,28,36
IN,47930,27,34,30,50
IN,47932,17,32,28,39
IN,47933,34,47,15,17
IN,47934,34,46,21,22
IN,47935,27,26,27,37
IN,47936,13,28,13,29
IN,47937,19,26,12,42
IN,47938,16,30,20,53
IN,47939,17,53,28,42
IN,47940,14,32,11,32
IN,47941,24,39,21,38
IN,47942,20,30,11,43
IN,47943,16,46,10,47
IN,47944,31,44,16,22
IN,47946,21,26,21,40
IN,47948,31,46,23,37
IN,47949,17,20,21,38
IN,47950,10,21,12,40
IN,47951,19,39,30,44
IN,47952,12,32,10,61
IN,47954,24,42,17,38
IN,47955,25,25,13,40
IN,47957,13,40,23,45
IN,47958,26,37,14,46
IN,47959,17,38,23,26
IN,47960,14,32,26,43
IN,47962,16,37,27,28
IN,47963,18,27,22,29
IN,47964,35,26,12,69
IN,47965,20,35,22,23
IN,47966,17,41,24,32
IN,47967,28,30,30,22
IN,47968,21,25,13,54
IN,47969,23,23,31,37
IN,47970,25,35,25,44
IN,47971,16,27,18,61
IN,47974,27,27,16,26
IN,47975,24,45,14,55
IN,47977,26,31,25,24
IN,47978,29,44,27,42
IN,47980,18,31,13,33
IN,47981,21,45,33,24
IN,47982,20,46,33,45
IN,47983,13,38,26,60
IN,47984,17,22,16,47
IN,47986,13,50,11,49
IN,47987,28,38,23,56
IN,47988,35,22,25,31
IN,47989,25,29,19,29
IN,47990,13,29,9,34
IN,47991,29,38,10,27
IN,47992,35,48,24,50
IN,47993,34,36,20,35
IN,47994,30,24,20,33
IN,47995,20,40,26,21
IN,47996,29,20,28,61
IN,47997,13,25,35,30
MI,48001,32,25,27,57
MI,48002,24,36,10,23
MI,48003,19,47,22,57
MI,48004,14,24,15,28
MI,48005,12,32,21,43
MI,48006,14,29,20,29
MI,48007,35,48,28,29
MI,48009,24,32,25,25
MI,48012,23,38,17,33
MI,48014,28,35,26,49
MI,48015,29,25,17,27
MI,48017,28,22,23,42
MI,48021,27,42,19,27
MI,48022,23,50,22,34
MI,48023,20,41,9,44
MI,48025,24,21,19,41
MI,48026,20,31,16,42
MI,48027,25,31,28,40
MI,48028,12,32,10,30
MI,48030,28,34,18,62
MI,48032,34,37,18,34
MI,48033,32,33,23,32
MI,48034,14,29,24,28
MI,48035,31,29,34,27
MI,48036,23,30,19,62
MI,48037,30,28,22,30
MI,48038,27,29,11,20
MI,48039,14,34,33,56
MI,48040,31,48,22,29
MI,48041,26,19,9,31
MI,48042,23,39,27,39
MI,48043,13,22,22,43
MI,48044,27,26,26,36
MI,48045,29,30,11,40
MI,48046,37,37,15,26
MI,48047,31,21,28,24
MI,48048,27,41,22,21
MI,48049,18,38,22,26
MI,48050,20,33,25,42
MI,48051,17,28,23,54
MI,48054,25,39,34,53
MI,48059,26,24,30,65
MI,48060,22,34,27,24
MI,48061,17,46,13,45
MI,48062,32,27,13,41
MI,48063,26,44,32,67
MI,48064,30,30,13,35
MI,48065,39,39,22,52
MI,48066,16,32,23,21
MI,48067,35,46,14,38
MI,48068,28,50,31,29
MI,48069,17,34,19,40
MI,48070,16,29,30,50
MI,48071,24,22,17,35
MI,48072,10,36,22,65
MI,48073,16,21,31,45
MI,48074,13,23,13,26
MI,48075,30,28,22,30
MI,48076,34,31,19,21
MI,48079,33,28,29,42
MI,48080,25,24,31,34
MI,48081,28,30,26,25
MI,48082,15,40,12,41
MI,48083,26,22,28,44
MI,48084,13,34,11,31
MI,48085,40,52,14,25
MI,48086,28,22,29,51
MI,48088,13,37,12,19
MI,48089,27,20,25,67
MI,48090,17,36,30,31
MI,48091,40,31,16,42
MI,48092,34,21,16,22
MI,48093,34,34,24,31
MI,48094,28,40,30,45
MI,48095,22,43,20,44
MI,48096,12,25,25,62
MI,48097,17,22,22,44
MI,48098,20,46,13,27
MI,48099,29,43,17,68
MI,48101,35,24,20,18
MI,48103,25,23,24,44
MI,48104,22,32,17,26
MI,48105,31,26,25,44
MI,48106,27,32,16,32
MI,48107,16,45,30,24
MI,48108,22,35,29,25
MI,48109,14,33,18,48
MI,48110,40,26,21,47
MI,48111,34,30,15,29
MI,48112,14,24,31,43
MI,48113,16,38,29,57
MI,48114,29,21,13,20
MI,48115,37,19,17,16
MI,48116,22,47,23,17
MI,48117,23,36,30,27
MI,48118,15,54,14,35
MI,48120,29,24,16,48
MI,48121,23,20,24,24
MI,48122,21,41,34,39
MI,48123,27,30,22,66
MI,48124,23,29,20,25
MI,48125,16,36,29,42
MI,48126,22,26,24,32
MI,48127,21,34,19,48
MI,48128,19,34,25,37
MI,48130,35,48,19,40
MI,48131,30,42,34,29
MI,48133,13,34,11,40
MI,48134,18,42,15,30
MI,48135,21,25,23,40
MI,48136,35,41,21,31
MI,48137,34,41,13,41
MI,48138,37,30,14,47
MI,48139,34,46,22,40
MI,48140,17,17,11,43
MI,48141,24,39,16,30
MI,48143,18,44,31,52
MI,48144,31,23,28,24
MI,48145,28,22,26,48
MI,48146,22,25,10,44
MI,48150,33,31,27,41
MI,48151,33,42,13,45
MI,48152,31,28,16,29
MI,48153,15,51,31,45
MI,48154,28,42,29,30
MI,48157,25,36,24,50
MI,48158,22,28,29,40
MI,48159,30,38,31,53
MI,48160,22,28,30,30
MI,48161,34,50,32,24
MI,48162,24,36,17,27
MI,48164,36,48,33,24
MI,48165,24,37,26,67
MI,48166,30,36,30,34
MI,48167,31,43,11,19
MI,48168,13,25,24,39
MI,48169,27,23,19,27
MI,48170,29,29,16,31
MI,48173,20,44,24,23
MI,48174,36,29,24,45
MI,48175,31,24,17,44
MI,48176,39,37,21,21
MI,48177,29,36,16,39
MI,48178,17,20,19,45
MI,48179,34,47,16,23
MI,48180,27,21,24,35
MI,48182,26,35,30,39
MI,48183,15,30,33,53
MI,48184,30,49,14,55
MI,48185,33,36,16,19
MI,48186,28,33,31,28
MI,48187,22,17,22,39
MI,48188,31,27,26,68
MI,48189,33,39,34,40
MI,48190,31,33,27,46
MI,48191,28,35,21,47
MI,48192,24,41,27,27
MI,48193,16,33,28,44
MI,48195,27,25,32,43
MI,48197,13,44,15,48
MI,48198,21,36,18,25
MI,48201,31,59,34,49
MI,48202,24,68,46,86
MI,48203,29,21,23,26
MI,48204,49,38,47,95
MI,48205,21,50,49,67
MI,48206,37,56,51,57
MI,48207,23,81,21,51
MI,48208,50,41,29,55
MI,48209,17,73,37,65
MI,48210,51,45,44,33
MI,48211,30,39,49,80
MI,48212,31,53,31,43
MI,48213,53,29,51,58
MI,48214,19,61,38,40
MI,48215,35,41,43,53
MI,48216,31,74,47,41
MI,48217,32,42,26,72
MI,48218,40,47,19,32
MI,48219,49,40,38,56
MI,48220,29,39,16,19
MI,48221,47,57,35,88
MI,48222,51,58,16,95
MI,48223,22,64,42,39
MI,48224,49,55,20,61
MI,48225,39,26,9,34
MI,48226,19,46,42,51
MI,48227,53,69,25,60
MI,48228,26,39,27,61
MI,48229,39,46,11,28
MI,48230,23,22,29,45
MI,48231,60,59,35,67
MI,48232,35,46,53,39
MI,48233,30,67,32,27
MI,48234,26,51,30,45
MI,48235,28,32,22,91
MI,48236,20,29,12,24
MI,48237,19,26,31,22
MI,48238,24,36,46,40
MI,48239,31,32,19,53
MI,48240,20,23,17,49
MI,48242,27,35,38,74
MI,48243,51,43,39,87
MI,48244,51,52,34,56
MI,48255,45,54,51,57
MI,48260,34,50,41,39
MI,48264,34,38,47,61
MI,48265,50,31,47,54
MI,48266,23,48,51,60
MI,48267,17,58,46,43
MI,48268,57,34,51,95
MI,48269,47,54,15,54
MI,48272,46,43,19,87
MI,48275,22,51,30,61
MI,48277,40,35,19,95
MI,48278,18,52,15,49
MI,48279,23,41,29,35
MI,48288,16,30,16,76
MI,48301,20,30,11,43
MI,48302,40,28,11,20
MI,48303,31,36,17,18
MI,48304,28,44,15,23
MI,48306,17,33,10,47
MI,48307,25,26,21,17
MI,48308,23,30,10,32
MI,48309,12,42,26,30
MI,48310,29,29,19,55
MI,48311,25,22,25,16
MI,48312,22,37,27,24
MI,48313,29,18,34,49
MI,48314,18,39,18,26
MI,48315,20,45,11,51
MI,48316,32,39,14,60
MI,48317,19,38,29,62
MI,48318,23,31,18,54
MI,48320,16,45,24,39
MI,48321,25,33,31,60
MI,48322,35,32,16,36
MI,48323,23,51,13,26
MI,48324,29,17,32,52
MI,48325,21,28,30,47
MI,48326,18,36,18,47
MI,48327,19,29,21,23
MI,48328,31,34,21,18
MI,48329,32,16,30,37
MI,48330,32,20,29,34
MI,48331,26,37,28,19
MI,48332,13,42,21,29
MI,48333,21,28,26,35
MI,48334,20,26,15,39
MI,48335,14,39,28,29
MI,48336,33,39,19,26
MI,48340,31,28,28,41
MI,48341,30,42,27,48
MI,48342,29,29,29,50
MI,48343,18,31,13,58
MI,48346,28,49,13,39
MI,48347,32,34,25,24
MI,48348,31,27,18,51
MI,48350,22,53,20,30
MI,48353,29,24,23,55
MI,48356,25,32,18,19
MI,48357,25,30,31,28
MI,48359,16,30,23,26
MI,48360,30,31,26,34
MI,48361,11,34,21,43
MI,48362,37,47,16,29
MI,48363,35,37,22,42
MI,48366,22,17,32,54
MI,48367,34,41,20,39
MI,48370,36,35,19,24
MI,48371,19,22,20,41
MI,48374,36,43,29,42
MI,48375,14,26,20,41
MI,48376,35,49,11,35
MI,48377,16,32,28,41
MI,48380,24,25,19,25
MI,48381,13,28,14,40
MI,48382,33,37,18,54
MI,48383,27,33,31,31
MI,48386,32,28,14,43
MI,48387,36,33,12,60
MI,48390,40,25,12,25
MI,48391,33,38,11,54
MI,48393,30,28,22,52
MI,48397,20,38,18,19
MI,48401,32,38,19,46
MI,48410,16,35,19,25
MI,48411,23,17,15,45
MI,48412,16,20,26,33
MI,48413,25,25,28,61
MI,48414,21,39,35,22
MI,48415,28,39,15,50
MI,48416,31,30,10,40
MI,48417,18,30,35,52
MI,48418,38,31,32,22
MI,48419,20,31,32,43
MI,48420,31,37,27,19
MI,48421,38,26,21,29
MI,48422,12,30,22,39
MI,48423,16,49,11,28
MI,48426,21,17,15,53
MI,48427,25,38,27,30
MI,48428,29,36,26,43
MI,48429,13,23,13,55
MI,48430,23,44,11,23
MI,48432,25,35,13,32
MI,48433,20,45,20,21
MI,48434,28,23,16,53
MI,48435,30,25,14,21
MI,48436,21,26,26,29
MI,48437,19,28,11,55
MI,48438,12,24,30,19
MI,48439,14,38,24,27
MI,48440,32,44,11,36
MI,48441,21,34,12,26
MI,48442,29,38,18,44
MI,48444,16,48,16,65
MI,48445,18,37,30,23
MI,48446,21,28,20,33
MI,48449,15,23,16,36
MI,48450,37,40,15,45
MI,48451,26,32,15,56
MI,48453,26,33,11,19
MI,48454,30,27,33,41
MI,48455,13,32,22,34
MI,48456,22,41,11,46
MI,48457,21,25,13,29
MI,48458,21,20,18,41
MI,48460,15,37,15,24
MI,48461,23,41,29,19
MI,48462,30,38,26,60
MI,48463,14,28,14,44
MI,48464,16,40,14,33
MI,48465,33,32,13,23
MI,48466,25,42,12,42
MI,48467,16,27,18,32
MI,48468,22,19,17,18
MI,48469,28,27,32,49
MI,48470,27,41,29,32
MI,48471,25,38,16,46
MI,48472,24,37,16,26
MI,48473,26,41,14,23
MI,48475,15,30,24,48
MI,48476,36,41,10,54
MI,48480,28,34,31,68
MI,48501,22,24,20,39
MI,48502,32,54,15,28
MI,48503,34,30,21,29
MI,48504,11,42,33,40
MI,48505,23,17,15,59
MI,48506,21,20,19,42
MI,48507,14,34,23,22
MI,48509,21,21,20,43
MI,48519,32,25,29,27
MI,48529,35,28,23,36
MI,48531,41,32,21,38
MI,48532,33,22,28,39
MI,48550,36,21,22,21
MI,48551,25,30,11,22
MI,48552,15,30,18,37
MI,48553,12,36,21,32
MI,48554,21,29,10,23
MI,48555,38,34,16,46
MI,48556,23,31,26,64
MI,48557,31,26,19,36
MI,48559,32,29,22,39
MI,48601,23,25,16,35
MI,48602,17,27,28,42
MI,48603,28,28,22,27
MI,48604,30,55,12,29
MI,48605,23,20,11,36
MI,48606,20,22,29,45
MI,48607,36,23,9,51
MI,48608,22,46,22,23
MI,48609,25,26,12,47
MI,48610,24,41,30,27
MI,48611,32,44,11,52
MI,48612,24,28,10,38
MI,48613,24,29,25,35
MI,48614,24,37,28,51
MI,48615,35,38,10,43
MI,48616,34,45,26,40
MI,48617,25,29,21,36
MI,48618,24,38,32,55
MI,48619,26,38,32,42
MI,48620,20,35,29,27
MI,48621,12,20,14,39
MI,48622,15,31,15,57
MI,48623,32,42,22,52
MI,48624,35,38,15,29
MI,48625,24,35,26,45
MI,48626,35,27,19,16
MI,48627,15,34,29,39
MI,48628,13,38,25,26
MI,48629,18,24,13,31
MI,48630,15,26,25,51
MI,48631,33,41,15,25
MI,48632,29,16,25,58
MI,48633,19,43,22,24
MI,48634,26,32,26,36
MI,48635,27,23,10,20
MI,48636,20,18,10,46
MI,48637,11,27,10,36
MI,48638,31,40,16,62
MI,48640,20,45,17,50
MI,48641,18,22,23,35
MI,48642,18,33,22,34
MI,48647,20,23,27,37
MI,48649,30,40,25,21
MI,48650,24,21,20,29
MI,48651,22,17,24,44
MI,48652,22,28,30,42
MI,48653,12,50,30,37
MI,48654,23,47,13,43
MI,48655,20,30,24,48
MI,48656,13,28,24,38
MI,48657,26,37,32,62
MI,48658,27,48,32,70
MI,48659,21,24,19,43
MI,48661,28,27,18,50
MI,48662,25,33,30,24
MI,48663,16,32,26,33
MI,48667,18,32,14,28
MI,48670,15,25,12,47
MI,48674,39,42,26,19
MI,48686,24,27,34,24
MI,48701,20,30,21,43
MI,48703,18,22,11,46
MI,48705,21,24,22,48
MI,48706,29,22,11,49
MI,48707,17,32,13,50
MI,48708,27,31,29,33
MI,48710,28,38,21,37
MI,48720,27,34,35,50
MI,48721,17,38,14,33
MI,48722,25,52,29,51
MI,48723,23,29,31,22
MI,48724,15,39,9,27
MI,48725,14,42,9,19
MI,48726,40,36,20,22
MI,48727,13,26,23,22
MI,48728,30,43,24,45
MI,48729,25,41,15,41
MI,48730,23,25,13,45
MI,48731,14,36,23,31
MI,48732,18,22,28,52
MI,48733,29,30,30,36
MI,48734,29,42,19,35
MI,48735,20,26,16,18
MI,48736,22,42,15,26
MI,48737,22,28,22,43
MI,48738,22,35,22,33
MI,48739,31,37,16,29
MI,48740,37,30,9,48
MI,48741,18,42,22,29
MI,48742,17,32,15,61
MI,48743,28,29,17,46
MI,48744,19,43,26,39
MI,48745,16,24,17,38
MI,48746,13,36,29,39
MI,48747,24,30,12,19
MI,48748,28,32,19,45
MI,48749,25,22,22,49
MI,48750,28,51,27,22
MI,48754,11,39,19,33
MI,48755,23,38,31,46
MI,48756,10,27,24,39
MI,48757,16,53,29,21
MI,48758,23,38,18,37
MI,48759,35,47,26,25
MI,48760,18,47,19,36
MI,48761,14,28,10,41
MI,48762,11,25,34,29
MI,48763,28,16,27,48
MI,48764,22,37,19,42
MI,48765,32,51,24,32
MI,48766,31,26,18,45
MI,48767,40,52,32,36
MI,48768,16,41,20,42
MI,48769,25,44,31,35
MI,48770,38,24,18,28
MI,48787,28,23,13,28
MI,48801,22,27,29,24
MI,48802,17,28,24,39
MI,48804,15,25,15,53
MI,48805,24,39,14,31
MI,48806,19,44,28,51
MI,48807,26,24,27,54
MI,48808,23,24,12,55
MI,48809,16,16,34,57
MI,48811,20,28,27,27
MI,48812,23,43,21,41
MI,48813,13,27,17,46
MI,48815,13,21,33,25
MI,48816,26,24,13,58
MI,48817,24,41,26,23
MI,48818,22,24,13,54
MI,48819,15,23,14,27
MI,48820,27,26,33,19
MI,48821,21,28,23,23
MI,48822,13,53,10,53
MI,48823,22,47,28,51
MI,48824,23,41,22,21
MI,48825,26,40,25,21
MI,48826,30,20,33,38
MI,48827,16,34,17,51
MI,48829,26,34,26,32
MI,48830,35,37,14,20
MI,48831,30,19,14,22
MI,48832,17,46,26,53
MI,48833,33,16,24,28
MI,48834,13,32,20,22
MI,48835,24,39,15,40
MI,48836,25,24,24,27
MI,48837,31,46,34,32
MI,48838,26,26,32,41
MI,48840,19,28,30,52
MI,48841,17,31,14,25
MI,48842,22,24,12,32
MI,48843,39,21,13,62
MI,48844,21,22,10,32
MI,48845,23,45,23,29
MI,48846,18,31,14,42
MI,48847,18,51,28,37
MI,48848,17,32,23,37
MI,48849,28,47,22,24
MI,48850,23,33,22,49
MI,48851,29,37,16,27
MI,48852,33,24,10,63
MI,48853,13,29,11,42
MI,48854,21,41,26,20
MI,48855,27,34,29,50
MI,48856,25,43,10,46
MI,48857,28,35,14,51
MI,48858,11,21,19,43
MI,48859,13,21,22,24
MI,48860,33,24,29,58
MI,48861,12,52,14,26
MI,48862,27,23,29,67
MI,48863,31,28,15,37
MI,48864,32,37,17,23
MI,48865,29,30,29,33
MI,48866,22,40,22,23
MI,48867,18,32,11,36
MI,48870,28,26,13,18
MI,48871,15,21,27,31
MI,48872,21,51,26,29
MI,48873,22,37,28,47
MI,48874,28,29,29,43
MI,48875,26,36,22,32
MI,48876,36,39,32,61
MI,48877,34,24,20,65
MI,48878,21,25,23,42
MI,48879,22,31,28,26
MI,48880,16,30,20,45
MI,48881,30,23,11,43
MI,48882,14,21,10,51
MI,48883,23,54,12,40
MI,48884,39,33,23,27
MI,48885,17,42,20,21
MI,48886,14,30,31,48
MI,48887,19,37,30,22
MI,48888,33,32,19,45
MI,48889,18,53,21,33
MI,48890,18,28,18,51
MI,48891,33,36,29,30
MI,48892,25,45,13,36
MI,48893,23,40,27,55
MI,48894,28,26,11,31
MI,48895,26,23,16,26
MI,48896,19,27,22,55
MI,48897,26,31,11,35
MI,48901,19,19,32,23
MI,48906,29,35,22,24
MI,48908,23,33,29,26
MI,48909,36,25,19,40
MI,48910,17,54,26,52
MI,48911,14,50,18,28
MI,48912,20,39,9,42
MI,48913,26,42,28,53
MI,48915,34,24,24,47
MI,48916,31,40,18,62
MI,48917,19,48,27,58
MI,48918,29,39,11,34
MI,48919,23,24,31,31
MI,48921,29,37,13,25
MI,48922,27,30,32,35
MI,48924,37,36,15,51
MI,48929,12,41,18,49
MI,48930,23,19,18,41
MI,48933,26,51,16,34
MI,48937,26,47,18,23
MI,48950,34,27,18,29
MI,48951,23,31,20,62
MI,48956,18,25,25,24
MI,48980,34,26,27,44
MI,49001,38,30,26,55
MI,49002,31,27,15,27
MI,49003,29,21,12,65
MI,49004,18,56,12,45
MI,49005,16,25,32,58
MI,49006,27,24,9,65
MI,49007,15,43,30,24
MI,49008,12,39,29,29
MI,49009,14,32,34,19
MI,49010,20,37,11,32
MI,49011,20,37,28,36
MI,49012,23,21,14,44
MI,49013,32,36,29,58
MI,49014,20,32,18,41
MI,49015,29,17,10,23
MI,49016,28,49,28,22
MI,49017,36,29,21,45
MI,49018,29,35,14,40
MI,49019,20,29,32,35
MI,49020,27,56,29,40
MI,49021,28,26,17,32
MI,49022,30,35,22,33
MI,49023,27,30,18,33
MI,49024,32,35,25,62
MI,49026,28,19,17,29
MI,49027,13,18,20,28
MI,49028,15,21,32,27
MI,49029,29,30,29,35
MI,49030,22,43,27,21
MI,49031,20,53,20,19
MI,49032,16,24,27,30
MI,49033,28,41,17,47
MI,49034,26,33,21,31
MI,49035,36,45,15,22
MI,49036,37,36,25,29
MI,49037,20,43,16,59
MI,49038,23,41,22,22
MI,49039,31,38,28,30
MI,49040,22,39,15,27
MI,49041,22,31,29,69
MI,49042,34,20,21,41
MI,49043,14,23,12,40
MI,49045,31,25,17,21
MI,49046,26,48,18,17
MI,49047,24,27,12,45
MI,49048,32,27,24,21
MI,49050,29,22,17,39
MI,49051,29,37,27,39
MI,49052,19,25,28,35
MI,49053,14,34,20,21
MI,49055,19,35,21,35
MI,49056,12,24,10,45
MI,49057,20,26,23,62
MI,49058,23,42,27,38
MI,49060,24,31,13,48
MI,49061,20,31,17,37
MI,49062,27,44,11,51
MI,49063,34,53,10,17
MI,49064,27,38,18,68
MI,49065,33,30,21,44
MI,49066,22,44,17,47
MI,49067,22,23,14,22
MI,49068,13,36,23,60
MI,49069,30,29,26,21
MI,49070,26,33,24,38
MI,49071,27,23,29,55
MI,49072,15,36,29,30
MI,49073,26,48,18,42
MI,49074,18,19,30,68
MI,49075,29,43,27,45
MI,49076,27,29,21,62
MI,49077,18,35,22,67
MI,49078,20,36,10,41
MI,49079,31,30,30,34
MI,49080,22,49,18,53
MI,49081,38,38,22,66
MI,49082,31,24,20,62
MI,49083,37,36,29,30
MI,49084,32,25,13,35
MI,49085,25,21,15,22
MI,49087,20,26,11,39
MI,49088,34,35,15,33
MI,49089,31,32,11,47
MI,49090,28,52,34,32
MI,49091,16,20,13,40
MI,49092,32,28,19,36
MI,49093,23,45,15,24
MI,49094,14,34,33,56
MI,49095,24,43,27,50
MI,49096,14,28,25,54
MI,49097,35,35,14,24
MI,49098,23,48,25,27
MI,49099,26,25,24,45
MI,49101,18,35,31,28
MI,49102,31,42,10,52
MI,49103,25,49,15,38
MI,49104,20,34,14,57
MI,49106,38,28,24,42
MI,49107,20,41,12,28
MI,49111,34,44,24,35
MI,49112,12,48,24,34
MI,49113,30,31,12,53
MI,49115,33,37,12,22
MI,49116,22,24,15,40
MI,49117,16,26,30,57
MI,49119,22,32,35,40
MI,49120,31,26,28,26
MI,49121,25,19,11,42
MI,49125,34,33,16,67
MI,49126,31,37,18,39
MI,49127,19,26,28,46
MI,49128,32,57,13,38
MI,49129,31,35,19,52
MI,49130,17,31,25,61
MI,49201,21,45,19,49
MI,49202,32,25,33,35
MI,49203,11,40,24,58
MI,49204,16,32,13,26
MI,49220,22,25,19,28
MI,49221,26,35,27,45
MI,49224,35,18,17,32
MI,49227,29,28,16,24
MI,49228,27,26,30,46
MI,49229,30,32,11,18
MI,49230,37,36,9,21
MI,49232,36,41,22,50
MI,49233,25,28,16,43
MI,49234,34,36,22,26
MI,49235,12,39,14,37
MI,49236,33,55,21,65
MI,49237,31,31,10,58
MI,49238,25,37,21,40
MI,49239,28,21,16,62
MI,49240,39,22,16,48
MI,49241,28,29,20,20
MI,49242,30,37,34,31
MI,49245,17,22,21,54
MI,49246,39,33,31,20
MI,49247,19,23,15,22
MI,49248,25,34,10,28
MI,49249,12,42,10,52
MI,49250,23,25,19,46
MI,49251,35,40,16,46
MI,49252,20,31,34,39
MI,49253,17,17,19,23
MI,49254,32,34,27,32
MI,49255,36,53,19,35
MI,49256,25,39,13,34
MI,49257,24,41,34,35
MI,49258,40,41,19,48
MI,49259,37,43,33,54
MI,49261,26,33,10,24
MI,49262,32,47,24,39
MI,49263,21,26,10,29
MI,49264,24,31,14,24
MI,49265,26,31,34,42
MI,49266,34,41,23,46
MI,49267,12,22,26,66
MI,49268,18,35,22,33
MI,49269,21,40,18,45
MI,49270,16,41,27,21
MI,49271,21,38,13,38
MI,49272,19,30,23,42
MI,49274,28,27,32,32
MI,49276,35,19,16,22
MI,49277,17,22,14,23
MI,49279,16,33,22,25
MI,49281,23,29,14,23
MI,49282,33,23,22,29
MI,49283,33,27,15,27
MI,49284,19,23,18,37
MI,49285,32,30,29,22
MI,49286,35,35,11,29
MI,49287,18,43,22,43
MI,49288,34,32,12,53
MI,49289,29,42,28,31
MI,49301,21,47,13,55
MI,49302,24,37,19,45
MI,49303,14,37,11,32
MI,49304,32,47,17,52
MI,49305,28,28,16,41
MI,49306,26,26,32,44
MI,49307,18,43,22,37
MI,49309,22,37,16,36
MI,49310,13,41,16,47
MI,49311,29,35,32,30
MI,49312,26,30,22,22
MI,49314,39,33,14,34
MI,49315,29,38,14,56
MI,49316,33,29,23,30
MI,49317,25,24,14,54
MI,49318,39,33,13,35
MI,49319,22,20,27,15
MI,49320,12,28,26,38
MI,49321,34,47,25,21
MI,49322,34,53,27,32
MI,49323,13,39,24,59
MI,49325,35,23,22,35
MI,49326,24,37,32,19
MI,49327,30,45,16,26
MI,49328,31,23,16,29
MI,49329,14,31,17,43
MI,49330,22,41,14,56
MI,49331,19,31,24,60
MI,49332,12,40,30,67
MI,49333,14,44,26,43
MI,49335,18,27,24,23
MI,49336,36,37,13,29
MI,49337,23,44,13,24
MI,49338,24,23,17,39
MI,49339,19,27,17,61
MI,49340,28,17,20,44
MI,49341,14,25,33,63
MI,49342,31,30,25,33
MI,49343,17,54,20,40
MI,49344,22,41,28,26
MI,49345,26,50,17,52
MI,49346,21,29,10,36
MI,49347,14,33,23,30
MI,49348,17,48,29,62
MI,49349,22,31,17,22
MI,49351,29,43,16,34
MI,49355,25,25,28,57
MI,49356,23,22,9,58
MI,49357,30,38,9,35
MI,49401,29,54,21,47
MI,49402,27,25,25,33
MI,49403,16,30,31,38
MI,49404,24,34,34,41
MI,49405,13,24,28,32
MI,49406,20,25,17,28
MI,49408,39,22,27,30
MI,49409,21,48,25,45
MI,49410,30,45,31,26
MI,49411,25,29,20,52
MI,49412,27,47,12,22
MI,49413,32,40,20,38
MI,49415,17,30,13,52
MI,49416,13,19,22,57
MI,49417,19,39,29,27
MI,49418,27,31,22,31
MI,49419,41,22,31,42
MI,49420,19,18,30,30
MI,49421,38,42,23,61
MI,49422,22,32,29,44
MI,49423,14,40,27,66
MI,49424,12,30,14,31
MI,49425,23,26,10,27
MI,49426,31,42,22,23
MI,49427,33,34,15,46
MI,49428,22,29,10,48
MI,49429,13,38,22,46
MI,49430,29,24,35,41
MI,49431,22,31,31,50
MI,49434,13,41,9,31
MI,49435,20,35,12,42
MI,49436,19,26,28,44
MI,49437,23,17,14,40
MI,49440,26,23,16,58
MI,49441,17,45,9,28
MI,49442,13,36,21,50
MI,49443,17,48,23,27
MI,49444,36,29,25,25
MI,49445,12,44,28,36
MI,49446,24,26,20,33
MI,49448,23,30,29,57
MI,49449,20,44,16,28
MI,49450,22,23,21,24
MI,49451,24,47,9,32
MI,49452,14,30,27,22
MI,49453,19,56,11,23
MI,49454,37,22,29,56
MI,49455,35,20,33,36
MI,49456,17,20,16,45
MI,49457,21,24,26,42
MI,49458,29,22,20,48
MI,49459,15,26,28,26
MI,49460,20,35,17,43
MI,49461,30,42,22,42
MI,49463,14,46,14,48
MI,49464,26,19,14,52
MI,49468,17,33,24,46
MI,49501,21,29,21,68
MI,49502,35,32,27,62
MI,49503,23,32,31,59
MI,49504,23,27,31,41
MI,49505,25,41,20,30
MI,49506,24,35,18,28
MI,49507,33,29,25,35
MI,49508,26,27,25,55
MI,49509,30,41,25,57
MI,49510,31,43,19,41
MI,49512,14,42,17,37
MI,49514,21,18,17,41
MI,49515,24,38,13,23
MI,49516,25,27,27,49
MI,49518,11,49,35,45
MI,49519,20,45,21,30
MI,49523,18,41,18,61
MI,49525,13,38,27,48
MI,49528,37,40,22,29
MI,49530,22,35,29,28
MI,49534,29,32,25,26
MI,49544,16,28,15,36
MI,49546,27,48,27,47
MI,49548,15,27,29,56
MI,49550,25,20,21,27
MI,49555,21,37,28,37
MI,49560,27,17,20,37
MI,49588,16,46,24,55
MI,49599,14,25,15,36
MI,49601,24,28,27,26
MI,49610,25,27,24,49
MI,49611,29,26,16,46
MI,49612,16,32,19,66
MI,49613,14,37,27,58
MI,49614,22,30,18,23
MI,49615,21,29,24,18
MI,49616,20,27,22,64
MI,49617,14,27,9,44
MI,49618,20,43,25,47
MI,49619,25,37,28,21
MI,49620,36,54,29,17
MI,49621,28,35,11,36
MI,49622,34,34,14,57
MI,49623,13,37,22,23
MI,49625,32,34,23,41
MI,49626,22,27,24,32
MI,49627,36,45,32,26
MI,49628,32,43,29,39
MI,49629,32,24,26,49
MI,49630,36,26,15,35
MI,49631,11,29,17,54
MI,49632,27,24,25,42
MI,49633,38,16,14,27
MI,49634,19,31,21,38
MI,49635,24,18,15,59
MI,49636,22,29,16,21
MI,49637,39,45,25,36
MI,49638,41,29,26,32
MI,49639,12,22,23,40
MI,49640,14,24,12,31
MI,49642,12,22,22,42
MI,49643,25,38,23,40
MI,49644,11,22,16,34
MI,49645,14,30,26,39
MI,49646,28,31,29,34
MI,49648,22,27,22,44
MI,49649,36,36,22,18
MI,49650,17,38,17,26
MI,49651,19,48,27,53
MI,49653,30,22,29,59
MI,49654,18,23,18,42
MI,49655,37,34,12,27
MI,49656,28,28,19,37
MI,49657,22,44,21,45
MI,49659,31,28,29,51
MI,49660,27,30,25,34
MI,49663,30,25,18,20
MI,49664,31,33,31,21
MI,49665,21,38,24,64
MI,49666,20,18,14,26
MI,49667,37,18,10,54
MI,49668,21,38,21,41
MI,49670,26,31,21,53
MI,49673,33,42,19,29
MI,49674,22,33,18,28
MI,49675,27,35,23,32
MI,49676,26,19,9,27
MI,49677,28,22,17,40
MI,49679,15,26,32,19
MI,49680,20,27,31,29
MI,49682,26,34,20,22
MI,49683,13,29,27,39
MI,49684,27,33,28,22
MI,49685,18,35,28,31
MI,49686,27,29,14,21
MI,49688,14,21,29,22
MI,49689,27,36,21,26
MI,49690,32,52,31,37
MI,49696,39,34,24,48
MI,49701,14,50,32,25
MI,49705,41,39,17,27
MI,49706,12,19,20,22
MI,49707,23,23,12,35
MI,49709,26,48,24,78
MI,49710,27,36,15,60
MI,49711,34,22,28,46
MI,49712,35,38,19,37
MI,49713,13,39,24,58
MI,49715,37,31,21,41
MI,49716,19,37,34,37
MI,49717,12,37,33,72
MI,49718,12,38,11,66
MI,49719,13,40,22,34
MI,49720,20,24,17,48
MI,49721,36,42,31,50
MI,49722,25,30,10,49
MI,49723,22,36,18,42
MI,49724,27,36,25,58
MI,49725,32,40,26,46
MI,49726,22,42,34,65
MI,49727,31,21,10,48
MI,49728,20,40,28,65
MI,49729,30,39,11,20
MI,49730,21,36,19,23
MI,49733,31,39,22,27
MI,49734,20,18,27,26
MI,49735,22,37,10,47
MI,49736,32,29,31,32
MI,49737,20,47,30,55
MI,49738,25,30,27,46
MI,49739,33,48,15,55
MI,49740,25,44,16,18
MI,49743,14,23,18,44
MI,49744,14,22,16,66
MI,49745,30,23,28,21
MI,49746,26,23,23,58
MI,49747,32,26,27,61
MI,49748,23,31,29,40
MI,49749,26,37,10,45
MI,49751,23,39,29,71
MI,49752,36,17,29,53
MI,49753,26,21,14,30
MI,49755,17,48,11,49
MI,49756,37,20,20,60
MI,49757,24,46,11,47
MI,49759,14,24,17,46
MI,49760,27,41,21,62
MI,49761,15,17,25,44
MI,49762,31,26,25,25
MI,49764,17,32,23,26
MI,49765,34,41,9,36
MI,49766,32,25,22,36
MI,49768,19,47,23,48
MI,49769,11,19,30,25
MI,49770,14,34,19,26
MI,49774,16,52,31,70
MI,49775,27,29,29,18
MI,49776,22,27,11,65
MI,49777,18,33,19,44
MI,49779,20,38,31,21
MI,49780,37,32,23,33
MI,49781,36,32,14,54
MI,49782,13,37,27,28
MI,49783,12,44,12,26
MI,49784,25,44,29,49
MI,49785,19,31,29,32
MI,49786,28,33,12,57
MI,49788,15,27,10,44
MI,49790,21,55,18,46
MI,49791,32,28,23,41
MI,49792,16,46,10,56
MI,49793,29,45,26,21
MI,49795,18,43,28,59
MI,49796,31,52,19,37
MI,49797,16,33,17,25
MI,49799,37,40,11,34
MI,49801,18,46,11,49
MI,49802,30,37,12,59
MI,49805,17,40,29,44
MI,49806,18,48,9,29
MI,49807,34,29,10,30
MI,49808,19,35,30,49
MI,49812,24,24,23,31
MI,49814,13,44,25,43
MI,49815,27,46,31,51
MI,49816,35,34,9,24
MI,49817,16,27,34,33
MI,49818,20,25,11,26
MI,49819,18,40,14,61
MI,49820,28,42,17,55
MI,49821,25,47,14,21
MI,49822,24,26,30,58
MI,49825,30,51,35,41
MI,49826,19,33,15,34
MI,49827,28,25,20,25
MI,49829,27,42,10,49
MI,49831,15,23,11,30
MI,49833,15,25,24,37
MI,49834,37,39,21,36
MI,49835,16,40,18,56
MI,49836,12,32,16,48
MI,49837,23,43,15,40
MI,49838,11,52,25,32
MI,49839,17,39,22,36
MI,49840,27,18,25,47
MI,49841,21,24,13,38
MI,49845,25,37,31,66
MI,49847,23,34,21,33
MI,49848,23,40,22,37
MI,49849,35,46,27,34
MI,49852,35,46,21,45
MI,49853,29,34,22,60
MI,49854,35,27,21,41
MI,49855,29,40,30,25
MI,49858,11,21,24,59
MI,49861,23,27,12,54
MI,49862,31,37,26,53
MI,49863,34,30,23,45
MI,49864,20,34,29,20
MI,49865,27,37,25,33
MI,49866,35,39,20,41
MI,49868,28,40,18,35
MI,49870,30,37,35,56
MI,49871,27,40,19,44
MI,49872,34,40,25,18
MI,49873,21,42,10,37
MI,49874,25,26,11,44
MI,49876,19,48,24,32
MI,49877,27,27,12,58
MI,49878,37,47,24,32
MI,49879,36,35,23,37
MI,49880,16,37,18,21
MI,49881,13,23,22,58
MI,49883,15,24,18,61
MI,49884,31,26,16,69
MI,49885,17,39,14,19
MI,49886,14,33,28,47
MI,49887,23,47,15,44
MI,49891,25,33,21,38
MI,49892,18,29,28,46
MI,49893,13,52,10,27
MI,49894,34,43,13,30
MI,49895,31,41,16,21
MI,49896,20,45,13,47
MI,49901,17,47,10,33
MI,49902,16,24,19,19
MI,49903,13,28,24,53
MI,49905,25,29,11,31
MI,49908,18,47,26,58
MI,49910,39,18,24,35
MI,49911,22,30,13,44
MI,49912,37,25,18,18
MI,49913,21,26,14,38
MI,49915,11,34,30,21
MI,49916,34,26,25,22
MI,49917,35,30,20,39
MI,49918,27,31,22,26
MI,49919,23,28,20,30
MI,49920,28,44,13,59
MI,49921,12,39,27,35
MI,49922,16,39,24,29
MI,49925,38,22,16,32
MI,49927,38,46,10,44
MI,49929,16,36,28,62
MI,49930,21,48,12,37
MI,49931,32,32,30,33
MI,49934,38,30,22,24
MI,49935,16,20,15,62
MI,49938,30,35,25,21
MI,49942,28,39,14,53
MI,49945,19,29,15,30
MI,49946,13,44,19,33
MI,49947,27,51,10,27
MI,49948,32,31,22,58
MI,49950,11,35,14,17
MI,49952,19,33,11,44
MI,49953,23,35,22,45
MI,49955,29,52,21,22
MI,49958,36,20,32,24
MI,49959,18,27,11,54
MI,49960,17,28,26,50
MI,49961,16,50,13,30
MI,49962,21,30,18,18
MI,49963,20,31,27,46
MI,49964,22,39,18,54
MI,49965,19,21,17,31
MI,49967,13,45,16,25
MI,49968,17,45,13,40
MI,49969,22,50,30,24
MI,49970,14,28,17,30
MI,49971,14,27,25,36
IA,50001,25,30,10,33
IA,50002,17,25,21,40
IA,50003,45,74,33,43
IA,50005,30,40,7,19
IA,50006,21,26,12,17
IA,50007,29,44,13,35
IA,50008,17,29,18,41
IA,50009,14,53,12,23
IA,50010,36,44,21,21
IA,50011,29,29,12,28
IA,50012,31,54,25,28
IA,50013,18,34,19,19
IA,50014,34,34,19,20
IA,50020,29,31,20,31
IA,50021,37,26,23,33
IA,50022,35,39,24,30
IA,50023,36,31,24,39
IA,50025,19,34,10,35
IA,50026,34,45,14,31
IA,50027,35,41,10,21
IA,50028,34,30,22,47
IA,50029,16,26,22,33
IA,50031,21,55,25,31
IA,50032,20,52,18,33
IA,50033,17,55,19,18
IA,50034,29,30,22,20
IA,50035,35,44,18,30
IA,50036,12,23,16,35
IA,50037,27,23,17,18
IA,50038,24,23,23,35
IA,50039,30,30,7,42
IA,50040,25,35,19,33
IA,50041,25,28,21,32
IA,50042,26,30,8,45
IA,50043,34,25,15,18
IA,50044,19,51,26,52
IA,50046,24,48,24,43
IA,50047,34,44,21,33
IA,50048,16,29,11,45
IA,50049,18,30,12,48
IA,50050,20,33,10,36
IA,50051,30,18,18,36
IA,50052,23,37,15,19
IA,50054,16,23,9,41
IA,50055,24,41,8,31
IA,50056,32,19,11,15
IA,50057,31,47,25,37
IA,50058,21,56,10,44
IA,50059,23,44,11,17
IA,50060,30,25,18,45
IA,50061,23,21,12,40
IA,50062,34,28,12,35
IA,50063,22,22,19,16
IA,50064,21,42,19,26
IA,50065,33,42,24,37
IA,50066,15,26,7,30
IA,50067,19,42,9,47
IA,50068,32,28,18,28
IA,50069,25,26,10,12
IA,50070,11,32,25,32
IA,50071,26,25,18,20
IA,50072,31,31,8,18
IA,50073,29,32,20,23
IA,50074,26,46,19,16
IA,50075,29,37,19,14
IA,50076,17,35,23,28
IA,50078,38,32,11,18
IA,50099,29,38,19,37
IA,50101,25,18,7,43
IA,50102,32,31,22,47
IA,50103,39,29,17,44
IA,50104,30,23,13,21
IA,50105,27,23,14,23
IA,50106,29,22,13,37
IA,50107,13,32,18,32
IA,50108,17,28,12,29
IA,50109,12,18,21,25
IA,50110,24,29,13,35
IA,50111,20,21,11,24
IA,50112,17,44,15,28
IA,50115,18,23,26,20
IA,50116,34,31,27,45
IA,50117,11,44,16,22
IA,50118,11,34,15,18
IA,50119,28,35,9,32
IA,50120,26,25,17,32
IA,50122,34,26,8,15
IA,50123,14,39,24,35
IA,50124,12,27,21,20
IA,50125,13,27,20,34
IA,50126,21,22,11,36
IA,50127,16,38,9,20
IA,50128,35,52,17,36
IA,50129,20,27,12,40
IA,50130,27,52,16,18
IA,50131,13,40,12,43
IA,50132,16,21,8,23
IA,50133,34,36,19,37
IA,50134,26,34,24,28
IA,50135,18,37,16,29
IA,50136,25,25,13,35
IA,50137,16,45,12,20
IA,50138,23,30,21,25
IA,50139,23,23,10,21
IA,50140,27,51,16,15
IA,50141,39,25,8,17
IA,50142,19,39,10,29
IA,50143,36,39,21,25
IA,50144,39,18,9,36
IA,50145,22,31,24,13
IA,50146,29,20,15,23
IA,50147,17,33,12,28
IA,50148,29,18,24,35
IA,50149,22,47,19,35
IA,50150,11,26,19,15
IA,50151,30,21,24,35
IA,50152,32,38,15,22
IA,50153,35,25,9,39
IA,50154,23,43,16,15
IA,50155,33,30,19,30
IA,50156,27,34,21,24
IA,50157,23,29,21,25
IA,50158,28,30,18,19
IA,50160,33,50,13,40
IA,50161,15,43,19,29
IA,50162,33,36,15,34
IA,50163,36,41,16,26
IA,50164,14,30,23,54
IA,50165,23,25,10,48
IA,50166,18,35,10,23
IA,50167,19,25,24,35
IA,50168,28,51,14,21
IA,50169,30,53,17,33
IA,50170,26,48,17,34
IA,50171,33,31,15,29
IA,50173,13,33,15,23
IA,50174,25,47,14,37
IA,50201,26,20,27,19
IA,50206,23,29,15,24
IA,50207,32,17,14,28
IA,50208,22,46,13,27
IA,50210,22,21,23,14
IA,50211,31,24,10,24
IA,50212,39,24,11,35
IA,50213,32,27,8,26
IA,50214,16,20,16,30
IA,50216,35,47,20,33
IA,50217,30,53,17,22
IA,50218,12,55,9,23
IA,50219,27,44,22,18
IA,50220,18,30,9,38
IA,50222,17,44,10,13
IA,50223,22,37,17,23
IA,50225,17,29,14,16
IA,50226,18,27,25,42
IA,50227,17,41,27,45
IA,50228,34,49,14,30
IA,50229,18,28,19,53
IA,50230,16,28,16,26
IA,50231,32,43,15,37
IA,50232,23,37,7,32
IA,50233,19,50,21,35
IA,50234,37,41,11,24
IA,50235,15,22,13,30
IA,50236,22,28,14,37
IA,50237,18,25,9,34
IA,50238,33,30,8,31
IA,50239,33,35,8,43
IA,50240,34,40,22,18
IA,50241,28,38,8,27
IA,50242,31,17,12,19
IA,50243,33,36,19,28
IA,50244,32,43,10,38
IA,50246,37,45,21,31
IA,50247,22,23,17,33
IA,50248,31,34,21,33
IA,50249,32,42,22,39
IA,50250,32,27,22,46
IA,50251,33,37,17,16
IA,50252,27,46,8,38
IA,50254,31,26,12,24
IA,50255,25,22,23,16
IA,50256,23,27,9,16
IA,50257,33,46,24,34
IA,50258,27,25,24,26
IA,50259,33,17,16,26
IA,50261,20,20,14,43
IA,50262,14,26,26,40
IA,50263,14,26,22,26
IA,50264,29,20,17,19
IA,50265,19,25,18,22
IA,50266,22,35,14,24
IA,50268,27,47,14,15
IA,50269,18,25,8,31
IA,50271,19,30,11,33
IA,50272,38,41,24,33
IA,50273,31,29,12,20
IA,50274,34,45,8,23
IA,50275,15,16,10,17
IA,50276,21,28,22,35
IA,50277,30,44,20,22
IA,50278,34,19,27,26
IA,50301,20,40,9,45
IA,50302,37,29,10,20
IA,50303,13,29,22,32
IA,50304,14,36,20,29
IA,50305,32,57,15,20
IA,50306,11,28,14,23
IA,50307,16,30,16,28
IA,50308,30,29,8,29
IA,50309,25,36,19,17
IA,50310,18,28,13,32
IA,50311,18,29,25,38
IA,50312,22,19,7,25
IA,50313,12,26,24,20
IA,50314,31,30,16,38
IA,50315,22,44,14,18
IA,50316,17,46,16,16
IA,50317,15,34,8,24
IA,50318,27,30,12,32
IA,50319,36,20,15,29
IA,50320,20,23,13,30
IA,50321,32,33,9,40
IA,50322,30,46,24,41
IA,50323,32,25,24,18
IA,50324,12,17,12,26
IA,50325,20,25,20,37
IA,50327,28,25,17,30
IA,50328,13,30,16,38
IA,50329,20,26,15,28
IA,50330,13,26,21,32
IA,50331,13,38,16,12
IA,50332,34,35,12,36
IA,50333,18,31,22,27
IA,50334,27,37,18,53
IA,50335,18,26,11,25
IA,50336,13,44,13,28
IA,50339,29,36,9,24
IA,50340,23,51,8,43
IA,50347,15,22,11,38
IA,50359,26,34,21,19
IA,50360,28,32,20,39
IA,50361,12,50,23,42
IA,50362,12,25,17,31
IA,50363,33,29,14,22
IA,50364,18,22,12,22
IA,50367,24,27,20,47
IA,50368,25,54,9,36
IA,50369,34,42,8,22
IA,50380,17,48,13,16
IA,50381,13,36,26,33
IA,50391,37,32,16,38
IA,50392,20,43,12,35
IA,50393,18,25,10,42
IA,50394,16,29,19,21
IA,50395,27,34,16,47
IA,50396,24,23,16,14
IA,50397,29,41,19,40
IA,50398,28,50,22,33
IA,50401,24,34,10,37
IA,50402,16,20,22,21
IA,50420,28,35,13,15
IA,50421,26,19,18,17
IA,50423,14,46,26,29
IA,50424,17,40,25,22
IA,50426,27,29,11,28
IA,50427,15,42,9,49
IA,50428,19,22,15,19
IA,50430,16,31,13,47
IA,50431,34,34,10,15
IA,50432,34,28,26,19
IA,50433,20,27,19,21
IA,50434,40,34,9,34
IA,50435,16,30,8,39
IA,50436,37,19,7,27
IA,50438,20,29,14,20
IA,50439,28,29,13,27
IA,50440,15,29,19,30
IA,50441,30,54,19,42
IA,50444,24,37,20,40
IA,50446,25,31,15,21
IA,50447,19,29,21,26
IA,50448,27,22,13,48
IA,50449,17,42,22,39
IA,50450,22,35,17,24
IA,50451,17,43,17,23
IA,50452,24,51,12,24
IA,50453,24,24,8,20
IA,50454,25,21,15,15
IA,50455,13,25,20,40
IA,50456,11,27,7,16
IA,50457,39,26,14,25
IA,50458,12,28,23,27
IA,50459,38,38,25,32
IA,50460,31,47,21,30
IA,50461,27,34,17,34
IA,50464,36,31,12,22
IA,50465,28,43,8,29
IA,50466,16,43,9,36
IA,50467,35,47,15,33
IA,50468,15,33,23,24
IA,50469,35,52,17,19
IA,50470,35,37,8,38
IA,50471,20,32,16,32
IA,50472,22,27,9,19
IA,50473,19,31,24,36
IA,50475,37,31,23,23
IA,50476,29,22,21,25
IA,50477,23,32,17,24
IA,50478,14,42,18,34
IA,50479,29,21,8,30
IA,50480,27,35,24,29
IA,50481,16,26,21,37
IA,50482,24,48,19,37
IA,50483,14,50,20,21
IA,50484,28,24,18,33
IA,50501,20,26,13,32
IA,50510,18,44,14,30
IA,50511,36,29,22,20
IA,50514,35,31,11,13
IA,50515,19,36,21,36
IA,50516,22,22,19,29
IA,50517,16,26,15,43
IA,50518,19,29,10,36
IA,50519,13,42,24,14
IA,50520,20,38,10,37
IA,50521,26,27,24,47
IA,50522,22,53,26,21
IA,50523,12,35,22,32
IA,50524,31,20,22,40
IA,50525,12,20,21,23
IA,50526,34,36,21,29
IA,50527,27,27,25,16
IA,50528,39,40,8,40
IA,50529,25,23,20,32
IA,50530,26,25,11,39
IA,50531,23,29,24,34
IA,50532,14,47,11,25
IA,50533,23,28,16,21
IA,50535,17,43,15,55
IA,50536,23,31,22,34
IA,50538,18,38,8,39
IA,50539,26,46,25,32
IA,50540,20,29,15,29
IA,50541,26,50,12,31
IA,50542,14,23,20,45
IA,50543,18,33,19,40
IA,50544,19,53,19,24
IA,50545,19,28,23,42
IA,50546,35,32,26,30
IA,50548,14,20,22,38
IA,50551,25,44,19,27
IA,50552,27,27,22,28
IA,50554,32,29,7,28
IA,50556,21,30,17,36
IA,50557,25,21,25,50
IA,50558,28,31,8,37
IA,50559,17,47,12,40
IA,50560,22,25,20,29
IA,50561,19,29,13,18
IA,50562,15,19,13,50
IA,50563,31,21,16,36
IA,50565,26,29,21,46
IA,50566,37,53,15,18
IA,50567,40,44,23,14
IA,50568,30,24,10,19
IA,50569,17,42,13,34
IA,50570,24,38,10,22
IA,50571,23,38,18,46
IA,50573,13,27,17,15
IA,50574,15,19,23,30
IA,50575,15,29,15,26
IA,50576,38,31,23,29
IA,50577,33,22,14,43
IA,50578,38,22,19,30
IA,50579,28,26,17,39
IA,50581,14,51,19,47
IA,50582,19,21,13,38
IA,50583,16,28,22,15
IA,50585,28,21,15,27
IA,50586,25,21,12,16
IA,50588,36,33,16,30
IA,50590,13,46,14,37
IA,50591,25,43,14,34
IA,50592,28,31,15,14
IA,50593,31,28,17,36
IA,50594,21,55,19,33
IA,50595,35,25,22,24
IA,50597,32,50,16,22
IA,50598,12,32,23,16
IA,50599,27,29,14,17
IA,50601,26,43,14,31
IA,50602,28,39,23,36
IA,50603,19,21,23,24
IA,50604,39,36,10,23
IA,50605,36,25,8,51
IA,50606,18,30,14,33
IA,50607,19,52,10,35
IA,50608,31,27,18,21
IA,50609,15,19,24,49
IA,50611,41,31,24,26
IA,50612,27,29,18,20
IA,50613,11,36,26,45
IA,50614,30,29,23,39
IA,50616,11,36,13,23
IA,50619,21,34,11,43
IA,50620,26,21,22,46
IA,50621,15,34,10,27
IA,50622,18,50,22,61
IA,50623,16,47,8,28
IA,50624,25,27,14,13
IA,50625,20,26,13,13
IA,50626,15,46,9,28
IA,50627,26,28,20,15
IA,50628,23,52,18,23
IA,50629,34,24,22,37
IA,50630,17,38,15,39
IA,50631,36,36,14,22
IA,50632,24,38,16,29
IA,50633,19,36,15,34
IA,50634,32,43,10,22
IA,50635,28,28,23,18
IA,50636,30,38,15,19
IA,50638,15,45,21,26
IA,50641,22,25,9,28
IA,50642,29,30,16,38
IA,50643,17,28,9,36
IA,50644,31,48,16,38
IA,50645,20,28,7,26
IA,50647,13,24,21,19
IA,50648,39,52,19,41
IA,50649,23,44,22,36
IA,50650,33,40,18,22
IA,50651,28,35,12,36
IA,50652,23,29,26,48
IA,50653,13,46,15,20
IA,50654,26,33,21,22
IA,50655,30,31,14,23
IA,50657,16,31,8,28
IA,50658,25,36,10,34
IA,50659,24,41,12,31
IA,50660,26,25,18,27
IA,50661,31,38,13,19
IA,50662,37,28,21,37
IA,50664,25,26,16,40
IA,50665,28,29,12,49
IA,50666,30,49,23,43
IA,50667,37,31,25,29
IA,50668,23,18,12,40
IA,50669,19,27,21,37
IA,50670,35,28,15,24
IA,50671,24,32,18,21
IA,50672,18,38,21,26
IA,50673,23,23,10,21
IA,50674,29,42,20,25
IA,50675,20,45,19,34
IA,50676,23,32,11,24
IA,50677,19,25,23,44
IA,50680,25,28,13,41
IA,50681,26,35,24,21
IA,50682,30,39,18,29
IA,50701,22,51,9,43
IA,50702,27,32,18,25
IA,50703,41,41,22,18
IA,50704,17,27,15,32
IA,50706,17,27,18,44
IA,50707,21,34,18,39
IA,50801,18,25,24,44
IA,50830,31,47,16,19
IA,50831,23,31,11,28
IA,50833,16,36,9,38
IA,50835,28,37,23,37
IA,50836,32,31,16,16
IA,50837,22,22,13,48
IA,50839,13,26,19,36
IA,50840,22,41,12,25
IA,50841,25,18,24,23
IA,50842,21,21,19,42
IA,50843,31,42,23,27
IA,50845,30,36,9,34
IA,50846,15,20,10,26
IA,50847,30,41,19,24
IA,50848,25,26,22,32
IA,50849,30,37,18,20
IA,50851,32,31,19,24
IA,50853,35,33,12,29
IA,50854,14,40,18,32
IA,50857,20,28,21,37
IA,50858,17,38,17,16
IA,50859,13,23,12,25
IA,50860,23,36,17,54
IA,50861,27,32,7,23
IA,50862,16,26,20,33
IA,50863,33,38,13,50
IA,50864,19,24,18,35
IA,50936,34,16,9,24
IA,50940,14,45,26,53
IA,50947,14,37,22,27
IA,50950,22,17,22,47
IA,50980,32,25,14,25
IA,50981,27,43,9,26
IA,50982,20,35,12,47
IA,50983,18,25,19,37
IA,51001,27,26,22,44
IA,51002,27,23,15,31
IA,51003,29,31,14,29
IA,51004,22,33,22,34
IA,51005,25,53,12,21
IA,51006,33,19,14,41
IA,51007,29,37,17,30
IA,51008,18,34,16,21
IA,51009,29,46,14,35
IA,51010,20,47,26,42
IA,51011,40,24,15,25
IA,51012,34,40,22,35
IA,51014,33,36,11,31
IA,51015,16,44,11,31
IA,51016,21,38,19,51
IA,51018,18,20,10,47
IA,51019,27,42,22,28
IA,51020,38,46,12,15
IA,51022,18,27,8,20
IA,51023,29,31,21,30
IA,51024,20,25,20,19
IA,51025,15,33,15,34
IA,51026,27,31,25,27
IA,51027,14,25,19,19
IA,51028,18,28,20,24
IA,51029,23,35,14,20
IA,51030,30,27,13,17
IA,51031,32,28,15,14
IA,51033,28,30,14,20
IA,51034,21,41,25,18
IA,51035,24,38,10,23
IA,51036,11,29,11,23
IA,51037,13,37,11,26
IA,51038,30,26,10,26
IA,51039,29,39,8,28
IA,51040,30,24,26,28
IA,51041,34,37,10,19
IA,51044,32,42,18,46
IA,51045,32,30,18,52
IA,51046,41,47,25,31
IA,51047,34,25,22,19
IA,51048,24,32,18,22
IA,51049,17,45,16,41
IA,51050,21,31,19,12
IA,51051,32,41,9,24
IA,51052,30,25,12,45
IA,51053,16,36,9,39
IA,51054,13,24,8,21
IA,51055,17,30,7,30
IA,51056,30,30,11,39
IA,51058,16,42,10,17
IA,51060,24,49,10,43
IA,51061,29,50,22,44
IA,51062,33,22,12,45
IA,51063,17,27,17,31
IA,51101,18,20,15,30
IA,51102,37,37,8,37
IA,51103,15,37,18,40
IA,51104,34,26,18,25
IA,51105,27,33,24,51
IA,51106,30,28,15,26
IA,51108,27,24,14,17
IA,51109,17,35,12,45
IA,51111,14,41,17,27
IA,51201,23,41,15,19
IA,51230,21,18,12,20
IA,51231,31,41,14,35
IA,51232,32,26,21,30
IA,51234,36,49,23,34
IA,51235,28,25,23,22
IA,51237,18,36,10,34
IA,51238,29,26,21,20
IA,51239,14,36,16,30
IA,51240,31,31,13,33
IA,51241,21,49,23,36
IA,51242,34,36,14,33
IA,51243,20,25,11,45
IA,51244,36,29,22,29
IA,51245,32,36,16,22
IA,51246,13,39,20,35
IA,51247,21,34,14,20
IA,51248,19,44,17,27
IA,51249,30,27,23,25
IA,51250,13,23,11,18
IA,51301,13,23,24,46
IA,51331,18,26,8,22
IA,51333,29,45,11,14
IA,51334,23,26,23,19
IA,51338,16,45,23,47
IA,51340,29,48,19,22
IA,51341,26,24,12,19
IA,51342,30,36,24,22
IA,51343,27,35,25,14
IA,51344,34,29,23,13
IA,51345,25,21,15,40
IA,51346,17,37,18,33
IA,51347,36,45,26,28
IA,51350,31,42,12,23
IA,51351,31,22,22,42
IA,51354,19,29,10,40
IA,51355,34,23,21,36
IA,51357,21,44,17,55
IA,51358,28,39,19,28
IA,51360,34,37,11,23
IA,51363,34,50,20,25
IA,51364,24,58,8,24
IA,51365,20,48,16,30
IA,51366,20,32,26,32
IA,51401,36,33,8,14
IA,51430,23,38,26,35
IA,51431,26,28,21,33
IA,51432,36,22,19,32
IA,51433,16,32,15,26
IA,51436,36,26,23,20
IA,51439,26,37,18,41
IA,51440,34,36,10,32
IA,51441,22,24,18,35
IA,51442,20,29,22,18
IA,51443,13,39,10,45
IA,51444,31,23,19,14
IA,51445,30,48,24,33
IA,51446,20,35,23,30
IA,51447,39,42,8,36
IA,51448,17,34,12,38
IA,51449,14,26,14,37
IA,51450,38,35,16,39
IA,51451,22,28,11,22
IA,51452,14,28,10,24
IA,51453,12,24,22,24
IA,51454,20,37,23,43
IA,51455,29,33,21,31
IA,51458,15,25,18,43
IA,51459,31,46,22,38
IA,51460,26,46,10,48
IA,51461,20,56,22,28
IA,51462,17,42,24,29
IA,51463,33,34,14,43
IA,51465,16,28,10,23
IA,51466,17,25,11,28
IA,51467,13,36,13,22
IA,51501,13,19,10,30
IA,51502,20,27,13,44
IA,51503,13,28,14,19
IA,51510,21,52,16,44
IA,51520,30,40,21,33
IA,51521,15,38,8,30
IA,51523,17,41,11,41
IA,51525,23,31,23,25
IA,51526,13,36,17,55
IA,51527,22,28,7,22
IA,51528,16,25,17,37
IA,51529,26,41,13,36
IA,51530,21,46,17,25
IA,51531,20,26,8,32
IA,51532,23,42,13,35
IA,51533,28,36,20,45
IA,51534,38,36,21,33
IA,51535,29,32,17,27
IA,51536,35,20,9,43
IA,51537,24,35,21,31
IA,51540,17,20,12,24
IA,51541,23,26,22,50
IA,51542,29,18,19,41
IA,51543,18,37,20,21
IA,51544,12,43,9,29
IA,51545,41,44,19,21
IA,51546,23,25,13,30
IA,51548,22,47,17,35
IA,51549,20,41,10,27
IA,51550,28,41,17,41
IA,51551,25,33,14,31
IA,51552,31,33,9,40
IA,51553,32,36,9,19
IA,51554,20,29,8,27
IA,51555,12,35,13,27
IA,51556,18,20,16,33
IA,51557,19,33,8,30
IA,51558,31,43,11,28
IA,51559,24,21,10,34
IA,51560,21,26,13,39
IA,51561,28,36,11,31
IA,51562,19,19,10,37
IA,51563,17,19,21,22
IA,51564,17,18,23,26
IA,51565,22,45,17,47
IA,51566,29,33,12,40
IA,51570,23,28,18,28
IA,51571,25,27,15,38
IA,51572,26,34,24,16
IA,51573,31,24,23,15
IA,51575,30,24,8,29
IA,51576,24,37,24,32
IA,51577,36,19,22,40
IA,51578,19,37,18,21
IA,51579,23,29,24,13
IA,51591,22,37,19,24
IA,51593,21,20,12,25
IA,51601,31,21,19,32
IA,51602,29,27,21,48
IA,51603,38,31,14,20
IA,51630,14,38,14,24
IA,51631,21,44,14,36
IA,51632,34,52,18,33
IA,51636,31,38,11,31
IA,51637,36,29,24,16
IA,51638,24,35,18,21
IA,51639,30,31,11,24
IA,51640,16,27,15,29
IA,51645,20,34,8,38
IA,51646,13,45,20,29
IA,51647,32,25,20,55
IA,51648,27,29,23,23
IA,51649,11,22,19,16
IA,51650,20,37,21,36
IA,51651,39,22,14,40
IA,51652,15,50,13,43
IA,51653,30,24,21,19
IA,51654,29,24,15,28
IA,51656,20,25,24,43
IA,52001,19,27,26,47
IA,52002,21,18,10,29
IA,52003,27,23,15,40
IA,52004,15,23,23,23
IA,52030,21,18,15,27
IA,52031,39,35,18,22
IA,52032,25,28,18,23
IA,52033,26,22,24,24
IA,52035,17,38,26,38
IA,52036,24,27,8,45
IA,52037,23,31,23,22
IA,52038,22,23,18,18
IA,52039,31,21,9,51
IA,52040,34,32,22,19
IA,52041,27,43,20,26
IA,52042,26,32,23,22
IA,52043,25,17,20,22
IA,52044,33,33,17,22
IA,52045,37,55,21,21
IA,52046,29,19,10,38
IA,52047,16,22,11,12
IA,52048,26,32,7,48
IA,52049,17,33,8,35
IA,52050,35,44,19,36
IA,52052,18,43,14,23
IA,52053,19,26,11,17
IA,52054,30,31,14,47
IA,52056,19,32,11,22
IA,52057,15,30,23,28
IA,52060,26,44,24,37
IA,52064,32,21,22,31
IA,52065,39,23,13,12
IA,52066,29,49,16,19
IA,52068,32,32,13,14
IA,52069,12,23,14,20
IA,52070,12,37,11,13
IA,52071,33,21,16,29
IA,52072,30,21,17,28
IA,52073,16,33,11,28
IA,52074,24,54,11,20
IA,52075,15,34,10,43
IA,52076,27,32,11,49
IA,52077,17,41,24,19
IA,52078,22,44,12,20
IA,52079,32,22,12,52
IA,52099,12,28,19,47
IA,52101,16,45,20,22
IA,52132,16,32,12,40
IA,52133,27,23,23,21
IA,52134,33,37,23,16
IA,52135,34,26,9,24
IA,52136,23,29,18,39
IA,52140,30,30,12,48
IA,52141,16,41,25,29
IA,52142,14,28,25,27
IA,52144,27,49,7,26
IA,52146,12,40,9,43
IA,52147,25,46,15,43
IA,52149,26,43,18,39
IA,52151,25,47,22,41
IA,52154,18,38,12,18
IA,52155,40,31,10,37
IA,52156,21,40,9,45
IA,52157,33,24,23,21
IA,52158,11,32,15,36
IA,52159,20,39,24,15
IA,52160,33,38,14,16
IA,52161,25,33,11,37
IA,52162,21,53,21,41
IA,52163,20,27,8,20
IA,52164,32,48,20,14
IA,52165,30,41,8,26
IA,52166,27,44,13,26
IA,52168,33,34,11,20
IA,52169,24,39,17,29
IA,52170,17,31,24,35
IA,52171,35,47,15,12
IA,52172,15,18,25,23
IA,52175,15,29,13,21
IA,52201,17,36,8,33
IA,52202,17,24,7,17
IA,52203,16,20,25,33
IA,52204,23,21,18,37
IA,52205,14,31,12,16
IA,52206,29,46,24,25
IA,52207,11,36,23,29
IA,52208,24,31,19,27
IA,52209,25,42,14,31
IA,52210,25,27,19,35
IA,52211,15,29,9,18
IA,52212,29,28,13,40
IA,52213,22,29,21,46
IA,52214,20,24,25,14
IA,52215,16,20,7,33
IA,52216,27,44,10,36
IA,52217,26,32,14,27
IA,52218,22,24,11,35
IA,52219,31,17,12,39
IA,52220,20,44,22,33
IA,52221,38,29,10,30
IA,52222,34,25,12,32
IA,52223,16,29,26,47
IA,52224,18,28,17,36
IA,52225,14,48,7,23
IA,52227,26,27,25,30
IA,52228,36,18,13,33
IA,52229,17,21,17,27
IA,52231,33,53,7,36
IA,52232,14,41,17,38
IA,52233,17,47,14,19
IA,52235,27,33,21,23
IA,52236,24,31,24,48
IA,52237,30,50,16,30
IA,52240,13,41,13,31
IA,52241,31,23,13,48
IA,52242,21,29,18,34
IA,52243,19,45,13,40
IA,52244,33,40,14,32
IA,52245,16,43,19,33
IA,52246,19,29,24,38
IA,52247,16,24,7,27
IA,52248,32,53,9,41
IA,52249,24,25,8,31
IA,52251,40,24,14,23
IA,52252,14,54,19,12
IA,52253,29,34,19,38
IA,52254,22,29,11,16
IA,52255,22,16,9,19
IA,52257,17,31,12,43
IA,52301,23,17,8,27
IA,52302,39,21,7,24
IA,52305,15,34,23,16
IA,52306,17,26,16,20
IA,52307,30,33,18,46
IA,52308,36,40,10,21
IA,52309,21,40,20,13
IA,52310,40,24,12,28
IA,52312,25,37,23,27
IA,52313,13,44,17,28
IA,52314,29,45,8,31
IA,52315,17,33,17,26
IA,52316,32,37,11,30
IA,52317,21,31,15,28
IA,52318,28,26,22,30
IA,52319,36,36,8,40
IA,52320,30,27,10,37
IA,52321,15,56,20,33
IA,52322,11,33,19,31
IA,52323,13,22,26,21
IA,52324,28,24,11,33
IA,52325,23,45,25,31
IA,52326,29,27,12,32
IA,52327,23,27,19,41
IA,52328,32,43,11,22
IA,52329,31,25,15,16
IA,52330,27,32,15,43
IA,52332,31,46,11,30
IA,52333,34,29,15,40
IA,52334,39,38,20,45
IA,52335,31,51,21,25
IA,52336,19,27,24,40
IA,52337,22,41,16,26
IA,52338,19,34,9,30
IA,52339,25,25,18,28
IA,52340,13,45,19,22
IA,52341,16,19,9,16
IA,52342,14,18,21,20
IA,52344,19,37,12,34
IA,52345,33,30,23,15
IA,52346,34,25,8,32
IA,52347,32,27,17,23
IA,52348,30,52,12,30
IA,52349,18,19,19,29
IA,52350,18,40,25,38
IA,52351,25,37,23,35
IA,52352,11,27,25,48
IA,52353,19,40,26,29
IA,52354,32,54,27,25
IA,52355,21,28,15,23
IA,52356,29,43,7,16
IA,52358,13,30,17,34
IA,52359,36,51,9,26
IA,52361,24,29,14,32
IA,52362,28,37,25,33
IA,52401,15,30,19,28
IA,52402,24,48,14,22
IA,52403,24,37,20,22
IA,52404,17,24,19,17
IA,52405,18,21,19,27
IA,52406,14,27,20,43
IA,52407,18,28,22,40
IA,52408,18,24,10,13
IA,52409,16,38,16,35
IA,52410,22,30,13,25
IA,52411,32,46,16,33
IA,52497,14,30,19,30
IA,52498,28,25,15,21
IA,52499,21,26,19,15
IA,52501,30,25,24,38
IA,52530,17,33,25,32
IA,52531,25,55,12,35
IA,52533,14,28,23,18
IA,52534,33,40,10,24
IA,52535,33,34,11,26
IA,52536,29,35,25,35
IA,52537,22,40,9,35
IA,52538,14,34,21,15
IA,52540,17,23,9,25
IA,52542,35,32,15,25
IA,52543,13,40,23,28
IA,52544,19,38,15,38
IA,52548,19,47,9,22
IA,52549,30,28,17,52
IA,52550,21,22,7,33
IA,52551,20,21,13,18
IA,52552,24,42,18,29
IA,52553,36,34,13,30
IA,52554,16,20,26,26
IA,52555,14,28,24,40
IA,52556,16,34,21,28
IA,52557,39,47,19,27
IA,52560,22,35,12,20
IA,52561,23,37,11,19
IA,52562,23,34,10,39
IA,52563,36,42,7,12
IA,52565,25,43,8,16
IA,52566,23,57,25,32
IA,52567,26,24,14,26
IA,52568,21,41,13,19
IA,52569,11,39,7,25
IA,52570,23,39,22,22
IA,52571,25,21,27,46
IA,52572,18,34,18,17
IA,52573,29,34,24,37
IA,52574,33,27,11,18
IA,52576,33,46,19,17
IA,52577,23,23,8,31
IA,52580,25,39,13,55
IA,52581,17,40,25,16
IA,52583,20,29,14,28
IA,52584,37,37,13,32
IA,52585,33,38,21,12
IA,52586,21,41,15,26
IA,52588,12,38,19,27
IA,52590,31,32,23,41
IA,52591,25,40,7,26
IA,52593,17,27,15,38
IA,52594,21,26,11,26
IA,52595,28,22,15,17
IA,52601,15,47,12,29
IA,52619,34,23,9,18
IA,52620,12,25,11,36
IA,52621,15,27,23,15
IA,52623,20,41,22,27
IA,52624,14,40,10,32
IA,52625,30,38,18,47
IA,52626,18,41,24,28
IA,52627,35,35,8,27
IA,52630,25,49,10,32
IA,52631,25,32,24,36
IA,52632,17,39,8,19
IA,52635,27,42,17,22
IA,52637,29,26,13,31
IA,52638,19,37,17,51
IA,52639,21,50,23,22
IA,52640,19,25,15,34
IA,52641,39,31,19,32
IA,52642,34,34,12,36
IA,52644,28,28,20,45
IA,52645,30,17,24,40
IA,52646,23,30,18,23
IA,52647,19,32,18,21
IA,52648,36,27,17,33
IA,52649,21,27,19,34
IA,52650,13,17,17,31
IA,52651,34,19,8,39
IA,52652,11,53,11,25
IA,52653,36,53,25,24
IA,52654,21,48,23,20
IA,52655,14,47,14,21
IA,52656,24,29,8,27
IA,52657,38,26,8,51
IA,52658,19,32,9,29
IA,52659,34,40,16,24
IA,52660,17,27,21,25
IA,52701,30,28,9,32
IA,52720,35,42,21,20
IA,52721,24,45,12,15
IA,52722,17,36,8,34
IA,52726,15,38,12,17
IA,52727,41,29,19,28
IA,52728,16,41,12,25
IA,52729,39,29,21,46
IA,52730,15,33,13,32
IA,52731,17,48,20,28
IA,52732,32,53,26,53
IA,52733,29,52,21,46
IA,52734,22,25,18,21
IA,52736,20,49,16,24
IA,52737,24,30,12,27
IA,52738,15,43,23,36
IA,52739,19,22,15,25
IA,52742,33,53,13,32
IA,52745,22,45,8,43
IA,52746,32,32,20,12
IA,52747,17,42,11,44
IA,52748,28,42,21,41
IA,52749,11,22,19,43
IA,52750,13,23,27,39
IA,52751,18,20,17,23
IA,52752,18,28,17,17
IA,52753,24,28,10,44
IA,52754,32,32,17,48
IA,52755,27,20,20,32
IA,52756,27,41,8,32
IA,52757,30,31,10,44
IA,52758,23,38,8,35
IA,52759,19,37,23,16
IA,52760,26,39,12,28
IA,52761,16,51,13,20
IA,52765,27,33,17,39
IA,52766,31,45,13,54
IA,52767,31,28,9,42
IA,52768,22,44,12,28
IA,52769,17,34,23,20
IA,52771,38,33,13,32
IA,52772,33,25,14,46
IA,52773,17,32,12,36
IA,52774,21,39,15,20
IA,52776,15,42,12,38
IA,52777,16,34,12,23
IA,52778,17,34,17,31
IA,52801,32,41,22,26
IA,52802,31,25,22,40
IA,52803,25,33,8,35
IA,52804,30,27,13,38
IA,52805,17,46,23,34
IA,52806,18,36,21,19
IA,52807,24,29,9,33
IA,52808,33,30,9,28
IA,52809,19,38,9,21
WI,53001,33,33,18,36
WI,53002,14,37,14,15
WI,53003,18,35,17,29
WI,53004,24,37,14,27
WI,53005,22,29,15,42
WI,53006,25,27,20,24
WI,53007,33,27,22,19
WI,53008,32,47,20,24
WI,53010,26,40,22,27
WI,53011,14,17,17,27
WI,53012,12,44,7,25
WI,53013,32,27,13,33
WI,53014,20,37,16,50
WI,53015,18,49,20,29
WI,53016,38,51,12,33
WI,53017,34,45,11,36
WI,53018,25,30,22,21
WI,53019,36,37,21,26
WI,53020,26,38,16,37
WI,53021,33,24,19,30
WI,53022,26,17,18,27
WI,53023,39,27,17,25
WI,53024,18,40,16,36
WI,53026,23,24,9,15
WI,53027,13,32,22,19
WI,53029,34,43,12,36
WI,53031,12,30,19,39
WI,53032,35,48,10,16
WI,53033,21,35,10,41
WI,53034,30,31,23,24
WI,53035,24,43,19,15
WI,53036,31,46,12,18
WI,53037,25,22,12,31
WI,53038,21,18,20,27
WI,53039,11,36,14,34
WI,53040,37,46,21,43
WI,53042,31,25,24,28
WI,53044,29,49,25,28
WI,53045,35,45,16,23
WI,53046,23,24,21,24
WI,53047,38,24,9,42
WI,53048,16,19,14,19
WI,53049,17,45,8,32
WI,53050,19,40,8,20
WI,53051,20,44,13,37
WI,53052,13,32,8,31
WI,53056,33,50,11,27
WI,53057,34,52,18,32
WI,53058,17,36,18,44
WI,53059,13,28,24,30
WI,53060,33,36,26,31
WI,53061,23,48,14,35
WI,53062,27,23,21,29
WI,53063,37,25,17,19
WI,53064,21,25,23,26
WI,53065,21,29,17,24
WI,53066,28,28,18,26
WI,53069,26,32,17,47
WI,53070,25,41,10,40
WI,53072,17,44,8,45
WI,53073,17,18,25,32
WI,53074,19,39,10,26
WI,53075,24,53,19,13
WI,53076,15,30,18,14
WI,53078,34,36,18,14
WI,53079,32,38,19,28
WI,53080,12,30,8,42
WI,53081,16,34,18,27
WI,53082,27,34,19,32
WI,53083,27,25,14,30
WI,53085,27,24,19,19
WI,53086,23,38,18,24
WI,53088,21,33,7,34
WI,53089,29,48,19,31
WI,53090,21,34,12,32
WI,53091,25,30,21,34
WI,53092,30,31,14,27
WI,53093,17,47,18,31
WI,53094,32,23,21,33
WI,53095,33,32,22,30
WI,53097,22,29,12,42
WI,53098,28,23,19,15
WI,53099,34,33,11,16
WI,53101,23,32,20,18
WI,53102,17,41,18,24
WI,53103,39,28,24,19
WI,53104,20,40,14,32
WI,53105,33,37,18,28
WI,53108,22,34,8,22
WI,53109,35,34,15,37
WI,53110,14,33,10,36
WI,53114,25,35,20,42
WI,53115,33,26,9,32
WI,53118,26,30,8,31
WI,53119,24,39,26,33
WI,53120,28,35,20,24
WI,53121,15,48,11,15
WI,53122,31,31,11,42
WI,53125,27,33,10,24
WI,53126,32,20,20,28
WI,53127,26,30,23,44
WI,53128,12,49,19,14
WI,53129,32,34,10,15
WI,53130,22,22,21,24
WI,53132,25,35,13,14
WI,53137,19,31,12,17
WI,53138,36,41,18,23
WI,53139,28,31,8,48
WI,53140,13,39,23,30
WI,53141,31,44,19,28
WI,53142,15,35,22,29
WI,53143,20,37,11,19
WI,53144,15,40,11,44
WI,53146,20,38,14,18
WI,53147,22,38,8,39
WI,53148,13,27,19,33
WI,53149,14,32,19,24
WI,53150,28,45,25,36
WI,53151,33,25,20,30
WI,53152,18,28,10,27
WI,53153,41,35,7,46
WI,53154,14,26,17,29
WI,53156,30,21,18,39
WI,53157,25,29,15,22
WI,53158,28,22,9,37
WI,53159,18,40,19,19
WI,53167,26,31,16,20
WI,53168,21,38,8,50
WI,53170,22,36,24,33
WI,53171,29,25,19,23
WI,53172,16,37,12,32
WI,53176,33,18,23,25
WI,53177,25,46,18,35
WI,53178,13,42,19,31
WI,53179,25,35,11,21
WI,53181,12,32,20,41
WI,53182,33,30,16,27
WI,53183,32,26,21,30
WI,53184,24,39,21,26
WI,53185,21,39,10,28
WI,53186,16,37,24,28
WI,53187,21,47,9,31
WI,53188,34,41,12,40
WI,53189,15,41,21,21
WI,53190,30,38,9,33
WI,53191,22,48,21,31
WI,53192,13,26,8,27
WI,53194,22,33,17,34
WI,53195,13,31,23,21
WI,53199,17,27,17,38
WI,53201,18,24,24,37
WI,53202,18,20,12,25
WI,53203,18,48,20,23
WI,53204,18,32,21,43
WI,53205,33,32,23,49
WI,53206,22,36,22,13
WI,53207,24,33,17,29
WI,53208,28,30,21,23
WI,53209,32,28,19,21
WI,53210,32,22,25,40
WI,53211,24,28,13,24
WI,53212,12,32,25,35
WI,53213,31,31,19,42
WI,53214,31,38,10,43
WI,53215,34,41,21,39
WI,53216,33,43,20,30
WI,53217,20,39,9,40
WI,53218,20,46,9,41
WI,53219,12,43,11,25
WI,53220,25,28,23,19
WI,53221,14,37,15,30
WI,53222,20,28,14,23
WI,53223,29,35,16,27
WI,53224,30,22,10,30
WI,53225,30,22,20,20
WI,53226,15,34,18,26
WI,53227,21,30,10,18
WI,53228,22,34,11,43
WI,53233,13,27,18,34
WI,53234,23,25,18,27
WI,53235,19,25,8,18
WI,53237,19,27,11,30
WI,53244,23,35,11,43
WI,53259,34,30,7,37
WI,53263,12,28,25,46
WI,53267,17,43,24,42
WI,53268,16,20,21,14
WI,53274,26,46,9,41
WI,53278,21,38,17,36
WI,53288,12,33,25,27
WI,53290,31,31,18,17
WI,53293,37,37,11,20
WI,53295,21,34,25,18
WI,53401,22,41,22,21
WI,53402,11,53,14,14
WI,53403,27,34,15,41
WI,53404,33,25,15,37
WI,53405,29,33,8,46
WI,53406,28,34,16,51
WI,53407,22,48,13,28
WI,53408,22,25,11,48
WI,53501,28,22,21,25
WI,53502,14,34,20,30
WI,53503,26,32,23,31
WI,53504,17,23,13,18
WI,53505,38,37,8,47
WI,53506,12,54,9,24
WI,53507,24,25,8,29
WI,53508,11,39,18,28
WI,53510,35,45,12,44
WI,53511,29,51,14,38
WI,53512,13,41,10,48
WI,53515,35,47,9,29
WI,53516,22,36,19,21
WI,53517,28,45,20,24
WI,53518,27,26,20,44
WI,53520,26,26,13,15
WI,53521,19,28,10,52
WI,53522,36,27,13,36
WI,53523,31,30,9,37
WI,53525,23,32,27,41
WI,53526,15,42,8,28
WI,53527,26,24,21,44
WI,53528,19,25,19,22
WI,53529,28,31,12,49
WI,53530,31,23,18,41
WI,53531,37,24,11,36
WI,53532,38,24,15,14
WI,53533,21,49,23,29
WI,53534,22,36,11,31
WI,53535,31,34,16,45
WI,53536,17,46,20,29
WI,53537,15,26,17,22
WI,53538,38,38,8,12
WI,53540,30,26,20,14
WI,53541,13,21,12,42
WI,53542,24,48,19,34
WI,53543,26,17,16,32
WI,53544,11,20,19,22
WI,53545,14,21,11,43
WI,53546,21,43,16,30
WI,53547,28,37,19,17
WI,53548,22,50,20,18
WI,53549,32,34,13,50
WI,53550,27,42,13,37
WI,53551,28,23,27,42
WI,53553,32,30,9,21
WI,53554,30,18,7,20
WI,53555,11,44,26,19
WI,53556,29,48,14,42
WI,53557,27,40,16,38
WI,53558,26,27,14,32
WI,53559,23,38,11,33
WI,53560,22,37,16,28
WI,53561,13,45,15,33
WI,53562,26,50,22,21
WI,53563,24,20,19,46
WI,53565,15,30,21,24
WI,53566,27,31,16,21
WI,53569,30,39,8,18
WI,53570,36,24,21,43
WI,53571,33,31,8,35
WI,53572,31,34,12,45
WI,53573,40,34,21,25
WI,53574,19,51,14,22
WI,53575,22,53,16,34
WI,53576,30,43,7,16
WI,53577,11,38,8,46
WI,53578,19,50,13,44
WI,53579,12,22,10,19
WI,53580,31,37,19,13
WI,53581,20,23,18,46
WI,53582,28,19,21,44
WI,53583,12,35,24,33
WI,53584,30,25,9,19
WI,53585,28,19,26,32
WI,53586,22,29,10,30
WI,53587,35,40,14,44
WI,53588,22,27,19,40
WI,53589,21,29,22,27
WI,53590,18,34,10,18
WI,53593,25,38,19,14
WI,53594,25,17,17,51
WI,53595,12,47,22,44
WI,53596,16,51,14,27
WI,53597,23,35,21,39
WI,53598,29,35,9,28
WI,53599,19,29,12,17
WI,53701,29,25,20,21
WI,53702,31,34,22,34
WI,53703,30,49,16,17
WI,53704,38,32,23,21
WI,53705,16,42,14,34
WI,53706,39,48,7,43
WI,53707,37,53,24,23
WI,53708,26,22,9,39
WI,53711,28,33,22,37
WI,53713,26,31,11,47
WI,53714,29,37,20,37
WI,53715,29,26,19,50
WI,53716,37,36,21,42
WI,53717,14,20,22,43
WI,53718,38,50,20,24
WI,53719,29,46,25,36
WI,53725,22,41,22,18
WI,53726,16,26,24,26
WI,53744,33,36,16,22
WI,53774,25,48,19,23
WI,53777,14,39,17,17
WI,53778,15,33,14,31
WI,53779,26,31,16,40
WI,53782,18,22,22,30
WI,53783,26,41,9,17
WI,53784,32,22,15,29
WI,53785,31,30,16,19
WI,53786,36,25,18,13
WI,53788,24,38,13,39
WI,53789,34,24,25,42
WI,53790,17,28,8,21
WI,53791,33,38,16,23
WI,53792,38,39,18,33
WI,53793,14,27,8,34
WI,53794,38,36,24,39
WI,53801,20,21,11,24
WI,53802,31,43,25,23
WI,53803,15,45,15,33
WI,53804,25,30,7,19
WI,53805,38,23,11,21
WI,53806,37,26,14,38
WI,53807,20,19,16,28
WI,53808,15,19,13,20
WI,53809,26,22,10,24
WI,53810,36,29,22,39
WI,53811,18,35,21,20
WI,53812,34,50,9,34
WI,53813,13,31,22,19
WI,53816,13,42,23,26
WI,53817,13,23,19,42
WI,53818,22,35,13,35
WI,53820,18,40,15,31
WI,53821,13,30,23,21
WI,53824,30,27,17,15
WI,53825,19,29,18,37
WI,53826,27,34,7,16
WI,53827,25,27,21,29
WI,53901,25,36,11,21
WI,53910,22,43,12,25
WI,53911,35,48,18,42
WI,53913,21,35,12,40
WI,53916,21,30,23,34
WI,53919,30,27,8,37
WI,53920,19,44,11,30
WI,53922,24,33,17,36
WI,53923,30,26,20,27
WI,53924,23,32,19,20
WI,53925,19,33,15,20
WI,53926,14,23,10,18
WI,53927,26,34,8,26
WI,53928,18,20,9,24
WI,53929,35,21,13,34
WI,53930,21,36,13,39
WI,53931,20,40,22,26
WI,53932,19,39,14,24
WI,53933,33,47,24,26
WI,53934,26,45,10,19
WI,53935,36,43,14,23
WI,53936,11,36,18,37
WI,53937,19,24,12,37
WI,53939,14,17,7,26
WI,53940,17,21,12,34
WI,53941,21,40,22,46
WI,53942,34,21,18,23
WI,53943,20,29,10,16
WI,53944,15,23,21,26
WI,53946,15,37,21,36
WI,53947,23,29,17,40
WI,53948,20,42,8,34
WI,53949,11,43,8,24
WI,53950,34,43,22,30
WI,53951,29,29,23,15
WI,53952,28,51,21,28
WI,53953,11,40,22,17
WI,53954,16,24,21,48
WI,53955,33,25,24,36
WI,53956,27,42,12,23
WI,53957,21,44,12,28
WI,53958,17,34,9,15
WI,53959,26,38,20,25
WI,53960,40,32,13,17
WI,53961,15,39,7,14
WI,53962,28,43,9,37
WI,53963,13,54,10,46
WI,53964,20,27,17,34
WI,53965,30,27,24,38
WI,53968,38,30,13,16
WI,53969,22,21,22,31
WI,54001,11,29,9,34
WI,54002,25,35,14,28
WI,54003,12,24,11,32
WI,54004,30,36,8,19
WI,54005,33,57,15,40
WI,54006,18,25,16,18
WI,54007,36,36,20,28
WI,54009,35,41,12,26
WI,54010,32,25,25,31
WI,54011,31,18,14,30
WI,54013,10,23,25,35
WI,54014,31,31,15,43
WI,54015,37,50,18,22
WI,54016,37,19,11,43
WI,54017,28,27,13,26
WI,54020,28,25,22,36
WI,54021,26,28,20,29
WI,54022,27,23,22,51
WI,54023,25,30,11,24
WI,54024,13,32,24,35
WI,54025,27,25,21,17
WI,54026,16,27,16,15
WI,54027,22,28,16,31
WI,54028,14,34,8,31
WI,54082,28,34,12,42
WI,54101,34,46,15,29
WI,54102,14,46,22,19
WI,54103,19,40,14,25
WI,54104,29,36,8,22
WI,54106,28,33,24,24
WI,54107,29,20,20,37
WI,54110,19,40,24,32
WI,54111,23,30,20,27
WI,54112,31,34,16,32
WI,54113,25,30,12,25
WI,54114,25,25,8,36
WI,54115,29,49,10,21
WI,54119,13,26,22,34
WI,54120,29,44,8,30
WI,54121,13,29,21,34
WI,54123,29,48,15,21
WI,54124,27,41,21,27
WI,54125,32,25,20,20
WI,54126,29,37,23,22
WI,54127,32,21,22,17
WI,54128,16,35,12,45
WI,54129,13,23,9,51
WI,54130,28,35,15,29
WI,54131,24,41,13,34
WI,54135,12,20,8,30
WI,54136,21,31,23,27
WI,54137,28,23,15,30
WI,54138,27,34,12,18
WI,54139,23,36,13,26
WI,54140,27,40,7,44
WI,54141,21,45,23,39
WI,54143,13,23,21,28
WI,54149,19,27,17,16
WI,54150,28,28,9,36
WI,54151,41,38,25,41
WI,54152,27,44,24,44
WI,54153,35,34,22,38
WI,54154,28,32,7,38
WI,54155,15,45,16,21
WI,54156,28,32,24,38
WI,54157,14,27,17,36
WI,54159,34,21,21,32
WI,54160,29,43,10,26
WI,54161,13,43,12,28
WI,54162,31,43,12,13
WI,54165,30,41,14,37
WI,54166,26,26,11,40
WI,54169,16,35,23,24
WI,54170,24,28,8,17
WI,54171,29,24,11,49
WI,54173,15,25,11,55
WI,54174,20,27,18,24
WI,54175,27,23,19,24
WI,54177,29,23,14,28
WI,54180,41,21,14,22
WI,54182,17,46,11,34
WI,54201,23,49,22,26
WI,54202,30,41,18,26
WI,54204,37,32,15,29
WI,54205,12,22,19,38
WI,54207,22,38,26,23
WI,54208,25,49,8,32
WI,54209,30,26,9,20
WI,54210,25,50,8,51
WI,54211,27,23,15,30
WI,54212,39,23,20,18
WI,54213,24,26,11,18
WI,54214,21,18,22,36
WI,54215,20,42,16,30
WI,54216,20,38,10,24
WI,54217,23,27,7,42
WI,54220,14,23,24,30
WI,54221,34,39,12,24
WI,54226,40,26,7,37
WI,54227,24,23,8,26
WI,54228,26,50,19,16
WI,54229,25,31,13,12
WI,54230,23,25,15,39
WI,54232,36,21,27,32
WI,54234,17,46,11,13
WI,54235,36,31,15,22
WI,54240,12,31,17,28
WI,54241,21,51,17,36
WI,54245,23,22,21,23
WI,54246,27,28,16,32
WI,54247,37,31,15,48
WI,54301,17,47,20,31
WI,54302,28,37,12,28
WI,54303,16,18,8,36
WI,54304,27,31,20,23
WI,54305,33,43,9,36
WI,54306,30,48,14,26
WI,54307,19,34,14,37
WI,54308,28,23,15,21
WI,54311,26,24,16,21
WI,54313,17,19,12,36
WI,54324,14,45,7,14
WI,54344,29,23,10,32
WI,54401,37,38,25,30
WI,54402,18,33,10,22
WI,54403,18,28,17,55
WI,54404,28,50,23,29
WI,54405,17,21,13,37
WI,54406,34,24,18,35
WI,54407,29,24,9,24
WI,54408,19,40,10,21
WI,54409,26,46,11,32
WI,54410,14,34,18,15
WI,54411,22,30,12,31
WI,54412,35,32,18,38
WI,54413,30,29,25,24
WI,54414,17,44,21,25
WI,54415,24,25,23,31
WI,54416,15,33,14,21
WI,54417,35,33,8,29
WI,54418,22,36,13,35
WI,54420,23,29,8,22
WI,54421,30,30,21,28
WI,54422,27,17,11,35
WI,54423,31,40,11,37
WI,54424,26,39,10,14
WI,54425,34,42,24,19
WI,54426,24,51,15,20
WI,54427,23,29,23,23
WI,54428,32,49,13,15
WI,54429,34,29,25,45
WI,54430,34,30,14,27
WI,54432,41,42,15,24
WI,54433,18,17,10,28
WI,54434,19,44,14,36
WI,54435,21,37,20,15
WI,54436,37,27,25,55
WI,54437,30,31,20,18
WI,54439,38,35,11,24
WI,54440,24,17,14,29
WI,54441,21,27,17,20
WI,54442,14,25,11,16
WI,54443,11,37,26,23
WI,54446,12,42,22,35
WI,54447,13,52,21,21
WI,54448,33,27,9,26
WI,54449,15,24,26,19
WI,54450,31,29,15,44
WI,54451,36,33,11,32
WI,54452,24,38,21,42
WI,54454,38,31,18,27
WI,54455,27,20,25,41
WI,54456,29,36,7,43
WI,54457,24,47,11,21
WI,54458,24,32,14,38
WI,54459,26,51,14,21
WI,54460,18,40,15,26
WI,54462,26,34,23,29
WI,54463,39,37,23,27
WI,54464,29,34,25,20
WI,54465,20,50,9,31
WI,54466,35,34,10,43
WI,54467,13,42,24,28
WI,54469,24,37,8,40
WI,54470,33,22,18,19
WI,54471,31,38,21,24
WI,54472,16,39,22,31
WI,54473,14,47,9,47
WI,54474,27,23,8,15
WI,54475,32,33,7,15
WI,54476,29,43,27,16
WI,54479,35,35,16,43
WI,54480,16,28,19,37
WI,54481,36,23,17,14
WI,54482,27,32,20,22
WI,54484,21,41,10,33
WI,54485,30,38,15,27
WI,54486,19,31,19,31
WI,54487,23,38,22,35
WI,54488,16,28,22,27
WI,54489,29,25,18,28
WI,54490,29,28,18,50
WI,54491,24,36,15,25
WI,54492,19,31,14,15
WI,54493,31,26,15,20
WI,54494,31,35,23,23
WI,54495,31,31,11,54
WI,54498,27,48,8,19
WI,54499,23,43,16,50
WI,54501,21,36,18,17
WI,54511,24,52,21,18
WI,54512,35,25,13,31
WI,54513,23,29,10,42
WI,54514,28,39,12,14
WI,54515,11,33,25,23
WI,54517,31,32,8,21
WI,54519,15,30,16,22
WI,54520,25,28,10,20
WI,54521,22,36,11,27
WI,54524,16,25,26,44
WI,54525,24,24,10,35
WI,54526,34,36,10,39
WI,54527,36,34,15,43
WI,54529,24,35,23,37
WI,54530,21,38,21,23
WI,54531,14,37,13,33
WI,54532,22,37,19,27
WI,54534,19,29,22,31
WI,54536,37,25,11,45
WI,54537,19,32,10,29
WI,54538,22,18,20,13
WI,54539,34,29,15,30
WI,54540,31,43,18,54
WI,54541,17,55,25,20
WI,54542,11,48,14,42
WI,54543,17,47,14,48
WI,54545,31,34,12,49
WI,54546,32,38,20,32
WI,54547,22,28,24,22
WI,54548,31,30,14,36
WI,54550,28,29,16,20
WI,54552,20,37,15,16
WI,54554,15,35,20,15
WI,54555,32,43,9,17
WI,54556,11,23,8,29
WI,54557,13,28,9,37
WI,54558,15,47,10,23
WI,54559,30,38,16,28
WI,54560,20,47,20,32
WI,54561,36,28,15,33
WI,54562,17,40,23,15
WI,54563,18,26,17,16
WI,54564,36,44,12,25
WI,54565,26,43,13,28
WI,54566,24,18,16,23
WI,54568,20,34,17,42
WI,54601,24,56,23,35
WI,54602,34,44,25,36
WI,54603,18,26,15,30
WI,54610,32,30,17,16
WI,54611,13,24,19,44
WI,54612,15,39,12,39
WI,54613,27,46,24,28
WI,54614,33,28,18,37
WI,54615,25,21,15,18
WI,54616,13,32,13,21
WI,54618,32,33,21,15
WI,54619,38,39,24,22
WI,54620,18,24,16,25
WI,54621,34,43,19,30
WI,54622,20,25,13,34
WI,54623,30,33,19,46
WI,54624,35,32,12,42
WI,54625,39,19,24,31
WI,54626,21,36,25,18
WI,54627,16,31,23,27
WI,54628,16,38,15,23
WI,54629,32,32,20,39
WI,54630,25,18,10,26
WI,54631,23,26,13,25
WI,54632,19,54,17,23
WI,54634,19,41,10,31
WI,54635,24,35,18,22
WI,54636,29,29,20,29
WI,54637,32,24,8,24
WI,54638,16,33,22,45
WI,54639,19,36,13,25
WI,54640,23,38,16,55
WI,54641,30,30,16,23
WI,54642,34,20,19,37
WI,54643,25,26,12,30
WI,54644,28,33,17,39
WI,54645,15,42,25,29
WI,54646,34,46,19,22
WI,54648,16,35,9,41
WI,54649,11,48,22,21
WI,54650,26,53,10,25
WI,54651,26,25,8,35
WI,54652,19,19,18,22
WI,54653,24,30,7,41
WI,54654,21,31,18,41
WI,54655,36,44,22,23
WI,54656,32,24,12,30
WI,54657,22,29,8,47
WI,54658,21,18,22,33
WI,54659,34,41,13,33
WI,54660,17,25,24,24
WI,54661,24,23,8,50
WI,54662,12,37,12,33
WI,54664,24,25,27,44
WI,54665,33,38,19,22
WI,54666,30,28,18,31
WI,54667,23,26,7,47
WI,54669,14,25,11,14
WI,54670,22,48,22,37
WI,54701,26,55,18,28
WI,54702,34,25,9,39
WI,54703,23,27,25,28
WI,54720,23,49,21,22
WI,54721,13,41,15,50
WI,54722,25,26,12,31
WI,54723,23,32,18,51
WI,54724,20,46,13,18
WI,54725,13,23,12,19
WI,54726,27,22,18,36
WI,54727,37,26,18,28
WI,54728,20,35,8,17
WI,54729,23,38,16,17
WI,54730,12,19,12,35
WI,54731,34,34,7,50
WI,54732,37,48,26,42
WI,54733,34,31,9,26
WI,54734,22,40,21,35
WI,54735,23,19,22,23
WI,54736,26,35,13,27
WI,54737,36,33,14,27
WI,54738,22,25,14,15
WI,54739,14,32,19,13
WI,54740,36,23,9,33
WI,54741,30,40,13,31
WI,54742,15,24,21,29
WI,54743,19,35,7,31
WI,54745,17,50,12,22
WI,54746,18,19,10,20
WI,54747,17,34,23,45
WI,54748,32,40,10,16
WI,54749,28,31,14,23
WI,54750,30,40,22,40
WI,54751,16,28,14,25
WI,54754,28,30,9,14
WI,54755,31,26,11,40
WI,54756,12,29,25,33
WI,54757,34,30,9,42
WI,54758,35,48,19,40
WI,54759,19,52,17,35
WI,54760,33,32,13,16
WI,54761,21,21,14,21
WI,54762,24,49,17,25
WI,54763,16,24,18,26
WI,54764,17,37,25,41
WI,54765,30,47,19,18
WI,54766,19,35,21,36
WI,54767,21,47,13,26
WI,54768,12,37,9,43
WI,54769,21,43,17,36
WI,54770,29,32,21,40
WI,54771,29,49,12,18
WI,54772,33,43,25,48
WI,54773,13,23,16,38
WI,54774,33,17,25,37
WI,54801,26,39,11,24
WI,54805,13,37,7,31
WI,54806,32,46,13,32
WI,54810,24,44,17,30
WI,54812,26,34,10,40
WI,54813,31,43,24,31
WI,54814,25,35,18,35
WI,54816,31,18,26,34
WI,54817,36,21,9,21
WI,54818,34,36,15,15
WI,54819,15,26,10,45
WI,54820,27,27,17,30
WI,54821,35,20,15,41
WI,54822,33,40,20,22
WI,54824,34,50,21,48
WI,54826,30,46,9,25
WI,54827,26,24,17,25
WI,54828,33,23,21,36
WI,54829,15,28,15,24
WI,54830,14,51,21,41
WI,54832,25,24,9,36
WI,54834,35,24,18,38
WI,54835,20,38,22,19
WI,54836,14,55,20,32
WI,54837,14,53,8,22
WI,54838,26,39,13,33
WI,54839,13,20,23,15
WI,54840,13,47,9,45
WI,54841,30,40,17,17
WI,54842,33,25,10,33
WI,54843,26,22,15,27
WI,54844,29,38,9,36
WI,54845,32,29,16,13
WI,54846,31,34,13,38
WI,54847,19,28,19,32
WI,54848,12,43,18,42
WI,54849,26,40,9,32
WI,54850,34,38,10,35
WI,54853,17,37,20,18
WI,54854,22,25,24,24
WI,54855,27,39,21,33
WI,54856,18,37,13,24
WI,54857,23,23,8,39
WI,54858,16,25,12,42
WI,54859,15,38,16,19
WI,54861,17,33,12,38
WI,54862,20,42,12,36
WI,54864,15,47,23,33
WI,54865,19,41,27,38
WI,54867,37,49,21,43
WI,54868,17,42,8,20
WI,54870,24,25,9,20
WI,54871,13,40,19,16
WI,54872,30,34,12,41
WI,54873,29,44,20,19
WI,54874,20,41,12,41
WI,54875,20,40,15,23
WI,54876,33,27,14,27
WI,54880,20,46,23,49
WI,54888,17,18,16,32
WI,54889,15,41,23,34
WI,54890,17,46,8,35
WI,54891,21,33,9,19
WI,54893,17,20,7,14
WI,54895,23,24,21,39
WI,54896,25,32,17,19
WI,54901,33,42,11,20
WI,54902,32,28,23,28
WI,54903,33,47,10,44
WI,54904,17,34,27,42
WI,54906,38,45,26,22
WI,54909,40,28,14,32
WI,54911,28,46,24,32
WI,54912,28,22,12,37
WI,54913,20,23,17,32
WI,54914,19,28,11,20
WI,54915,31,18,9,28
WI,54919,29,28,8,29
WI,54921,26,48,20,24
WI,54922,19,32,8,31
WI,54923,28,51,8,29
WI,54926,35,17,20,27
WI,54927,30,43,9,17
WI,54928,26,35,24,26
WI,54929,11,26,10,25
WI,54930,21,36,10,25
WI,54931,30,34,16,34
WI,54932,23,25,18,47
WI,54933,22,34,9,37
WI,54934,17,42,12,17
WI,54935,19,43,14,15
WI,54936,29,37,19,43
WI,54937,25,53,12,54
WI,54940,27,38,18,27
WI,54941,15,25,15,20
WI,54942,16,34,16,23
WI,54943,16,36,19,17
WI,54944,33,33,20,32
WI,54945,17,31,16,30
WI,54946,18,38,23,23
WI,54947,19,42,18,32
WI,54948,24,29,14,38
WI,54949,24,24,13,15
WI,54950,25,37,16,38
WI,54952,40,40,21,27
WI,54956,27,26,16,35
WI,54957,29,30,21,17
WI,54960,18,25,18,23
WI,54961,32,40,23,37
WI,54962,15,22,22,20
WI,54963,20,28,15,19
WI,54964,21,36,17,25
WI,54965,32,57,12,17
WI,54966,12,30,18,42
WI,54967,38,22,11,27
WI,54968,19,39,20,35
WI,54969,34,28,18,25
WI,54970,12,33,17,34
WI,54971,26,22,22,22
WI,54974,34,21,19,21
WI,54976,20,56,9,25
WI,54977,24,32,13,39
WI,54978,15,25,9,17
WI,54979,24,40,16,40
WI,54980,30,25,13,41
WI,54981,31,47,14,15
WI,54982,25,46,20,25
WI,54983,15,35,23,43
WI,54984,18,48,18,35
WI,54985,22,23,16,22
WI,54986,40,25,13,33
WI,54990,31,29,7,24
MN,55001,36,43,16,26
MN,55002,11,42,9,42
MN,55003,17,29,17,31
MN,55005,13,29,9,48
MN,55006,11,29,18,27
MN,55007,13,44,12,35
MN,55008,20,39,24,38
MN,55009,19,43,26,43
MN,55010,30,44,15,20
MN,55011,35,20,26,31
MN,55012,30,31,18,17
MN,55013,14,34,9,19
MN,55014,27,33,11,18
MN,55016,21,21,19,28
MN,55017,36,20,8,23
MN,55018,26,47,15,25
MN,55019,29,49,22,37
MN,55020,35,26,16,27
MN,55021,31,34,18,22
MN,55024,29,23,14,22
MN,55025,29,36,16,46
MN,55026,16,28,11,24
MN,55027,24,34,7,31
MN,55029,25,25,13,17
MN,55030,14,24,10,25
MN,55031,34,19,12,42
MN,55032,38,45,17,45
MN,55033,24,39,13,22
MN,55036,21,20,11,32
MN,55037,15,27,11,29
MN,55038,22,22,22,41
MN,55040,26,26,11,26
MN,55041,33,19,24,31
MN,55042,26,22,9,27
MN,55043,12,22,11,33
MN,55044,36,22,17,36
MN,55045,21,29,11,30
MN,55046,32,26,7,37
MN,55047,36,52,26,43
MN,55049,33,30,8,33
MN,55051,18,27,10,18
MN,55052,33,35,23,19
MN,55053,21,34,11,23
MN,55054,18,34,10,19
MN,55055,18,52,17,39
MN,55056,20,27,11,55
MN,55057,24,44,14,23
MN,55060,28,32,19,24
MN,55063,15,25,18,23
MN,55065,22,47,8,30
MN,55066,37,21,16,18
MN,55067,21,20,24,25
MN,55068,40,29,24,40
MN,55069,29,48,17,16
MN,55070,24,46,20,17
MN,55071,30,31,14,55
MN,55072,30,16,12,32
MN,55073,26,17,11,30
MN,55074,17,25,12,23
MN,55075,22,30,24,17
MN,55076,32,21,8,34
MN,55077,15,31,17,30
MN,55078,21,41,8,23
MN,55079,37,37,21,13
MN,55080,17,36,15,44
MN,55082,34,27,9,23
MN,55083,25,42,8,18
MN,55084,17,52,24,18
MN,55085,23,34,21,22
MN,55087,25,49,10,21
MN,55088,27,43,8,33
MN,55089,27,21,14,26
MN,55090,26,34,16,25
MN,55092,15,39,24,26
MN,55101,20,17,19,52
MN,55102,25,20,22,16
MN,55103,30,44,23,49
MN,55104,14,28,8,17
MN,55105,31,37,24,15
MN,55106,20,43,8,28
MN,55107,18,30,15,24
MN,55108,26,19,9,46
MN,55109,35,38,19,29
MN,55110,30,23,10,26
MN,55111,23,30,15,23
MN,55112,28,22,12,20
MN,55113,28,19,14,29
MN,55114,30,20,13,36
MN,55115,13,35,22,32
MN,55116,18,25,18,24
MN,55117,31,33,19,30
MN,55118,18,20,23,36
MN,55119,21,24,26,16
MN,55120,27,21,17,20
MN,55121,29,36,18,25
MN,55122,21,22,17,40
MN,55123,29,51,21,26
MN,55124,16,44,9,23
MN,55125,24,34,10,48
MN,55126,15,23,16,26
MN,55127,27,48,17,23
MN,55128,16,34,16,38
MN,55129,30,29,20,25
MN,55130,18,26,22,46
MN,55131,22,41,7,28
MN,55133,18,34,22,20
MN,55144,21,16,24,19
MN,55145,13,40,27,30
MN,55146,25,41,25,32
MN,55150,25,27,17,35
MN,55155,40,27,8,27
MN,55161,31,39,13,32
MN,55164,26,25,13,38
MN,55165,32,37,12,20
MN,55166,25,27,19,30
MN,55168,21,40,15,33
MN,55169,29,34,13,25
MN,55170,18,36,19,48
MN,55171,30,21,19,23
MN,55172,12,23,8,22
MN,55175,31,22,21,14
MN,55177,30,30,26,32
MN,55187,23,28,12,17
MN,55188,23,25,21,28
MN,55191,28,47,25,38
MN,55301,34,45,21,44
MN,55302,22,33,21,16
MN,55303,19,40,8,29
MN,55304,12,28,13,18
MN,55305,29,25,13,26
MN,55306,15,18,12,28
MN,55307,16,47,9,21
MN,55308,14,24,9,30
MN,55309,18,28,21,41
MN,55310,11,29,10,40
MN,55311,37,39,16,33
MN,55312,16,31,23,15
MN,55313,25,36,19,20
MN,55314,36,30,24,42
MN,55315,19,26,9,21
MN,55316,26,36,9,22
MN,55317,14,44,8,46
MN,55318,24,34,12,17
MN,55319,17,28,22,37
MN,55320,20,23,15,32
MN,55321,40,21,11,34
MN,55322,14,38,22,42
MN,55323,29,36,15,26
MN,55324,24,27,22,44
MN,55325,37,43,11,19
MN,55327,22,49,25,23
MN,55328,17,22,22,28
MN,55329,37,22,10,47
MN,55330,18,30,14,19
MN,55331,35,22,18,21
MN,55332,31,33,9,21
MN,55333,16,23,16,25
MN,55334,29,34,21,17
MN,55335,31,42,20,43
MN,55336,22,22,20,33
MN,55337,35,26,13,46
MN,55338,41,26,22,38
MN,55339,32,40,13,28
MN,55340,36,28,22,39
MN,55341,14,37,21,24
MN,55342,27,29,10,40
MN,55343,30,32,17,30
MN,55344,11,51,21,36
MN,55345,20,30,17,15
MN,55346,41,27,10,26
MN,55347,24,41,8,32
MN,55348,22,29,16,42
MN,55349,35,25,19,29
MN,55350,12,46,15,28
MN,55352,13,28,23,29
MN,55353,29,35,12,30
MN,55354,21,44,14,24
MN,55355,24,39,24,19
MN,55356,29,34,15,35
MN,55357,12,39,20,26
MN,55358,21,23,12,30
MN,55359,15,35,24,26
MN,55360,31,55,10,14
MN,55361,31,26,17,24
MN,55362,40,37,18,38
MN,55363,23,33,21,25
MN,55364,20,25,23,50
MN,55365,15,52,18,22
MN,55366,38,44,8,44
MN,55367,35,21,24,25
MN,55368,15,23,24,18
MN,55369,26,19,10,33
MN,55370,39,43,13,46
MN,55371,18,21,26,38
MN,55372,29,36,13,24
MN,55373,16,36,14,20
MN,55374,15,26,15,34
MN,55375,21,30,8,38
MN,55376,27,25,14,54
MN,55377,29,25,16,27
MN,55378,17,22,23,38
MN,55379,32,21,8,13
MN,55380,40,43,15,28
MN,55381,20,19,12,18
MN,55382,27,35,19,40
MN,55383,18,46,18,38
MN,55384,14,38,16,23
MN,55385,37,33,20,17
MN,55386,23,33,11,24
MN,55387,12,41,24,40
MN,55388,27,22,21,36
MN,55389,23,18,21,27
MN,55390,36,25,24,27
MN,55391,22,24,22,38
MN,55392,35,43,17,35
MN,55393,28,27,10,25
MN,55394,14,31,12,29
MN,55395,29,51,23,44
MN,55396,22,23,20,30
MN,55397,25,34,14,41
MN,55398,13,49,7,20
MN,55399,30,27,22,18
MN,55401,21,34,20,42
MN,55402,15,26,14,13
MN,55403,29,50,22,23
MN,55404,15,37,20,50
MN,55405,30,37,14,33
MN,55406,33,32,11,48
MN,55407,23,26,11,31
MN,55408,17,24,13,18
MN,55409,37,22,11,29
MN,55410,35,23,15,38
MN,55411,29,31,23,28
MN,55412,27,33,15,27
MN,55413,26,20,16,23
MN,55414,30,50,7,37
MN,55415,19,35,20,44
MN,55416,30,52,12,47
MN,55417,14,17,13,25
MN,55418,29,44,9,33
MN,55419,15,44,11,35
MN,55420,19,35,20,26
MN,55421,29,45,21,30
MN,55422,24,51,17,26
MN,55423,25,56,14,22
MN,55424,32,18,17,14
MN,55425,16,42,13,45
MN,55426,19,22,19,38
MN,55427,25,21,27,29
MN,55428,21,44,19,48
MN,55429,31,25,14,33
MN,55430,23,38,10,39
MN,55431,21,29,12,19
MN,55432,15,29,25,28
MN,55433,19,27,24,40
MN,55434,33,54,19,46
MN,55435,14,23,16,34
MN,55436,30,34,22,20
MN,55437,25,28,19,36
MN,55438,27,35,15,22
MN,55439,30,18,20,39
MN,55440,27,27,13,37
MN,55441,30,26,10,22
MN,55442,33,34,22,45
MN,55443,36,16,15,18
MN,55444,17,27,19,26
MN,55445,26,51,11,27
MN,55446,14,32,25,34
MN,55447,22,23,17,17
MN,55448,25,27,12,22
MN,55449,30,45,13,44
MN,55450,19,30,12,38
MN,55454,13,34,21,16
MN,55455,30,38,12,28
MN,55458,19,19,21,31
MN,55459,25,44,25,37
MN,55460,22,37,23,32
MN,55467,31,29,17,36
MN,55468,16,47,14,38
MN,55470,20,48,8,15
MN,55472,24,26,21,31
MN,55473,31,45,12,43
MN,55474,21,24,8,27
MN,55478,32,45,15,52
MN,55479,22,39,15,33
MN,55480,13,35,22,41
MN,55483,18,48,21,22
MN,55484,13,32,20,25
MN,55485,13,30,15,22
MN,55486,27,48,14,36
MN,55487,23,43,15,17
MN,55488,34,34,20,39
MN,55550,17,54,27,44
MN,55551,13,22,12,20
MN,55552,13,38,10,28
MN,55553,12,19,14,50
MN,55554,17,21,10,22
MN,55555,18,17,19,30
MN,55556,18,32,19,34
MN,55557,24,29,19,53
MN,55558,23,27,7,29
MN,55559,33,24,24,31
MN,55560,39,22,21,14
MN,55561,34,49,26,29
MN,55562,28,36,23,21
MN,55563,27,20,15,19
MN,55564,11,31,19,31
MN,55565,24,28,9,24
MN,55566,29,44,18,15
MN,55567,31,24,14,17
MN,55568,22,46,12,29
MN,55569,22,41,20,33
MN,55570,26,33,12,49
MN,55571,38,34,15,25
MN,55572,16,50,13,18
MN,55573,13,30,11,30
MN,55574,21,34,14,38
MN,55575,17,43,8,31
MN,55576,29,42,23,47
MN,55577,22,35,17,17
MN,55578,29,33,22,37
MN,55579,29,42,13,24
MN,55580,39,42,15,33
MN,55581,17,39,14,17
MN,55582,27,28,20,36
MN,55583,38,33,12,34
MN,55584,34,24,10,30
MN,55585,34,47,22,32
MN,55586,27,40,19,32
MN,55587,19,22,18,14
MN,55588,35,28,20,26
MN,55589,20,51,17,13
MN,55590,23,31,18,24
MN,55591,22,25,11,30
MN,55592,11,30,22,33
MN,55593,18,38,20,23
MN,55594,30,35,10,44
MN,55595,15,52,7,35
MN,55596,16,25,13,52
MN,55597,30,35,15,41
MN,55598,31,19,19,28
MN,55599,31,33,18,33
MN,55601,33,32,19,28
MN,55602,24,36,22,15
MN,55603,36,30,16,16
MN,55604,19,20,23,40
MN,55605,37,27,23,25
MN,55606,22,41,14,23
MN,55607,14,30,22,23
MN,55609,27,33,17,18
MN,55612,16,32,18,41
MN,55613,27,49,20,14
MN,55614,21,38,20,31
MN,55615,22,37,19,43
MN,55616,34,24,12,18
MN,55701,15,45,9,26
MN,55702,39,36,11,19
MN,55703,13,26,12,34
MN,55704,25,19,22,19
MN,55705,40,44,15,18
MN,55706,20,22,16,20
MN,55707,21,40,21,20
MN,55708,33,43,13,30
MN,55709,30,23,18,18
MN,55710,29,34,11,19
MN,55711,31,20,20,42
MN,55712,33,20,21,37
MN,55713,26,29,8,35
MN,55716,31,33,8,31
MN,55717,18,31,10,45
MN,55718,24,30,20,52
MN,55719,16,31,19,15
MN,55720,12,33,24,35
MN,55721,38,34,12,23
MN,55722,25,45,12,45
MN,55723,27,36,18,35
MN,55724,32,50,18,23
MN,55725,39,24,20,27
MN,55726,15,50,23,45
MN,55730,21,29,24,19
MN,55731,37,36,21,27
MN,55732,16,34,23,34
MN,55733,25,48,8,41
MN,55734,30,42,15,29
MN,55735,22,36,17,41
MN,55736,34,27,12,26
MN,55738,18,39,16,35
MN,55741,32,22,16,32
MN,55742,18,40,23,31
MN,55744,33,31,25,42
MN,55745,19,32,13,27
MN,55746,24,30,14,32
MN,55747,28,55,9,17
MN,55748,10,30,9,39
MN,55749,16,35,16,17
MN,55750,21,37,9,29
MN,55751,32,35,15,33
MN,55752,32,23,14,45
MN,55753,37,38,14,46
MN,55756,12,26,14,36
MN,55757,34,47,12,45
MN,55758,23,22,14,23
MN,55760,27,26,24,30
MN,55763,14,20,13,33
MN,55764,38,24,26,21
MN,55765,21,27,19,39
MN,55766,27,40,19,54
MN,55767,23,41,22,25
MN,55768,29,31,9,35
MN,55769,25,49,10,35
MN,55771,15,35,11,21
MN,55772,13,54,14,19
MN,55775,18,38,16,38
MN,55777,14,42,23,48
MN,55779,38,38,20,27
MN,55780,31,27,13,29
MN,55781,18,40,13,49
MN,55782,16,44,13,36
MN,55783,17,37,22,41
MN,55784,29,18,9,29
MN,55785,29,23,18,45
MN,55786,13,28,23,43
MN,55787,18,47,23,36
MN,55790,22,20,21,30
MN,55791,29,28,12,22
MN,55792,14,39,7,33
MN,55793,24,22,11,25
MN,55795,17,28,10,26
MN,55796,25,54,25,19
MN,55797,28,36,21,16
MN,55798,34,20,26,28
MN,55801,35,27,21,49
MN,55802,23,40,14,39
MN,55803,23,43,9,28
MN,55804,24,30,16,37
MN,55805,39,25,20,23
MN,55806,27,39,9,38
MN,55807,33,36,25,42
MN,55808,21,32,21,31
MN,55810,14,30,25,47
MN,55811,19,30,11,18
MN,55812,18,25,21,20
MN,55814,16,23,7,25
MN,55815,16,19,11,51
MN,55816,22,38,13,21
MN,55901,17,35,9,32
MN,55902,14,49,24,35
MN,55903,16,37,20,31
MN,55904,31,23,23,28
MN,55905,30,27,17,47
MN,55906,15,35,20,17
MN,55909,37,39,16,48
MN,55910,22,34,11,20
MN,55912,16,29,21,27
MN,55917,11,42,11,30
MN,55918,32,26,20,28
MN,55919,28,30,21,26
MN,55920,18,50,14,34
MN,55921,31,26,13,36
MN,55922,22,20,13,14
MN,55923,13,40,18,52
MN,55924,33,23,12,30
MN,55925,26,44,9,30
MN,55926,20,32,24,25
MN,55927,16,49,10,24
MN,55929,19,49,20,35
MN,55931,21,24,18,14
MN,55932,34,33,17,29
MN,55933,25,37,15,28
MN,55934,24,50,17,40
MN,55935,28,42,14,15
MN,55936,33,49,17,20
MN,55939,14,31,13,25
MN,55940,25,36,7,30
MN,55941,13,25,18,25
MN,55942,25,52,14,19
MN,55943,23,47,26,51
MN,55944,31,41,9,19
MN,55945,31,20,12,37
MN,55946,35,24,22,45
MN,55947,24,39,18,26
MN,55949,20,47,16,23
MN,55950,35,38,12,19
MN,55951,23,29,23,29
MN,55952,16,25,20,36
MN,55953,25,35,15,18
MN,55954,29,43,18,25
MN,55955,20,24,10,27
MN,55956,24,27,17,19
MN,55957,20,18,19,13
MN,55959,14,19,17,31
MN,55960,38,30,9,35
MN,55961,33,29,14,17
MN,55962,20,44,20,35
MN,55963,24,48,20,22
MN,55964,29,32,8,16
MN,55965,16,23,20,29
MN,55967,18,33,11,24
MN,55968,35,32,13,30
MN,55969,23,32,19,30
MN,55970,12,25,14,27
MN,55971,35,34,19,29
MN,55972,31,37,9,28
MN,55973,14,40,15,28
MN,55974,26,25,15,30
MN,55975,14,27,21,15
MN,55976,29,25,23,27
MN,55977,19,23,19,25
MN,55979,22,48,13,24
MN,55981,34,27,9,22
MN,55982,35,35,9,33
MN,55983,29,34,11,30
MN,55985,20,52,24,14
MN,55987,25,36,12,50
MN,55988,12,37,15,27
MN,55990,19,33,18,22
MN,55991,16,24,13,28
MN,55992,29,40,24,32
MN,56001,38,48,16,37
MN,56002,13,51,13,16
MN,56003,27,38,23,41
MN,56006,29,39,15,38
MN,56007,18,39,21,32
MN,56009,20,25,8,15
MN,56010,17,42,16,23
MN,56011,21,21,19,43
MN,56013,30,46,18,40
MN,56014,21,38,11,29
MN,56016,28,25,8,38
MN,56017,21,30,9,29
MN,56019,16,26,8,34
MN,56020,29,33,18,23
MN,56021,30,30,9,41
MN,56022,21,29,12,25
MN,56023,16,35,21,26
MN,56024,10,38,14,21
MN,56025,26,37,10,32
MN,56026,19,19,18,38
MN,56027,34,34,23,22
MN,56028,12,40,23,21
MN,56029,28,52,8,38
MN,56030,30,22,14,35
MN,56031,26,51,21,36
MN,56032,16,22,13,25
MN,56033,23,33,7,26
MN,56034,26,57,23,19
MN,56035,30,50,18,18
MN,56036,17,31,11,29
MN,56037,21,19,12,27
MN,56039,30,35,14,30
MN,56041,22,40,18,20
MN,56042,38,34,15,16
MN,56043,37,21,18,22
MN,56044,12,48,14,23
MN,56045,29,34,19,33
MN,56046,37,41,22,25
MN,56047,32,20,13,30
MN,56048,34,22,8,18
MN,56050,16,29,19,26
MN,56051,28,43,8,32
MN,56052,32,31,9,29
MN,56054,15,32,25,28
MN,56055,22,29,22,44
MN,56056,32,40,13,26
MN,56057,23,39,20,22
MN,56058,15,22,19,18
MN,56060,17,22,16,38
MN,56062,31,35,16,23
MN,56063,11,32,20,25
MN,56065,10,38,24,38
MN,56068,15,30,19,24
MN,56069,31,21,22,20
MN,56071,15,48,26,32
MN,56072,36,26,7,22
MN,56073,37,33,15,24
MN,56074,24,35,18,22
MN,56075,22,17,12,29
MN,56078,36,27,18,47
MN,56080,33,29,7,46
MN,56081,14,27,10,29
MN,56082,27,41,10,19
MN,56083,27,53,19,29
MN,56084,23,40,10,29
MN,56085,31,55,23,46
MN,56087,30,39,13,15
MN,56088,23,28,21,15
MN,56089,28,41,11,25
MN,56090,23,29,25,16
MN,56091,17,29,20,37
MN,56093,16,53,12,36
MN,56096,24,27,16,38
MN,56097,25,32,22,37
MN,56098,32,39,9,29
MN,56101,34,30,14,44
MN,56110,29,38,17,21
MN,56111,18,25,15,15
MN,56113,35,39,9,23
MN,56114,16,21,25,23
MN,56115,15,37,11,38
MN,56116,29,33,10,29
MN,56117,37,25,13,16
MN,56118,19,21,17,27
MN,56119,18,27,9,39
MN,56120,16,34,21,31
MN,56121,18,34,9,15
MN,56122,29,53,9,49
MN,56123,21,41,9,23
MN,56125,31,33,24,41
MN,56127,32,44,13,32
MN,56128,22,33,8,25
MN,56129,34,48,22,20
MN,56131,26,41,7,28
MN,56132,17,42,19,20
MN,56134,24,35,19,18
MN,56136,19,35,20,32
MN,56137,37,43,13,38
MN,56138,30,20,19,14
MN,56139,34,47,20,20
MN,56140,22,42,8,19
MN,56141,24,29,16,40
MN,56142,31,17,25,33
MN,56143,19,39,18,37
MN,56144,31,54,16,27
MN,56145,13,32,18,33
MN,56146,39,28,11,44
MN,56147,18,28,12,29
MN,56149,13,27,17,50
MN,56150,33,32,14,44
MN,56151,30,30,10,43
MN,56152,29,48,9,35
MN,56153,13,22,20,30
MN,56155,22,29,13,29
MN,56156,22,29,16,32
MN,56157,28,27,23,38
MN,56158,15,57,12,27
MN,56159,20,21,23,37
MN,56160,15,28,21,39
MN,56161,31,37,13,40
MN,56162,13,18,22,25
MN,56164,24,30,15,35
MN,56165,33,42,8,27
MN,56166,19,38,13,43
MN,56167,15,36,18,35
MN,56168,22,39,15,31
MN,56169,26,35,10,20
MN,56170,29,25,15,18
MN,56171,22,32,14,18
MN,56172,22,43,20,41
MN,56173,26,38,7,25
MN,56174,27,33,16,42
MN,56175,29,25,12,26
MN,56176,31,39,20,22
MN,56177,20,47,8,40
MN,56178,18,18,23,27
MN,56180,18,33,24,30
MN,56181,32,30,16,35
MN,56183,32,28,11,27
MN,56185,24,22,22,37
MN,56186,35,46,22,31
MN,56187,31,35,13,34
MN,56201,18,31,19,18
MN,56207,39,36,17,39
MN,56208,31,17,13,40
MN,56209,13,35,25,30
MN,56210,19,50,7,29
MN,56211,30,30,22,30
MN,56212,18,17,12,36
MN,56214,11,41,12,33
MN,56215,25,16,16,32
MN,56216,20,23,10,48
MN,56218,14,34,17,42
MN,56219,23,25,9,32
MN,56220,35,34,14,15
MN,56221,27,38,15,45
MN,56222,29,22,18,32
MN,56223,27,33,8,41
MN,56224,31,40,13,32
MN,56225,22,19,17,27
MN,56226,22,30,21,35
MN,56227,24,25,20,30
MN,56228,19,43,9,30
MN,56229,15,30,9,50
MN,56230,19,51,14,32
MN,56231,20,30,18,31
MN,56232,23,31,18,33
MN,56235,13,30,8,28
MN,56236,34,35,19,31
MN,56237,30,40,12,23
MN,56239,24,36,7,22
MN,56240,35,44,12,31
MN,56241,32,28,22,29
MN,56243,16,25,23,39
MN,56244,12,35,22,29
MN,56245,19,26,16,39
MN,56248,27,29,13,33
MN,56249,23,22,10,43
MN,56251,36,31,21,19
MN,56252,23,29,10,16
MN,56253,20,43,15,32
MN,56255,16,26,9,23
MN,56256,12,38,11,15
MN,56257,31,39,12,52
MN,56258,40,36,12,18
MN,56260,28,27,21,25
MN,56262,29,28,7,23
MN,56263,13,36,22,22
MN,56264,17,43,9,31
MN,56265,15,32,12,30
MN,56266,21,28,23,26
MN,56267,26,44,24,17
MN,56270,32,27,14,31
MN,56271,24,30,23,19
MN,56273,22,30,15,33
MN,56274,24,43,8,18
MN,56276,14,20,20,26
MN,56277,31,44,25,26
MN,56278,32,39,15,23
MN,56279,33,20,24,13
MN,56280,27,31,25,36
MN,56281,26,20,14,27
MN,56282,18,21,20,33
MN,56283,19,32,16,32
MN,56284,33,24,24,21
MN,56285,17,21,20,31
MN,56287,40,42,21,35
MN,56288,29,54,15,16
MN,56289,16,33,16,24
MN,56291,20,32,19,34
MN,56292,39,38,21,23
MN,56293,27,23,12,23
MN,56294,15,34,7,28
MN,56295,19,35,21,22
MN,56296,32,44,20,22
MN,56297,32,28,7,32
MN,56301,29,49,22,35
MN,56302,19,20,22,40
MN,56303,26,39,10,19
MN,56304,19,30,17,15
MN,56307,26,30,15,33
MN,56308,21,40,9,21
MN,56309,14,48,20,28
MN,56310,15,22,17,30
MN,56311,32,22,15,28
MN,56312,21,28,21,37
MN,56313,34,31,8,33
MN,56314,30,35,13,24
MN,56315,36,34,8,43
MN,56316,31,46,16,25
MN,56317,36,32,8,38
MN,56318,34,38,18,51
MN,56319,39,40,23,42
MN,56320,20,39,7,32
MN,56321,15,39,15,50
MN,56323,32,42,26,42
MN,56324,38,21,21,23
MN,56325,18,22,17,34
MN,56326,10,35,15,20
MN,56327,27,25,20,21
MN,56328,26,31,9,40
MN,56329,31,31,15,28
MN,56330,20,33,9,47
MN,56331,28,55,8,24
MN,56332,16,40,8,43
MN,56333,39,47,19,47
MN,56334,37,27,9,46
MN,56335,16,27,10,30
MN,56336,20,29,8,27
MN,56338,17,32,23,43
MN,56339,19,36,22,52
MN,56340,16,22,22,37
MN,56341,18,36,7,31
MN,56342,31,29,20,18
MN,56343,12,43,19,37
MN,56344,32,36,12,19
MN,56345,25,18,14,24
MN,56347,28,29,12,32
MN,56349,19,41,8,29
MN,56350,17,46,25,46
MN,56352,17,34,8,14
MN,56353,17,22,17,18
MN,56354,22,28,18,29
MN,56355,31,33,23,23
MN,56356,35,36,14,36
MN,56357,23,26,26,19
MN,56358,24,38,9,48
MN,56359,19,44,12,13
MN,56360,23,35,25,44
MN,56361,34,38,11,31
MN,56362,16,21,19,40
MN,56363,35,23,19,37
MN,56364,31,38,16,18
MN,56367,21,19,12,23
MN,56368,12,29,19,36
MN,56369,30,55,14,29
MN,56371,41,25,24,23
MN,56372,31,28,23,36
MN,56373,20,20,16,34
MN,56374,27,30,10,23
MN,56375,31,35,14,25
MN,56376,14,36,16,35
MN,56377,12,42,19,35
MN,56378,35,50,21,31
MN,56379,21,33,20,49
MN,56381,16,24,18,48
MN,56382,13,52,22,15
MN,56384,19,33,16,29
MN,56385,25,30,10,42
MN,56386,31,27,7,33
MN,56387,15,32,13,29
MN,56388,21,18,15,20
MN,56389,27,27,18,36
MN,56393,26,30,12,27
MN,56395,27,28,9,35
MN,56396,15,35,16,23
MN,56397,18,45,10,14
MN,56398,17,38,21,34
MN,56399,14,29,12,37
MN,56401,23,33,12,27
MN,56425,40,42,11,35
MN,56430,36,35,23,31
MN,56431,20,30,19,28
MN,56433,28,32,10,40
MN,56434,18,41,21,33
MN,56435,27,37,10,14
MN,56436,27,28,13,21
MN,56437,24,46,23,41
MN,56438,24,23,23,32
MN,56440,27,25,14,26
MN,56441,32,33,10,44
MN,56442,20,56,17,43
MN,56443,11,37,9,41
MN,56444,32,22,17,28
MN,56446,25,49,24,18
MN,56447,22,33,22,47
MN,56448,15,34,21,28
MN,56449,25,31,12,30
MN,56450,38,27,13,21
MN,56452,35,47,16,45
MN,56453,14,45,15,33
MN,56455,20,34,8,36
MN,56456,29,41,22,26
MN,56458,13,27,24,29
MN,56459,18,31,22,22
MN,56461,31,16,21,44
MN,56464,14,25,13,30
MN,56465,23,55,8,19
MN,56466,19,27,12,48
MN,56467,16,19,24,19
MN,56468,18,51,19,14
MN,56469,38,20,20,32
MN,56470,14,31,21,26
MN,56472,20,26,7,20
MN,56473,26,23,19,33
MN,56474,13,32,8,29
MN,56475,19,26,8,39
MN,56477,13,37,19,40
MN,56478,16,47,17,33
MN,56479,24,33,14,29
MN,56481,16,38,10,17
MN,56482,15,38,25,17
MN,56484,23,36,21,21
MN,56501,40,36,36,56
MN,56502,28,56,32,28
MN,56510,12,27,9,30
MN,56511,16,29,21,40
MN,56514,13,25,9,18
MN,56515,36,42,11,18
MN,56516,19,41,20,31
MN,56517,18,51,9,31
MN,56518,32,57,18,23
MN,56519,17,40,8,36
MN,56520,24,44,18,17
MN,56521,21,40,19,16
MN,56522,33,24,22,13
MN,56523,26,40,23,24
MN,56524,27,43,19,41
MN,56525,14,24,13,40
MN,56527,30,48,15,25
MN,56528,22,33,17,48
MN,56529,25,37,16,32
MN,56531,33,22,13,42
MN,56533,27,38,9,16
MN,56534,31,36,23,31
MN,56535,24,27,21,33
MN,56536,36,31,25,35
MN,56537,13,23,15,30
MN,56538,14,51,17,22
MN,56540,13,35,11,14
MN,56541,36,44,23,41
MN,56542,18,45,25,32
MN,56543,37,35,15,39
MN,56544,25,42,18,24
MN,56545,35,49,17,25
MN,56546,17,37,21,21
MN,56547,22,28,18,31
MN,56548,23,31,16,37
MN,56549,31,45,16,26
MN,56550,40,25,14,15
MN,56551,16,38,15,26
MN,56552,33,21,14,32
MN,56553,17,32,26,34
MN,56554,30,35,18,40
MN,56556,34,23,17,44
MN,56557,35,37,9,30
MN,56560,29,34,18,31
MN,56561,20,52,18,35
MN,56562,26,25,10,24
MN,56563,39,44,20,16
MN,56565,19,27,23,20
MN,56566,34,39,21,44
MN,56567,43,89,17,46
MN,56568,12,36,21,34
MN,56569,24,34,13,24
MN,56570,19,25,8,37
MN,56571,16,35,24,18
MN,56572,11,49,22,46
MN,56573,27,43,17,23
MN,56574,22,20,24,22
MN,56575,30,39,8,19
MN,56576,32,16,21,19
MN,56577,22,30,8,18
MN,56578,27,49,8,46
MN,56579,33,38,12,25
MN,56580,23,40,22,44
MN,56581,35,23,15,53
MN,56583,13,24,7,33
MN,56584,19,49,13,40
MN,56585,19,52,24,36
MN,56586,35,45,20,48
MN,56587,33,38,11,28
MN,56588,26,37,12,20
MN,56589,18,19,15,30
MN,56590,26,37,12,23
MN,56591,35,32,15,37
MN,56592,36,45,9,15
MN,56593,24,33,13,26
MN,56594,13,25,11,25
MN,56601,26,25,21,19
MN,56619,25,33,24,45
MN,56621,31,23,21,36
MN,56623,38,28,23,23
MN,56626,26,26,8,31
MN,56627,31,22,11,26
MN,56628,30,27,24,38
MN,56629,15,45,23,50
MN,56630,13,38,23,36
MN,56631,15,26,17,31
MN,56633,29,51,8,44
MN,56634,25,20,9,21
MN,56636,11,46,12,27
MN,56637,23,44,19,20
MN,56639,27,35,12,15
MN,56641,23,45,12,42
MN,56644,33,24,21,36
MN,56646,31,49,14,45
MN,56647,24,25,17,41
MN,56649,21,26,22,33
MN,56650,23,32,16,44
MN,56651,32,43,13,50
MN,56652,34,33,8,31
MN,56653,25,32,15,41
MN,56654,32,17,17,24
MN,56655,31,26,23,20
MN,56657,13,31,10,31
MN,56658,32,35,18,39
MN,56659,33,37,24,29
MN,56660,24,50,15,20
MN,56661,32,47,24,16
MN,56662,26,20,26,27
MN,56663,18,41,17,40
MN,56666,19,34,17,48
MN,56667,16,34,17,23
MN,56668,17,39,10,46
MN,56669,28,30,23,35
MN,56670,13,46,16,40
MN,56671,34,49,15,28
MN,56672,27,25,9,36
MN,56673,14,45,17,28
MN,56676,26,37,11,43
MN,56678,33,52,22,39
MN,56679,27,50,25,30
MN,56680,12,20,24,22
MN,56681,14,37,14,34
MN,56682,24,20,16,28
MN,56683,20,20,14,27
MN,56684,15,30,13,24
MN,56685,12,48,19,35
MN,56686,14,24,23,42
MN,56687,28,32,9,34
MN,56688,13,23,20,17
MN,56701,22,37,26,27
MN,56710,41,51,17,21
MN,56711,19,38,19,32
MN,56713,11,29,12,29
MN,56714,16,35,26,30
MN,56715,20,19,15,26
MN,56716,22,31,19,18
MN,56720,39,20,15,41
MN,56721,27,32,9,31
MN,56722,39,35,24,39
MN,56723,15,51,23,24
MN,56724,30,34,10,21
MN,56725,37,52,25,33
MN,56726,34,27,17,12
MN,56727,26,24,9,25
MN,56728,26,32,13,26
MN,56729,31,34,16,30
MN,56731,31,51,13,21
MN,56732,17,22,12,34
MN,56733,14,34,20,29
MN,56734,37,34,9,22
MN,56735,30,38,21,21
MN,56736,29,31,18,16
MN,56737,17,30,26,24
MN,56738,16,41,18,26
MN,56740,22,51,14,40
MN,56741,24,27,7,30
MN,56742,35,33,7,33
MN,56744,23,29,21,52
MN,56748,22,39,18,24
MN,56750,25,19,21,23
MN,56751,14,19,7,24
MN,56754,23,32,25,28
MN,56755,27,30,26,21
MN,56756,26,49,11,23
MN,56757,30,28,22,13
MN,56758,11,27,8,31
MN,56759,22,50,11,26
MN,56760,12,38,21,28
MN,56761,32,45,19,41
MN,56762,29,28,19,37
MN,56763,21,34,18,36
DC,56901,27,28,21,45
DC,56902,23,54,19,21
DC,56904,15,28,10,33
DC,56908,16,42,19,38
DC,56915,32,44,13,18
DC,56920,18,25,22,28
DC,56933,29,27,16,38
DC,56935,36,43,24,34
DC,56944,13,23,12,36
DC,56945,15,34,16,21
DC,56950,20,48,9,34
DC,56964,38,30,15,33
DC,56965,26,47,21,20
DC,56966,13,36,23,20
DC,56967,22,43,7,20
DC,56968,24,25,18,44
DC,56969,19,28,11,28
DC,56970,33,40,22,27
DC,56971,34,31,16,35
DC,56972,23,27,23,20
DC,56973,33,33,9,43
DC,56980,22,47,10,42
DC,56981,28,24,18,37
DC,56982,37,36,8,36
DC,56983,28,42,23,28
DC,56984,19,25,23,19
DC,56985,29,44,24,37
DC,56998,28,37,19,21
DC,56999,32,49,12,24
SD,57001,10,20,14,19
SD,57002,25,22,11,16
SD,57003,19,17,5,26
SD,57004,10,15,7,20
SD,57005,22,19,5,17
SD,57006,11,24,14,17
SD,57007,13,30,11,30
SD,57010,21,18,7,21
SD,57012,10,15,9,18
SD,57013,15,36,10,16
SD,57014,17,30,10,8
SD,57015,11,19,11,9
SD,57016,10,25,5,15
SD,57017,15,27,6,17
SD,57018,10,15,14,15
SD,57020,26,16,13,9
SD,57021,19,18,11,14
SD,57022,18,27,10,12
SD,57024,20,25,9,14
SD,57025,22,23,13,27
SD,57026,21,18,13,19
SD,57027,17,36,13,31
SD,57028,11,26,9,17
SD,57029,24,20,10,20
SD,57030,25,27,5,10
SD,57031,15,18,13,8
SD,57032,24,31,5,18
SD,57033,11,16,5,24
SD,57034,11,15,6,16
SD,57035,11,32,10,21
SD,57036,18,25,7,21
SD,57037,11,18,9,21
SD,57038,10,24,14,18
SD,57039,10,19,13,27
SD,57040,21,19,14,25
SD,57041,18,27,13,9
SD,57042,21,28,14,11
SD,57043,25,25,11,25
SD,57045,16,28,6,11
SD,57046,22,20,7,17
SD,57047,15,20,9,15
SD,57048,20,16,7,17
SD,57049,14,15,9,19
SD,57050,12,15,13,16
SD,57051,10,24,8,13
SD,57052,12,28,9,24
SD,57053,24,29,13,28
SD,57054,13,21,14,12
SD,57055,25,19,11,16
SD,57056,18,22,8,20
SD,57057,21,24,8,17
SD,57058,26,21,9,16
SD,57059,22,18,8,14
SD,57061,23,25,10,20
SD,57062,14,20,12,11
SD,57063,22,17,5,12
SD,57064,16,15,14,14
SD,57065,11,21,13,23
SD,57066,18,30,13,13
SD,57067,18,17,9,17
SD,57068,25,22,9,25
SD,57069,15,26,15,19
SD,57070,20,39,6,10
SD,57071,10,17,12,15
SD,57072,18,35,12,20
SD,57073,20,31,15,19
SD,57075,21,31,9,19
SD,57076,25,29,13,14
SD,57077,13,29,7,20
SD,57078,12,29,7,10
SD,57079,18,20,11,23
SD,57101,16,35,15,16
SD,57103,10,18,11,26
SD,57104,10,20,13,18
SD,57105,20,18,13,14
SD,57106,20,22,14,18
SD,57107,12,36,9,13
SD,57108,24,26,11,15
SD,57109,19,19,9,28
SD,57110,13,34,6,13
SD,57117,10,30,13,25
SD,57118,15,21,14,22
SD,57186,14,24,5,12
SD,57188,26,25,6,18
SD,57189,21,24,5,8
SD,57192,10,33,12,17
SD,57193,19,31,13,21
SD,57194,21,16,11,12
SD,57195,13,30,7,15
SD,57196,10,15,9,19
SD,57197,13,25,5,21
SD,57198,15,22,10,19
SD,57201,23,22,7,14
SD,57212,23,19,12,12
SD,57213,20,25,10,16
SD,57214,10,21,6,20
SD,57216,10,15,6,19
SD,57217,25,23,12,28
SD,57218,26,30,14,12
SD,57219,15,15,8,24
SD,57220,17,27,12,9
SD,57221,14,25,8,25
SD,57223,25,15,12,20
SD,57224,17,19,11,26
SD,57225,12,38,5,24
SD,57226,18,18,11,15
SD,57227,17,15,13,23
SD,57231,11,15,8,27
SD,57232,14,29,6,17
SD,57233,24,17,9,16
SD,57234,22,18,13,16
SD,57235,17,22,10,18
SD,57236,22,26,9,19
SD,57237,14,29,12,27
SD,57238,20,15,10,11
SD,57239,14,28,8,17
SD,57241,10,16,11,10
SD,57242,14,17,9,9
SD,57243,16,22,10,17
SD,57245,18,35,6,21
SD,57246,15,22,12,23
SD,57247,13,15,5,19
SD,57248,16,19,10,20
SD,57249,11,19,8,27
SD,57251,21,28,10,29
SD,57252,20,22,14,21
SD,57253,17,16,14,31
SD,57255,27,20,14,21
SD,57256,18,29,14,25
SD,57257,10,27,9,22
SD,57258,10,31,12,21
SD,57259,16,19,8,22
SD,57260,10,19,9,11
SD,57261,15,22,7,18
SD,57262,20,15,15,12
SD,57263,15,20,13,23
SD,57264,13,24,12,25
SD,57265,22,16,10,12
SD,57266,24,35,10,25
SD,57268,21,15,11,13
SD,57269,18,21,5,14
SD,57270,24,21,6,23
SD,57271,16,27,13,15
SD,57272,22,20,7,30
SD,57273,25,20,14,19
SD,57274,23,25,6,28
SD,57276,26,28,7,21
SD,57278,20,27,11,13
SD,57279,10,26,7,24
SD,57301,11,15,6,8
SD,57311,18,22,12,23
SD,57312,10,15,7,17
SD,57313,20,27,7,17
SD,57314,14,29,9,26
SD,57315,10,25,8,22
SD,57317,25,30,5,9
SD,57319,11,25,5,16
SD,57321,17,36,5,12
SD,57322,10,16,6,15
SD,57323,22,19,6,11
SD,57324,13,28,9,21
SD,57325,11,19,13,16
SD,57326,12,19,6,16
SD,57328,15,20,9,12
SD,57329,23,18,10,10
SD,57330,12,19,5,16
SD,57331,13,25,8,20
SD,57332,15,17,5,27
SD,57334,11,18,7,19
SD,57335,26,16,15,24
SD,57337,17,16,11,15
SD,57339,11,19,7,18
SD,57340,16,40,12,26
SD,57341,25,27,10,26
SD,57342,21,22,5,9
SD,57344,23,21,9,9
SD,57345,14,15,8,19
SD,57346,22,17,11,9
SD,57348,18,38,6,19
SD,57349,22,19,7,26
SD,57350,10,34,12,22
SD,57353,18,36,5,14
SD,57354,11,19,12,17
SD,57355,13,22,6,20
SD,57356,16,16,8,22
SD,57358,25,28,8,15
SD,57359,21,17,9,19
SD,57361,17,32,6,21
SD,57362,10,17,5,17
SD,57363,15,28,10,10
SD,57364,12,16,7,16
SD,57365,18,20,7,14
SD,57366,10,18,13,12
SD,57367,15,37,12,14
SD,57368,13,20,12,14
SD,57369,15,22,13,23
SD,57370,26,22,6,13
SD,57371,13,19,8,28
SD,57373,21,15,5,13
SD,57374,24,21,5,29
SD,57375,14,15,5,11
SD,57376,10,18,5,14
SD,57379,21,17,8,12
SD,57380,14,27,13,11
SD,57381,26,21,9,17
SD,57382,12,36,15,17
SD,57383,21,22,6,29
SD,57384,16,17,11,19
SD,57385,17,19,6,11
SD,57386,19,22,10,25
SD,57399,14,32,5,21
SD,57401,10,30,6,21
SD,57402,25,21,5,12
SD,57420,24,20,13,23
SD,57421,13,27,12,9
SD,57422,16,25,12,17
SD,57424,13,24,7,17
SD,57426,10,17,12,13
SD,57427,17,36,11,12
SD,57428,21,23,10,12
SD,57429,10,32,6,24
SD,57430,19,18,9,19
SD,57432,25,31,7,19
SD,57433,13,31,10,15
SD,57434,10,34,5,17
SD,57435,19,15,8,21
SD,57436,18,16,13,13
SD,57437,17,35,14,23
SD,57438,16,16,9,20
SD,57439,20,22,11,25
SD,57440,22,15,6,29
SD,57441,25,23,8,24
SD,57442,21,31,11,26
SD,57445,15,19,10,9
SD,57446,19,15,9,10
SD,57448,21,18,13,19
SD,57449,11,23,13,22
SD,57450,12,29,10,23
SD,57451,23,32,6,18
SD,57452,23,31,10,12
SD,57454,23,31,8,27
SD,57455,23,20,8,25
SD,57456,14,15,11,23
SD,57457,23,18,8,16
SD,57460,10,23,7,26
SD,57461,21,32,9,21
SD,57465,13,15,12,19
SD,57466,28,17,7,21
SD,57467,16,23,10,8
SD,57468,20,22,11,16
SD,57469,19,26,11,17
SD,57470,23,27,11,22
SD,57471,20,27,5,9
SD,57472,22,19,14,15
SD,57473,10,16,10,10
SD,57474,21,22,7,10
SD,57475,25,22,5,27
SD,57476,14,25,12,17
SD,57477,13,26,9,28
SD,57479,19,21,9,19
SD,57481,20,18,10,22
SD,57501,19,27,13,14
SD,57520,24,28,12,28
SD,57521,16,24,8,22
SD,57522,19,16,5,15
SD,57523,15,15,14,22
SD,57528,21,18,15,25
SD,57529,13,16,14,13
SD,57531,19,25,9,13
SD,57532,27,18,13,8
SD,57533,20,33,7,19
SD,57534,21,20,8,22
SD,57536,14,19,6,27
SD,57537,19,40,9,31
SD,57538,13,18,11,19
SD,57540,22,27,10,22
SD,57541,24,17,12,28
SD,57543,26,28,15,19
SD,57544,24,27,9,8
SD,57547,10,25,7,15
SD,57548,10,19,7,11
SD,57551,10,37,13,13
SD,57552,10,33,13,19
SD,57553,15,22,11,11
SD,57555,27,17,13,20
SD,57559,17,28,13,17
SD,57560,18,27,5,20
SD,57562,10,26,13,14
SD,57563,22,15,14,13
SD,57564,20,24,7,21
SD,57566,20,15,14,13
SD,57567,15,17,11,12
SD,57568,14,26,5,16
SD,57569,22,27,5,11
SD,57570,19,17,6,31
SD,57571,24,15,10,9
SD,57572,16,16,15,14
SD,57574,22,26,11,23
SD,57576,26,34,12,16
SD,57577,22,19,7,15
SD,57579,26,15,9,17
SD,57580,22,17,5,30
SD,57584,16,23,7,28
SD,57585,21,24,10,20
SD,57601,24,31,5,22
SD,57620,17,25,8,17
SD,57621,21,18,5,12
SD,57622,10,27,9,11
SD,57623,22,19,16,23
SD,57625,14,32,9,10
SD,57626,21,34,11,21
SD,57630,27,21,11,17
SD,57631,17,28,11,8
SD,57632,18,23,9,16
SD,57633,26,26,5,17
SD,57634,10,30,13,22
SD,57636,14,23,14,23
SD,57638,19,19,9,17
SD,57639,15,19,5,24
SD,57640,25,21,7,12
SD,57641,22,33,13,11
SD,57642,11,15,7,11
SD,57644,25,15,9,8
SD,57645,17,15,5,17
SD,57646,23,15,5,12
SD,57648,23,21,5,14
SD,57649,19,23,11,10
SD,57650,12,35,14,27
SD,57651,10,15,7,16
SD,57652,18,15,12,17
SD,57656,14,15,5,19
SD,57657,13,21,5,11
SD,57658,21,21,8,22
SD,57659,21,23,10,15
SD,57660,22,30,8,16
SD,57661,17,16,6,25
SD,57701,17,19,6,12
SD,57702,18,24,7,21
SD,57703,12,29,16,27
SD,57706,10,37,5,15
SD,57709,10,24,6,16
SD,57714,13,30,5,11
SD,57716,15,31,8,21
SD,57717,15,26,8,12
SD,57718,23,32,8,8
SD,57719,15,16,5,15
SD,57720,22,20,8,15
SD,57722,22,26,13,20
SD,57724,25,28,6,15
SD,57725,10,21,6,16
SD,57730,11,16,5,14
SD,57732,10,16,5,14
SD,57735,20,34,5,17
SD,57737,16,19,9,13
SD,57738,15,17,5,22
SD,57741,20,15,6,18
SD,57744,28,23,12,18
SD,57745,25,17,8,12
SD,57747,13,20,13,16
SD,57748,21,30,7,17
SD,57750,22,28,11,18
SD,57751,26,34,8,25
SD,57752,10,17,10,23
SD,57754,16,29,14,12
SD,57755,28,23,6,26
SD,57756,13,25,12,16
SD,57758,24,19,15,10
SD,57759,25,24,8,17
SD,57760,20,21,9,16
SD,57761,16,26,11,8
SD,57762,18,27,11,13
SD,57763,17,22,5,15
SD,57764,10,18,11,17
SD,57766,10,26,14,17
SD,57767,16,29,7,14
SD,57769,24,28,11,15
SD,57770,18,18,7,10
SD,57772,17,23,13,23
SD,57773,20,38,10,9
SD,57775,11,36,15,18
SD,57776,23,26,8,27
SD,57779,24,34,10,14
SD,57780,22,21,5,23
SD,57782,12,15,9,17
SD,57783,15,36,9,29
SD,57785,18,22,5,15
SD,57787,24,18,10,13
SD,57788,20,30,6,30
SD,57790,17,19,11,29
SD,57791,22,27,5,31
SD,57792,19,32,6,22
SD,57793,12,25,9,18
SD,57794,13,28,10,12
SD,57799,15,24,6,16
ND,58001,22,36,13,32
ND,58002,19,22,7,12
ND,58004,15,15,6,17
ND,58005,10,33,8,22
ND,58006,19,24,13,13
ND,58007,22,35,11,14
ND,58008,17,28,8,11
ND,58009,18,28,13,10
ND,58011,14,23,10,30
ND,58012,10,35,9,15
ND,58013,16,31,7,30
ND,58015,22,15,14,24
ND,58016,13,39,9,13
ND,58017,17,22,6,23
ND,58018,12,20,8,12
ND,58021,10,25,7,13
ND,58027,16,35,15,10
ND,58029,17,22,14,9
ND,58030,23,21,5,25
ND,58031,24,17,12,19
ND,58032,21,20,14,15
ND,58033,18,30,9,24
ND,58035,22,23,9,9
ND,58036,12,16,9,21
ND,58038,16,17,9,12
ND,58040,22,24,8,24
ND,58041,18,15,8,13
ND,58042,21,24,8,16
ND,58043,22,23,15,9
ND,58045,23,30,9,24
ND,58046,22,31,12,8
ND,58047,18,17,14,19
ND,58048,10,24,10,13
ND,58049,12,22,13,16
ND,58051,10,26,9,25
ND,58052,11,19,9,18
ND,58053,10,15,13,20
ND,58054,19,31,5,13
ND,58056,16,19,10,21
ND,58057,15,16,5,22
ND,58058,13,19,10,18
ND,58059,14,30,10,15
ND,58060,13,37,5,12
ND,58061,10,20,10,8
ND,58062,23,22,9,9
ND,58063,10,17,6,11
ND,58064,17,23,9,23
ND,58065,23,28,7,12
ND,58067,20,23,6,12
ND,58068,21,29,5,22
ND,58069,19,25,8,30
ND,58071,26,22,11,22
ND,58072,10,22,6,13
ND,58074,19,30,8,26
ND,58075,18,26,5,22
ND,58076,22,24,5,9
ND,58077,19,34,12,12
ND,58078,10,31,9,24
ND,58079,12,23,8,11
ND,58081,22,20,7,15
ND,58102,10,19,11,19
ND,58103,20,24,9,25
ND,58104,10,16,11,13
ND,58105,10,22,12,15
ND,58106,16,24,5,8
ND,58107,14,27,9,12
ND,58108,25,31,12,20
ND,58109,17,26,5,17
ND,58121,13,21,9,25
ND,58122,23,35,8,16
ND,58124,18,19,10,31
ND,58125,14,22,11,19
ND,58126,12,35,14,24
ND,58201,13,33,13,21
ND,58202,17,27,13,30
ND,58203,10,15,10,20
ND,58204,28,29,9,18
ND,58205,18,16,9,21
ND,58206,13,26,10,27
ND,58207,20,21,5,21
ND,58208,11,17,13,12
ND,58210,17,30,5,14
ND,58212,19,24,8,11
ND,58214,22,17,5,14
ND,58216,24,22,9,10
ND,58218,22,32,10,16
ND,58219,10,30,15,18
ND,58220,10,25,10,13
ND,58222,25,23,10,20
ND,58223,13,17,7,23
ND,58224,17,25,5,18
ND,58225,14,33,9,17
ND,58227,16,38,11,25
ND,58228,10,37,14,10
ND,58229,19,27,6,15
ND,58230,13,18,5,12
ND,58231,10,22,10,11
ND,58233,13,24,6,16
ND,58235,11,22,16,28
ND,58236,21,21,15,10
ND,58237,23,24,8,28
ND,58238,11,24,6,19
ND,58239,16,24,5,9
ND,58240,18,32,10,23
ND,58241,16,24,15,19
ND,58243,15,15,5,20
ND,58244,14,32,6,20
ND,58249,18,19,7,17
ND,58250,23,24,7,18
ND,58251,27,17,11,18
ND,58254,20,31,5,14
ND,58255,27,26,12,30
ND,58256,21,25,14,15
ND,58257,18,17,15,27
ND,58258,24,20,13,15
ND,58259,10,25,9,18
ND,58260,25,20,13,12
ND,58261,16,15,9,23
ND,58262,19,33,11,14
ND,58265,10,15,7,19
ND,58266,16,22,7,13
ND,58267,17,23,7,27
ND,58269,10,19,7,23
ND,58270,19,24,7,12
ND,58271,15,29,13,29
ND,58272,10,20,14,20
ND,58273,10,34,9,30
ND,58274,26,26,14,26
ND,58275,21,23,11,21
ND,58276,20,21,5,26
ND,58277,10,15,12,25
ND,58278,12,25,16,11
ND,58281,23,27,9,26
ND,58282,17,16,8,22
ND,58301,19,25,6,13
ND,58310,24,20,13,29
ND,58311,15,16,15,19
ND,58313,14,15,10,13
ND,58316,12,33,11,20
ND,58317,17,30,13,17
ND,58318,19,19,7,17
ND,58319,13,20,12,19
ND,58321,16,29,15,17
ND,58323,18,18,8,14
ND,58324,10,16,11,22
ND,58325,14,21,6,22
ND,58327,18,15,10,11
ND,58329,10,21,5,23
ND,58330,21,20,5,22
ND,58331,14,34,7,19
ND,58332,18,23,7,14
ND,58335,20,19,6,22
ND,58338,24,19,12,17
ND,58339,16,18,15,12
ND,58341,15,22,13,20
ND,58343,17,34,10,17
ND,58344,20,20,6,19
ND,58345,15,31,8,20
ND,58346,22,23,12,23
ND,58348,10,27,12,29
ND,58351,10,23,5,12
ND,58352,18,15,12,12
ND,58353,10,15,7,13
ND,58355,19,35,13,9
ND,58356,21,22,10,24
ND,58357,16,25,6,17
ND,58361,22,25,5,19
ND,58362,22,34,6,26
ND,58363,17,29,9,30
ND,58365,10,21,7,13
ND,58366,14,15,11,24
ND,58367,17,15,6,17
ND,58368,11,15,13,23
ND,58369,14,26,13,22
ND,58370,23,23,12,17
ND,58372,18,16,13,24
ND,58374,26,30,5,28
ND,58377,23,19,12,18
ND,58379,17,23,7,19
ND,58380,24,20,14,14
ND,58381,13,19,15,18
ND,58382,10,18,10,13
ND,58384,10,15,7,15
ND,58385,12,30,14,16
ND,58386,33,41,19,17
ND,58401,12,23,8,32
ND,58402,17,22,14,8
ND,58405,11,15,5,20
ND,58413,10,24,15,14
ND,58415,14,20,13,16
ND,58416,14,15,15,8
ND,58418,22,22,12,18
ND,58420,19,28,9,11
ND,58421,21,20,8,19
ND,58422,17,18,5,18
ND,58423,21,21,8,18
ND,58424,20,21,6,22
ND,58425,13,15,16,16
ND,58426,17,29,13,30
ND,58428,16,18,9,30
ND,58429,10,15,11,14
ND,58430,28,29,6,18
ND,58431,24,30,11,22
ND,58433,15,22,13,18
ND,58436,11,22,11,12
ND,58438,24,18,14,20
ND,58439,14,23,6,17
ND,58440,21,34,14,32
ND,58441,20,30,12,24
ND,58442,25,31,9,15
ND,58443,24,23,9,25
ND,58444,22,15,15,25
ND,58445,23,27,11,28
ND,58448,18,17,5,13
ND,58451,10,16,6,17
ND,58452,12,26,9,21
ND,58454,10,25,5,26
ND,58455,11,31,14,21
ND,58456,25,24,10,25
ND,58458,12,30,5,10
ND,58460,16,39,9,10
ND,58461,15,29,8,15
ND,58463,17,30,14,29
ND,58464,14,16,8,28
ND,58466,19,17,14,8
ND,58467,20,25,11,12
ND,58472,19,29,9,21
ND,58474,24,26,12,9
ND,58475,20,26,7,16
ND,58476,17,17,8,15
ND,58477,18,20,6,23
ND,58478,15,19,13,25
ND,58479,25,24,5,13
ND,58480,20,28,12,23
ND,58481,10,23,8,21
ND,58482,20,24,5,10
ND,58483,23,33,5,15
ND,58484,13,21,11,11
ND,58486,12,29,7,8
ND,58487,13,33,9,12
ND,58488,20,26,10,10
ND,58490,11,32,9,18
ND,58492,23,32,13,18
ND,58494,12,22,15,22
ND,58495,18,20,14,14
ND,58496,11,22,6,20
ND,58497,23,29,9,17
ND,58501,21,22,16,8
ND,58502,10,30,11,8
ND,58503,10,15,5,11
ND,58504,17,20,8,10
ND,58505,17,25,13,26
ND,58506,12,25,5,8
ND,58507,17,27,10,8
ND,58520,11,25,12,11
ND,58521,11,25,5,13
ND,58523,20,23,13,11
ND,58524,13,19,13,21
ND,58528,23,21,12,27
ND,58529,13,18,5,20
ND,58530,12,29,14,22
ND,58531,15,20,12,16
ND,58532,22,20,12,14
ND,58533,20,20,15,14
ND,58535,19,23,11,15
ND,58538,12,23,15,17
ND,58540,15,18,5,24
ND,58541,12,27,5,13
ND,58542,17,16,15,23
ND,58544,21,18,7,23
ND,58545,14,32,8,10
ND,58549,16,26,10,23
ND,58552,24,23,12,12
ND,58554,10,29,6,20
ND,58558,25,15,13,9
ND,58559,15,33,14,16
ND,58560,20,22,11,15
ND,58561,11,29,5,14
ND,58562,22,15,10,15
ND,58563,10,24,5,18
ND,58564,19,17,14,25
ND,58565,22,31,5,8
ND,58566,14,23,8,17
ND,58568,25,16,11,20
ND,58569,15,31,9,20
ND,58570,16,17,7,16
ND,58571,15,28,10,23
ND,58572,10,25,5,11
ND,58573,10,29,8,19
ND,58575,21,19,13,14
ND,58576,26,32,5,15
ND,58577,13,21,6,28
ND,58579,13,18,7,23
ND,58580,12,26,11,28
ND,58581,10,25,8,8
ND,58601,18,15,8,22
ND,58602,12,25,5,28
ND,58620,19,26,8,23
ND,58621,23,21,12,12
ND,58622,19,19,10,23
ND,58623,23,16,9,11
ND,58625,18,30,12,16
ND,58626,22,18,6,22
ND,58627,13,25,12,14
ND,58630,10,18,16,15
ND,58631,18,16,11,14
ND,58632,16,18,8,17
ND,58634,17,32,5,22
ND,58636,10,39,6,14
ND,58638,10,20,13,25
ND,58639,15,30,9,23
ND,58640,25,17,10,11
ND,58641,18,15,9,13
ND,58642,23,25,15,17
ND,58643,11,20,14,18
ND,58644,16,25,5,18
ND,58645,23,31,8,17
ND,58646,24,22,7,19
ND,58647,15,27,8,13
ND,58649,29,29,8,15
ND,58650,21,26,15,22
ND,58651,14,15,11,9
ND,58652,17,15,14,16
ND,58653,21,18,14,9
ND,58654,17,27,5,19
ND,58655,18,18,14,8
ND,58656,13,15,5,20
ND,58701,23,16,13,14
ND,58702,18,25,9,19
ND,58703,12,21,7,24
ND,58704,10,19,11,23
ND,58705,17,30,9,32
ND,58707,19,15,10,19
ND,58710,20,34,12,22
ND,58711,23,32,6,12
ND,58712,13,24,15,13
ND,58713,18,18,8,21
ND,58716,17,21,10,27
ND,58718,21,21,7,19
ND,58721,26,18,5,21
ND,58722,19,26,5,16
ND,58723,14,29,11,19
ND,58725,27,25,5,27
ND,58727,18,16,11,19
ND,58730,18,35,10,13
ND,58731,11,38,15,20
ND,58733,10,30,14,14
ND,58734,16,34,12,13
ND,58735,12,36,7,19
ND,58736,28,26,8,27
ND,58737,19,15,8,15
ND,58740,14,19,11,16
ND,58741,23,22,11,23
ND,58744,10,27,13,19
ND,58746,17,16,7,21
ND,58748,13,21,13,12
ND,58750,10,30,7,24
ND,58752,13,19,15,13
ND,58755,14,18,9,14
ND,58756,12,27,11,23
ND,58757,27,38,14,26
ND,58758,18,23,9,8
ND,58759,15,22,12,12
ND,58760,24,29,11,24
ND,58761,21,22,8,18
ND,58762,15,23,11,22
ND,58763,10,37,5,15
ND,58765,11,19,13,16
ND,58768,12,15,12,28
ND,58769,15,18,13,21
ND,58770,27,22,7,15
ND,58771,10,30,12,11
ND,58772,21,16,5,17
ND,58773,26,22,7,22
ND,58775,10,32,8,14
ND,58776,16,28,12,14
ND,58778,10,26,11,18
ND,58779,26,15,13,27
ND,58781,16,22,7,9
ND,58782,18,18,10,14
ND,58783,19,15,12,19
ND,58784,26,15,6,16
ND,58785,14,34,15,26
ND,58787,10,15,7,24
ND,58788,10,22,11,23
ND,58789,17,17,5,16
ND,58790,16,25,12,13
ND,58792,25,21,10,17
ND,58793,10,22,11,11
ND,58794,10,33,5,16
ND,58795,10,17,6,27
ND,58801,20,17,8,11
ND,58802,10,33,10,20
ND,58803,17,24,14,17
ND,58830,18,17,7,11
ND,58831,11,27,11,19
ND,58833,21,20,6,14
ND,58835,26,30,6,18
ND,58838,14,15,13,18
ND,58843,10,21,9,10
ND,58844,10,37,8,17
ND,58845,19,28,14,22
ND,58847,12,22,8,15
ND,58849,24,29,7,11
ND,58852,25,39,13,21
ND,58853,18,29,7,16
ND,58854,22,19,6,17
ND,58856,14,29,7,22
MT,59001,10,16,14,11
MT,59002,11,23,15,19
MT,59003,10,19,8,15
MT,59004,10,28,10,8
MT,59006,10,17,12,12
MT,59007,25,25,5,16
MT,59008,23,15,5,19
MT,59010,17,31,9,15
MT,59011,14,16,12,14
MT,59012,15,29,13,18
MT,59013,17,19,11,21
MT,59014,23,21,13,20
MT,59015,10,23,8,30
MT,59016,16,16,6,17
MT,59018,26,16,14,22
MT,59019,10,25,14,9
MT,59020,23,24,11,16
MT,59022,14,25,7,13
MT,59024,13,22,13,8
MT,59025,12,26,7,20
MT,59026,20,19,5,12
MT,59027,17,35,10,10
MT,59028,23,25,7,17
MT,59029,15,26,8,18
MT,59030,18,31,8,21
MT,59031,14,22,10,12
MT,59032,18,15,15,24
MT,59033,16,22,5,16
MT,59034,13,28,13,23
MT,59035,18,27,15,26
MT,59036,10,18,14,19
MT,59037,11,22,9,29
MT,59038,18,19,12,10
MT,59039,18,38,5,15
MT,59041,22,15,9,12
MT,59043,16,26,10,18
MT,59044,24,35,12,22
MT,59046,20,32,9,18
MT,59047,16,15,11,20
MT,59050,27,18,12,19
MT,59052,18,18,9,25
MT,59053,16,24,5,18
MT,59054,27,29,13,16
MT,59055,16,26,10,14
MT,59057,14,19,5,12
MT,59058,24,18,12,19
MT,59059,25,24,9,17
MT,59061,13,22,13,15
MT,59062,24,16,7,22
MT,59063,18,20,5,29
MT,59064,14,31,16,10
MT,59065,12,28,5,18
MT,59066,15,22,9,10
MT,59067,16,15,7,20
MT,59068,11,34,8,18
MT,59069,20,19,6,15
MT,59070,10,28,15,12
MT,59071,23,16,10,19
MT,59072,12,26,7,8
MT,59073,13,16,9,12
MT,59074,15,16,15,21
MT,59075,18,27,9,19
MT,59076,18,25,14,19
MT,59077,22,35,6,17
MT,59078,10,26,12,22
MT,59079,26,15,7,22
MT,59081,10,17,9,11
MT,59082,16,16,12,15
MT,59083,25,24,10,28
MT,59084,18,26,14,24
MT,59085,18,25,12,26
MT,59086,24,28,14,22
MT,59087,24,16,14,26
MT,59088,17,26,5,8
MT,59089,10,17,7,14
MT,59101,17,23,6,11
MT,59102,13,21,9,9
MT,59103,22,20,12,23
MT,59104,18,23,6,23
MT,59105,15,26,12,20
MT,59106,14,31,11,23
MT,59107,13,15,11,18
MT,59108,10,18,5,17
MT,59111,17,25,5,11
MT,59112,14,35,8,20
MT,59114,19,19,15,19
MT,59115,11,25,5,17
MT,59116,26,18,15,16
MT,59117,21,22,6,26
MT,59201,28,18,12,15
MT,59211,25,15,5,25
MT,59212,21,22,6,22
MT,59213,16,26,13,18
MT,59214,14,20,12,12
MT,59215,14,25,13,13
MT,59217,15,25,12,9
MT,59218,13,31,10,14
MT,59219,14,22,9,21
MT,59221,10,25,13,23
MT,59222,21,27,7,16
MT,59223,20,24,9,15
MT,59225,15,28,11,20
MT,59226,13,34,5,14
MT,59230,25,24,10,16
MT,59231,10,19,14,18
MT,59240,18,18,5,20
MT,59241,19,31,7,19
MT,59242,14,24,5,24
MT,59243,15,26,9,14
MT,59244,23,28,9,9
MT,59247,10,15,5,20
MT,59248,22,28,9,12
MT,59250,18,30,14,12
MT,59252,15,18,6,22
MT,59253,12,17,9,25
MT,59254,22,29,13,26
MT,59255,13,34,5,27
MT,59256,14,26,11,16
MT,59257,21,24,11,18
MT,59258,17,31,10,14
MT,59259,10,23,13,9
MT,59260,19,26,10,22
MT,59261,17,32,13,16
MT,59262,13,18,12,21
MT,59263,22,29,12,29
MT,59270,23,15,9,30
MT,59273,15,23,9,19
MT,59274,25,30,6,26
MT,59275,20,19,13,9
MT,59276,10,15,10,12
MT,59301,21,24,10,20
MT,59311,10,34,7,14
MT,59312,16,20,6,27
MT,59313,20,20,15,20
MT,59314,23,27,9,19
MT,59315,23,25,5,16
MT,59316,10,29,7,14
MT,59317,21,22,8,25
MT,59318,12,27,6,11
MT,59319,17,21,7,16
MT,59322,15,16,5,22
MT,59323,22,28,13,15
MT,59324,19,18,5,21
MT,59326,18,15,10,10
MT,59327,18,27,5,30
MT,59330,18,19,13,20
MT,59332,13,17,6,15
MT,59333,16,16,12,16
MT,59336,15,15,9,10
MT,59337,15,15,7,10
MT,59338,10,15,12,9
MT,59339,15,18,10,16
MT,59341,17,28,10,15
MT,59343,10,20,11,18
MT,59344,23,22,14,12
MT,59345,18,26,11,13
MT,59347,18,17,7,22
MT,59349,16,29,14,8
MT,59351,10,22,5,15
MT,59353,19,19,9,18
MT,59354,25,20,10,11
MT,59401,19,15,15,15
MT,59402,20,22,9,22
MT,59403,12,18,5,14
MT,59404,12,15,5,16
MT,59405,22,28,7,27
MT,59406,15,27,13,19
MT,59410,11,17,6,22
MT,59411,10,24,7,15
MT,59412,22,28,10,25
MT,59414,17,23,9,21
MT,59416,18,29,7,17
MT,59417,24,27,7,25
MT,59418,16,32,8,24
MT,59419,24,25,11,30
MT,59420,11,30,12,26
MT,59421,20,22,13,16
MT,59422,21,19,8,17
MT,59424,10,22,13,15
MT,59425,14,38,12,17
MT,59427,11,15,11,19
MT,59430,21,15,10,19
MT,59432,14,25,9,22
MT,59433,19,38,10,18
MT,59434,21,30,7,25
MT,59435,19,23,12,21
MT,59436,17,21,11,18
MT,59440,14,21,5,18
MT,59441,25,21,14,16
MT,59442,17,24,12,12
MT,59443,14,15,15,12
MT,59444,17,20,10,13
MT,59446,11,15,9,28
MT,59447,24,29,6,16
MT,59448,24,33,13,10
MT,59450,28,22,5,31
MT,59451,17,20,13,12
MT,59452,20,17,5,19
MT,59453,10,29,11,22
MT,59454,10,19,8,19
MT,59456,23,29,13,14
MT,59457,17,20,11,23
MT,59460,20,24,8,24
MT,59461,12,16,13,20
MT,59462,16,38,15,25
MT,59463,13,25,8,10
MT,59464,21,17,12,19
MT,59465,11,22,6,8
MT,59466,20,30,12,10
MT,59467,26,22,8,19
MT,59468,10,18,8,15
MT,59469,19,21,10,22
MT,59471,18,31,5,29
MT,59472,10,24,6,8
MT,59474,10,28,9,11
MT,59477,13,20,14,18
MT,59479,20,32,6,12
MT,59480,10,29,12,12
MT,59482,23,15,5,15
MT,59483,22,27,11,27
MT,59484,17,21,12,13
MT,59485,15,24,10,11
MT,59486,22,34,14,13
MT,59487,10,36,10,16
MT,59489,17,33,13,10
MT,59501,17,15,5,13
MT,59520,16,27,7,17
MT,59521,15,36,13,15
MT,59522,19,25,7,16
MT,59523,11,24,13,15
MT,59524,17,28,11,12
MT,59525,17,15,7,30
MT,59526,16,20,8,20
MT,59527,25,17,8,14
MT,59528,24,15,5,10
MT,59529,21,31,15,18
MT,59530,10,36,14,11
MT,59531,23,19,5,25
MT,59532,23,17,5,19
MT,59535,20,15,5,16
MT,59537,21,28,11,20
MT,59538,14,28,10,16
MT,59540,17,23,12,21
MT,59542,23,22,12,15
MT,59544,18,29,13,16
MT,59545,16,22,5,11
MT,59546,22,40,6,22
MT,59547,10,25,10,24
MT,59601,10,22,5,19
MT,59602,13,23,12,17
MT,59604,11,20,7,22
MT,59620,10,30,7,13
MT,59623,16,29,11,11
MT,59624,21,28,9,15
MT,59625,24,15,5,17
MT,59626,25,25,6,16
MT,59631,22,23,7,18
MT,59632,10,23,11,14
MT,59633,24,29,13,32
MT,59634,14,30,13,14
MT,59635,16,22,9,11
MT,59636,19,24,6,8
MT,59638,14,15,10,19
MT,59639,21,26,14,33
MT,59640,19,22,9,16
MT,59641,10,27,5,13
MT,59642,15,36,13,20
MT,59643,11,21,11,12
MT,59644,18,26,6,19
MT,59645,12,21,5,16
MT,59647,21,30,6,16
MT,59648,16,25,15,21
MT,59701,13,20,10,16
MT,59702,15,31,14,17
MT,59703,20,31,12,8
MT,59707,13,21,13,16
MT,59710,24,17,10,9
MT,59711,11,24,13,20
MT,59713,22,24,14,15
MT,59714,10,20,6,17
MT,59715,21,19,6,23
MT,59716,26,20,6,20
MT,59717,14,16,5,11
MT,59718,18,21,12,27
MT,59719,18,31,11,25
MT,59720,23,33,6,13
MT,59721,24,22,10,17
MT,59722,15,25,12,18
MT,59724,19,20,6,12
MT,59725,22,20,5,25
MT,59727,12,21,10,19
MT,59728,20,29,6,31
MT,59729,12,37,13,22
MT,59730,24,15,8,28
MT,59731,11,17,6,12
MT,59732,10,20,11,18
MT,59733,20,21,13,16
MT,59735,16,22,12,9
MT,59736,16,15,7,14
MT,59739,19,30,11,18
MT,59740,18,21,9,11
MT,59741,10,17,11,27
MT,59743,14,24,9,19
MT,59745,10,27,10,21
MT,59746,23,35,12,10
MT,59747,26,23,11,24
MT,59748,24,28,11,12
MT,59749,19,28,11,30
MT,59750,17,18,5,24
MT,59751,14,19,12,25
MT,59752,19,18,9,15
MT,59754,15,34,8,17
MT,59755,22,33,6,19
MT,59756,22,29,7,23
MT,59758,10,19,15,14
MT,59759,10,18,8,21
MT,59760,22,25,10,21
MT,59761,14,16,10,16
MT,59762,23,33,6,12
MT,59771,19,31,16,18
MT,59772,22,27,11,21
MT,59773,10,38,9,20
MT,59801,21,33,6,29
MT,59802,17,22,11,16
MT,59803,16,17,11,24
MT,59804,10,16,15,21
MT,59806,12,32,13,22
MT,59807,25,25,6,19
MT,59808,26,25,16,10
MT,59812,19,16,5,20
MT,59820,17,24,7,17
MT,59821,14,37,8,16
MT,59823,20,38,5,20
MT,59824,13,22,5,12
MT,59825,10,16,15,22
MT,59826,10,26,10,24
MT,59827,18,26,8,17
MT,59828,18,27,14,20
MT,59829,17,15,16,23
MT,59830,18,27,8,31
MT,59831,10,24,10,13
MT,59832,10,21,15,21
MT,59833,10,18,10,18
MT,59834,12,25,11,17
MT,59835,19,20,5,28
MT,59837,10,15,12,10
MT,59840,13,26,12,19
MT,59841,12,26,9,15
MT,59842,22,27,5,13
MT,59843,22,28,6,11
MT,59844,11,15,10,9
MT,59845,21,33,5,17
MT,59846,16,30,13,10
MT,59847,21,29,9,14
MT,59848,15,28,8,20
MT,59851,13,15,11,17
MT,59853,14,21,11,13
MT,59854,18,27,10,18
MT,59855,10,20,5,26
MT,59856,12,18,10,13
MT,59858,11,16,8,26
MT,59859,23,25,12,19
MT,59860,19,15,10,14
MT,59863,18,20,12,22
MT,59864,10,37,7,24
MT,59865,19,28,8,27
MT,59866,11,20,15,24
MT,59867,28,15,7,23
MT,59868,25,39,15,20
MT,59870,10,25,11,22
MT,59871,28,15,9,16
MT,59872,24,21,6,27
MT,59873,27,22,7,9
MT,59874,20,38,13,16
MT,59875,16,21,9,14
MT,59901,18,22,5,9
MT,59903,23,23,9,12
MT,59904,20,37,5,19
MT,59910,20,15,9,13
MT,59911,22,15,11,18
MT,59912,12,20,13,24
MT,59913,26,28,12,21
MT,59914,19,24,6,16
MT,59915,25,15,7,29
MT,59916,15,20,10,15
MT,59917,21,22,5,12
MT,59918,21,29,10,14
MT,59919,10,18,12,30
MT,59920,15,17,12,11
MT,59921,13,17,8,15
MT,59922,23,32,8,22
MT,59923,10,34,14,26
MT,59925,10,30,12,22
MT,59926,10,26,9,17
MT,59927,23,18,13,22
MT,59928,22,26,9,26
MT,59929,17,25,5,13
MT,59930,26,21,13,18
MT,59931,19,16,8,16
MT,59932,24,17,14,16
MT,59933,10,30,5,20
MT,59934,20,20,11,23
MT,59935,18,17,7,20
MT,59936,22,15,5,21
MT,59937,22,15,7,24
IL,60001,36,52,24,58
IL,60002,39,21,21,53
IL,60004,16,30,31,33
IL,60005,39,59,18,44
IL,60006,38,43,10,42
IL,60007,39,44,9,64
IL,60008,15,38,12,42
IL,60009,44,31,28,43
IL,60010,16,33,24,38
IL,60011,18,39,32,44
IL,60012,36,31,32,33
IL,60013,32,37,12,18
IL,60014,21,33,22,23
IL,60015,30,38,11,39
IL,60016,35,40,17,26
IL,60017,37,39,28,40
IL,60018,23,39,18,19
IL,60019,36,29,27,22
IL,60020,45,31,23,54
IL,60021,16,27,23,30
IL,60022,35,30,25,66
IL,60025,16,59,30,58
IL,60026,17,51,14,32
IL,60029,25,53,22,26
IL,60030,25,19,18,33
IL,60031,27,56,14,30
IL,60033,21,24,32,22
IL,60034,26,47,32,27
IL,60035,26,38,32,45
IL,60037,21,53,11,37
IL,60038,37,58,24,53
IL,60039,31,28,31,31
IL,60040,15,34,12,44
IL,60041,16,29,24,28
IL,60042,24,60,10,39
IL,60043,38,29,23,63
IL,60044,39,32,20,72
IL,60045,28,26,25,41
IL,60046,40,30,16,22
IL,60047,29,55,30,49
IL,60048,49,33,18,25
IL,60049,19,40,15,42
IL,60050,14,31,18,24
IL,60051,16,32,33,30
IL,60053,42,45,33,25
IL,60055,36,39,9,63
IL,60056,46,53,29,55
IL,60060,15,24,16,15
IL,60061,34,38,15,39
IL,60062,22,35,10,43
IL,60064,33,63,46,72
IL,60065,16,37,33,39
IL,60067,19,34,28,40
IL,60068,22,40,31,28
IL,60069,17,43,25,18
IL,60070,37,43,29,50
IL,60071,36,63,17,29
IL,60072,32,34,18,35
IL,60073,29,62,30,27
IL,60074,22,37,12,33
IL,60075,37,53,23,17
IL,60076,14,33,23,24
IL,60077,18,46,25,33
IL,60078,32,45,10,40
IL,60079,19,41,31,62
IL,60081,26,27,30,41
IL,60082,30,22,27,51
IL,60083,46,24,14,48
IL,60084,36,55,25,18
IL,60085,23,42,11,41
IL,60086,42,71,29,84
IL,60087,22,38,31,30
IL,60088,19,26,29,25
IL,60089,26,55,15,36
IL,60090,24,37,21,46
IL,60091,19,27,23,28
IL,60092,31,48,13,27
IL,60093,35,41,22,16
IL,60094,24,39,27,42
IL,60095,36,47,26,39
IL,60096,13,32,25,33
IL,60097,40,46,16,48
IL,60098,24,54,19,25
IL,60099,29,44,19,25
IL,60101,40,29,10,28
IL,60102,30,36,20,51
IL,60103,50,30,20,39
IL,60104,35,58,32,33
IL,60105,36,39,22,58
IL,60106,21,62,22,46
IL,60107,30,41,10,59
IL,60108,38,44,12,53
IL,60109,39,28,33,22
IL,60110,38,42,17,26
IL,60111,47,26,34,24
IL,60112,16,23,28,23
IL,60113,19,59,21,57
IL,60115,14,34,25,25
IL,60116,29,62,31,45
IL,60117,32,36,28,36
IL,60118,32,44,28,29
IL,60119,19,48,12,23
IL,60120,32,36,27,23
IL,60121,18,45,15,23
IL,60122,40,51,18,39
IL,60123,17,25,12,34
IL,60124,19,49,23,41
IL,60125,28,56,31,26
IL,60126,29,22,18,41
IL,60128,42,42,27,21
IL,60129,34,23,17,45
IL,60130,17,48,14,25
IL,60131,28,51,10,49
IL,60132,16,32,12,53
IL,60133,39,49,31,36
IL,60134,34,27,28,50
IL,60135,25,37,26,22
IL,60136,27,41,17,42
IL,60137,37,43,16,56
IL,60138,27,30,19,18
IL,60139,38,37,22,37
IL,60140,21,44,9,41
IL,60141,19,36,10,53
IL,60142,30,33,17,25
IL,60143,37,56,12,64
IL,60144,43,55,26,22
IL,60145,33,29,24,17
IL,60146,42,34,28,30
IL,60147,22,29,29,31
IL,60148,17,39,23,23
IL,60150,39,34,23,22
IL,60151,16,41,13,38
IL,60152,20,28,11,29
IL,60153,20,40,9,50
IL,60154,18,61,22,32
IL,60155,37,23,11,51
IL,60156,15,42,14,42
IL,60157,24,43,10,31
IL,60159,25,35,22,34
IL,60160,36,49,27,27
IL,60161,28,34,13,56
IL,60162,27,24,26,40
IL,60163,38,64,23,23
IL,60164,36,28,16,48
IL,60165,18,45,17,28
IL,60168,23,59,22,33
IL,60169,36,38,22,34
IL,60170,40,23,27,27
IL,60171,35,30,29,38
IL,60172,37,36,16,40
IL,60173,24,38,21,41
IL,60174,39,34,20,64
IL,60175,43,21,30,34
IL,60176,42,52,23,24
IL,60177,20,55,16,32
IL,60178,32,38,13,39
IL,60179,45,61,18,38
IL,60180,16,53,11,25
IL,60181,17,35,16,51
IL,60183,24,44,10,57
IL,60184,29,42,30,39
IL,60185,65,90,29,47
IL,60186,51,43,20,25
IL,60187,30,47,28,37
IL,60188,27,21,20,57
IL,60189,28,41,17,43
IL,60190,23,32,10,65
IL,60191,29,31,13,46
IL,60192,44,44,30,47
IL,60193,28,37,23,30
IL,60194,21,60,31,56
IL,60195,25,50,24,23
IL,60196,40,36,26,49
IL,60197,39,24,23,29
IL,60199,42,27,28,65
IL,60201,16,47,20,68
IL,60202,36,31,11,72
IL,60203,30,41,18,37
IL,60204,36,50,21,70
IL,60208,26,44,15,48
IL,60209,31,62,13,54
IL,60290,51,65,45,45
IL,60301,31,47,12,47
IL,60302,37,41,32,49
IL,60303,17,52,25,45
IL,60304,29,39,15,33
IL,60305,16,49,18,59
IL,60399,37,42,13,27
IL,60401,44,29,11,47
IL,60402,30,48,23,39
IL,60403,26,29,16,60
IL,60404,46,43,10,52
IL,60406,39,35,27,53
IL,60407,46,65,22,68
IL,60408,34,66,20,52
IL,60409,30,56,18,43
IL,60410,13,32,33,28
IL,60411,38,61,45,66
IL,60412,40,76,53,33
IL,60415,49,78,51,85
IL,60416,31,47,12,24
IL,60417,21,51,18,22
IL,60418,39,43,15,53
IL,60419,18,36,10,38
IL,60420,43,54,23,31
IL,60421,28,36,11,35
IL,60422,47,29,31,25
IL,60423,48,55,18,24
IL,60424,37,37,25,31
IL,60425,37,41,11,27
IL,60426,43,60,13,42
IL,60428,33,38,12,40
IL,60429,27,55,11,36
IL,60430,19,55,28,43
IL,60431,35,61,24,53
IL,60432,19,56,21,30
IL,60433,31,50,28,40
IL,60434,43,48,19,27
IL,60435,37,44,34,40
IL,60436,29,38,27,24
IL,60437,21,55,19,51
IL,60438,31,50,11,18
IL,60439,27,59,26,62
IL,60440,38,33,25,48
IL,60441,23,48,17,23
IL,60442,43,49,20,21
IL,60443,42,30,24,64
IL,60444,16,40,17,26
IL,60445,46,68,12,38
IL,60446,22,41,18,25
IL,60447,23,41,12,30
IL,60448,47,36,28,22
IL,60449,39,51,16,32
IL,60450,41,44,15,22
IL,60451,32,27,14,43
IL,60452,37,25,12,31
IL,60453,27,29,9,32
IL,60454,43,59,21,27
IL,60455,42,42,19,53
IL,60456,31,43,25,39
IL,60457,25,60,28,23
IL,60458,35,46,22,34
IL,60459,16,36,18,25
IL,60460,17,66,19,23
IL,60461,21,44,22,37
IL,60462,47,31,9,42
IL,60463,18,48,34,29
IL,60464,13,39,16,72
IL,60465,28,30,14,35
IL,60466,19,57,10,27
IL,60467,43,30,23,30
IL,60468,19,39,15,38
IL,60469,37,51,19,26
IL,60470,30,60,28,42
IL,60471,29,29,10,17
IL,60472,14,30,22,42
IL,60473,35,46,27,51
IL,60474,14,40,23,43
IL,60475,38,63,18,41
IL,60476,44,31,13,52
IL,60477,31,40,11,31
IL,60478,16,53,16,21
IL,60479,35,39,16,43
IL,60480,35,51,24,33
IL,60481,18,45,21,32
IL,60482,32,34,29,40
IL,60484,36,41,17,29
IL,60487,26,36,16,25
IL,60490,46,30,23,25
IL,60491,29,50,27,40
IL,60499,19,29,11,61
IL,60501,37,47,13,27
IL,60502,17,42,29,66
IL,60503,16,36,24,30
IL,60504,15,53,20,25
IL,60505,28,28,10,29
IL,60506,18,39,25,41
IL,60507,13,28,19,33
IL,60510,30,38,14,36
IL,60511,29,41,26,23
IL,60512,21,36,25,51
IL,60513,42,32,27,41
IL,60514,41,48,19,47
IL,60515,44,46,17,55
IL,60516,23,28,30,62
IL,60517,34,42,10,50
IL,60518,29,47,26,32
IL,60519,24,44,20,37
IL,60520,33,24,11,27
IL,60521,18,41,15,23
IL,60522,44,47,29,41
IL,60523,43,32,29,35
IL,60525,31,46,17,35
IL,60526,30,40,23,48
IL,60527,33,31,25,54
IL,60530,36,58,21,27
IL,60531,41,37,22,29
IL,60532,33,35,12,20
IL,60534,43,47,32,21
IL,60536,44,41,10,57
IL,60537,21,31,22,25
IL,60538,17,29,25,30
IL,60539,27,41,23,32
IL,60540,25,42,31,57
IL,60541,38,37,22,56
IL,60542,35,41,14,32
IL,60543,44,45,16,36
IL,60544,19,29,28,45
IL,60545,26,40,16,27
IL,60546,38,65,13,40
IL,60548,26,55,16,48
IL,60549,35,32,19,24
IL,60550,22,32,10,30
IL,60551,14,29,24,24
IL,60552,42,48,27,57
IL,60553,30,27,26,52
IL,60554,42,38,20,28
IL,60555,19,28,13,20
IL,60556,14,34,24,42
IL,60557,17,35,10,24
IL,60558,24,21,14,34
IL,60559,45,37,21,38
IL,60560,29,37,25,61
IL,60561,38,26,12,38
IL,60563,28,19,22,29
IL,60564,28,37,19,26
IL,60565,38,57,14,24
IL,60566,31,53,17,41
IL,60567,43,25,16,38
IL,60568,25,26,27,58
IL,60569,35,39,24,61
IL,60570,31,53,14,51
IL,60572,23,43,19,46
IL,60585,39,33,21,33
IL,60586,26,52,29,54
IL,60597,40,55,16,44
IL,60598,22,50,19,48
IL,60599,42,28,20,30
IL,60601,43,83,42,73
IL,60602,26,81,29,91
IL,60603,73,90,17,35
IL,60604,33,60,34,70
IL,60605,71,62,19,88
IL,60606,31,74,20,85
IL,60607,78,74,42,48
IL,60608,30,64,30,66
IL,60609,31,90,49,70
IL,60610,52,66,25,50
IL,60611,67,39,28,50
IL,60612,66,86,29,51
IL,60613,52,53,50,42
IL,60614,72,38,25,48
IL,60615,50,72,19,95
IL,60616,26,69,33,59
IL,60617,50,61,21,56
IL,60618,54,88,48,95
IL,60619,41,65,31,58
IL,60620,23,53,51,71
IL,60621,35,65,48,47
IL,60622,62,48,49,43
IL,60623,78,41,40,68
IL,60624,25,37,19,61
IL,60625,30,45,32,60
IL,60626,57,51,49,95
IL,60628,52,53,36,48
IL,60629,31,70,46,66
IL,60630,61,75,25,95
IL,60631,45,62,17,62
IL,60632,39,52,31,93
IL,60633,68,62,41,33
IL,60634,50,45,43,62
IL,60636,28,86,51,64
IL,60637,23,38,22,95
IL,60638,53,43,20,63
IL,60639,41,48,41,55
IL,60640,33,59,31,66
IL,60641,36,38,26,95
IL,60642,55,90,29,56
IL,60643,50,81,33,95
IL,60644,54,69,51,65
IL,60645,20,77,29,48
IL,60646,26,45,45,69
IL,60647,58,77,31,87
IL,60649,32,46,17,46
IL,60651,69,77,39,34
IL,60652,63,68,17,60
IL,60653,64,88,19,45
IL,60654,41,85,43,41
IL,60655,31,70,16,94
IL,60656,77,84,20,35
IL,60657,72,75,40,45
IL,60659,24,55,41,45
IL,60660,53,79,52,65
IL,60661,70,76,22,31
IL,60663,63,81,35,70
IL,60664,58,48,50,52
IL,60666,41,68,35,40
IL,60668,28,36,47,90
IL,60669,40,88,16,45
IL,60670,63,54,21,92
IL,60673,32,39,41,58
IL,60674,67,42,18,38
IL,60675,58,75,30,56
IL,60677,36,60,38,88
IL,60678,39,52,38,89
IL,60679,42,86,17,63
IL,60680,26,74,20,50
IL,60681,30,63,52,74
IL,60682,27,84,51,94
IL,60684,41,81,15,48
IL,60685,45,44,45,46
IL,60686,68,84,24,95
IL,60687,54,67,20,72
IL,60688,59,58,44,40
IL,60689,61,50,23,27
IL,60690,63,43,18,69
IL,60691,37,49,34,56
IL,60693,38,48,29,95
IL,60694,60,62,35,54
IL,60695,74,87,39,82
IL,60696,39,59,29,40
IL,60697,32,42,19,32
IL,60699,28,90,30,75
IL,60701,61,87,17,32
IL,60706,40,34,13,33
IL,60707,35,42,22,39
IL,60712,19,40,34,46
IL,60714,17,54,13,38
IL,60803,27,47,30,21
IL,60804,40,37,18,56
IL,60805,20,60,10,22
IL,60827,14,38,14,36
IL,60901,22,52,25,62
IL,60910,21,25,16,27
IL,60911,46,36,31,23
IL,60912,26,25,17,31
IL,60913,16,30,10,54
IL,60914,25,19,31,55
IL,60915,25,35,22,49
IL,60917,34,42,13,34
IL,60918,31,39,18,37
IL,60919,24,48,12,62
IL,60920,45,40,31,29
IL,60921,26,23,13,43
IL,60922,15,51,19,34
IL,60924,31,23,28,34
IL,60926,39,40,26,36
IL,60927,28,33,18,28
IL,60928,15,51,21,37
IL,60929,39,39,13,29
IL,60930,24,35,18,24
IL,60931,15,40,22,25
IL,60932,14,44,14,34
IL,60933,33,25,25,68
IL,60934,29,35,17,42
IL,60935,19,58,9,51
IL,60936,15,35,12,41
IL,60938,18,39,16,44
IL,60939,16,45,32,36
IL,60940,18,59,19,31
IL,60941,29,28,18,21
IL,60942,35,25,22,20
IL,60944,27,29,20,50
IL,60945,21,43,15,18
IL,60946,27,31,18,39
IL,60948,34,45,14,66
IL,60949,38,54,13,31
IL,60950,20,65,11,45
IL,60951,31,49,19,36
IL,60952,15,26,21,40
IL,60953,29,36,31,27
IL,60954,40,36,20,44
IL,60955,19,35,21,22
IL,60956,34,59,19,36
IL,60957,26,54,23,40
IL,60958,32,27,25,35
IL,60959,37,31,18,28
IL,60960,28,30,19,50
IL,60961,22,26,17,61
IL,60962,19,40,24,50
IL,60963,36,42,18,42
IL,60964,17,42,20,53
IL,60966,13,53,22,45
IL,60967,18,36,19,19
IL,60968,22,19,22,57
IL,60969,41,46,25,44
IL,60970,16,60,26,67
IL,60973,22,50,16,47
IL,60974,31,51,24,41
IL,61001,43,34,19,33
IL,61006,39,59,23,35
IL,61007,26,47,19,56
IL,61008,28,54,14,40
IL,61010,24,27,29,33
IL,61011,32,44,25,61
IL,61012,46,34,27,26
IL,61013,24,51,28,18
IL,61014,28,49,29,24
IL,61015,27,41,19,20
IL,61016,42,42,15,38
IL,61018,19,58,20,20
IL,61019,38,57,17,49
IL,61020,15,41,22,50
IL,61021,29,30,30,69
IL,61024,36,22,22,37
IL,61025,37,58,27,22
IL,61027,36,49,21,27
IL,61028,17,43,29,27
IL,61030,44,36,21,43
IL,61031,18,48,14,64
IL,61032,31,52,28,36
IL,61036,31,40,13,30
IL,61037,35,38,22,46
IL,61038,22,64,29,32
IL,61039,14,44,17,44
IL,61041,19,21,31,31
IL,61042,39,33,17,40
IL,61043,20,52,15,24
IL,61044,21,50,17,41
IL,61046,31,32,26,33
IL,61047,25,28,18,47
IL,61048,31,51,23,47
IL,61049,19,59,15,20
IL,61050,19,45,10,50
IL,61051,39,31,28,23
IL,61052,28,45,13,64
IL,61053,23,30,19,31
IL,61054,34,67,15,37
IL,61057,29,40,16,20
IL,61059,40,49,27,44
IL,61060,44,42,15,38
IL,61061,31,58,12,61
IL,61062,15,31,20,33
IL,61063,42,47,26,26
IL,61064,16,63,31,19
IL,61065,36,45,30,34
IL,61067,29,35,26,52
IL,61068,19,65,11,37
IL,61070,31,43,18,20
IL,61071,20,54,20,49
IL,61072,34,45,29,53
IL,61073,34,35,18,41
IL,61074,33,31,11,40
IL,61075,28,66,29,50
IL,61077,22,36,28,26
IL,61078,24,62,26,26
IL,61079,29,48,26,49
IL,61080,21,37,22,50
IL,61081,38,45,22,54
IL,61084,28,43,21,30
IL,61085,43,58,25,24
IL,61087,14,45,27,20
IL,61088,28,29,24,34
IL,61089,23,23,22,51
IL,61091,16,36,21,37
IL,61101,32,28,15,31
IL,61102,29,51,18,20
IL,61103,28,46,30,56
IL,61104,18,60,18,20
IL,61105,41,35,29,36
IL,61106,31,33,25,43
IL,61107,24,27,15,30
IL,61108,43,25,15,64
IL,61109,33,41,17,30
IL,61110,21,26,24,20
IL,61111,37,25,13,31
IL,61112,38,67,15,30
IL,61114,24,33,30,46
IL,61115,39,34,16,53
IL,61125,18,41,25,33
IL,61126,19,44,26,59
IL,61130,25,21,23,38
IL,61131,34,24,15,42
IL,61132,31,56,28,19
IL,61201,27,22,14,36
IL,61204,18,27,18,23
IL,61230,39,30,10,46
IL,61231,37,43,18,29
IL,61232,27,32,22,32
IL,61233,44,37,19,34
IL,61234,15,29,31,42
IL,61235,18,28,26,62
IL,61236,40,30,11,42
IL,61237,34,52,17,69
IL,61238,43,24,24,32
IL,61239,19,35,27,61
IL,61240,19,60,33,32
IL,61241,30,42,10,44
IL,61242,39,42,24,44
IL,61243,31,52,23,54
IL,61244,15,43,23,23
IL,61250,31,45,33,31
IL,61251,13,54,21,40
IL,61252,23,50,23,57
IL,61254,34,55,29,58
IL,61256,25,41,18,40
IL,61257,16,32,14,31
IL,61258,32,44,24,22
IL,61259,41,31,17,20
IL,61260,35,42,13,41
IL,61261,25,34,10,58
IL,61262,48,30,12,37
IL,61263,41,43,15,30
IL,61264,37,44,24,34
IL,61265,38,34,13,23
IL,61266,27,52,17,21
IL,61270,18,58,16,18
IL,61272,16,49,25,32
IL,61273,38,56,35,61
IL,61274,27,40,12,32
IL,61275,47,33,19,30
IL,61276,22,30,12,38
IL,61277,44,38,28,51
IL,61278,38,25,23,46
IL,61279,37,48,11,62
IL,61281,37,31,17,56
IL,61282,29,51,11,42
IL,61283,39,36,26,32
IL,61284,21,32,21,44
IL,61285,42,52,28,41
IL,61299,17,41,21,45
IL,61301,19,55,16,25
IL,61310,40,35,11,33
IL,61311,24,43,20,53
IL,61312,16,49,29,29
IL,61313,14,49,11,27
IL,61314,48,37,12,40
IL,61315,35,53,29,44
IL,61316,31,34,25,26
IL,61317,33,35,26,52
IL,61318,36,26,31,38
IL,61319,35,29,28,19
IL,61320,33,62,33,46
IL,61321,19,33,17,56
IL,61322,25,48,30,49
IL,61323,26,42,30,43
IL,61324,24,23,20,24
IL,61325,23,42,10,28
IL,61326,17,28,13,30
IL,61327,20,44,13,26
IL,61328,18,58,26,60
IL,61329,30,38,18,25
IL,61330,29,64,27,38
IL,61331,20,35,26,40
IL,61332,26,41,19,38
IL,61333,32,49,19,34
IL,61334,33,43,17,50
IL,61335,27,41,22,33
IL,61336,32,32,11,47
IL,61337,20,52,15,34
IL,61338,36,46,15,34
IL,61340,26,50,21,29
IL,61341,33,38,29,36
IL,61342,31,29,11,58
IL,61344,31,34,21,47
IL,61345,38,45,20,56
IL,61346,39,37,23,57
IL,61348,20,34,31,31
IL,61349,21,47,17,43
IL,61350,33,47,20,36
IL,61353,29,62,24,54
IL,61354,21,38,19,25
IL,61356,19,51,19,48
IL,61358,37,51,19,18
IL,61359,37,36,25,26
IL,61360,34,33,33,21
IL,61361,25,48,20,53
IL,61362,27,31,33,20
IL,61363,16,31,12,63
IL,61364,44,30,34,45
IL,61367,17,32,13,62
IL,61368,22,47,23,42
IL,61369,28,42,20,61
IL,61370,21,55,15,36
IL,61371,19,43,25,20
IL,61372,26,41,18,70
IL,61373,17,33,13,47
IL,61374,29,48,18,34
IL,61375,37,22,23,47
IL,61376,23,47,11,28
IL,61377,19,34,25,50
IL,61378,37,25,12,20
IL,61379,41,33,15,24
IL,61401,39,69,20,41
IL,61402,37,44,26,47
IL,61410,29,45,30,39
IL,61411,24,51,18,19
IL,61412,40,31,22,25
IL,61413,23,24,33,31
IL,61414,21,43,15,23
IL,61415,20,44,20,38
IL,61416,21,59,16,47
IL,61417,14,56,16,43
IL,61418,28,45,25,27
IL,61419,39,61,15,41
IL,61420,32,36,20,43
IL,61421,19,36,21,33
IL,61422,38,44,31,24
IL,61423,42,22,14,39
IL,61424,38,24,14,42
IL,61425,33,50,22,60
IL,61426,45,44,22,25
IL,61427,20,60,24,44
IL,61428,37,33,25,70
IL,61430,17,52,26,38
IL,61431,24,33,16,31
IL,61432,18,44,27,24
IL,61433,18,60,12,54
IL,61434,27,55,28,34
IL,61435,23,50,10,47
IL,61436,34,38,10,28
IL,61437,17,47,12,32
IL,61438,45,39,29,41
IL,61439,22,43,31,50
IL,61440,41,25,24,32
IL,61441,20,34,16,40
IL,61442,30,40,12,46
IL,61443,24,36,21,18
IL,61447,29,62,17,39
IL,61448,18,28,16,58
IL,61449,30,35,34,26
IL,61450,26,23,17,24
IL,61451,36,38,20,55
IL,61452,14,32,15,20
IL,61453,35,53,14,39
IL,61454,21,54,10,30
IL,61455,30,34,16,40
IL,61458,35,48,33,27
IL,61459,20,35,29,27
IL,61460,24,33,18,30
IL,61462,33,50,11,51
IL,61465,21,53,21,64
IL,61466,24,32,35,24
IL,61467,18,51,13,42
IL,61468,30,35,33,27
IL,61469,35,53,27,63
IL,61470,18,46,13,37
IL,61471,16,20,24,24
IL,61472,36,64,11,20
IL,61473,50,29,28,39
IL,61474,22,46,33,25
IL,61475,33,31,32,56
IL,61476,17,41,32,51
IL,61477,14,31,22,34
IL,61478,19,32,16,31
IL,61479,24,30,11,37
IL,61480,27,48,29,57
IL,61482,16,41,23,43
IL,61483,34,53,28,22
IL,61484,17,36,29,58
IL,61485,24,34,31,37
IL,61486,39,41,21,60
IL,61488,32,30,28,33
IL,61489,48,37,29,36
IL,61490,45,49,15,34
IL,61491,20,44,26,51
IL,61501,32,23,16,34
IL,61516,41,28,19,19
IL,61517,16,31,30,41
IL,61519,35,34,30,45
IL,61520,29,35,14,36
IL,61523,29,46,17,46
IL,61524,21,51,14,37
IL,61525,38,60,10,31
IL,61526,28,37,32,63
IL,61528,27,36,12,32
IL,61529,20,23,30,26
IL,61530,40,39,15,38
IL,61531,36,34,18,22
IL,61532,33,51,23,28
IL,61533,30,26,15,44
IL,61534,32,34,20,40
IL,61535,24,39,25,21
IL,61536,38,39,12,30
IL,61537,40,49,32,22
IL,61539,32,37,11,24
IL,61540,16,42,14,35
IL,61541,35,22,11,26
IL,61542,29,33,9,51
IL,61543,16,22,17,35
IL,61544,41,37,28,62
IL,61545,29,31,32,37
IL,61546,28,53,24,30
IL,61547,23,28,19,24
IL,61548,38,59,17,35
IL,61550,36,41,10,37
IL,61552,34,58,17,52
IL,61553,14,58,20,35
IL,61554,29,30,17,43
IL,61555,18,30,28,26
IL,61558,21,24,15,29
IL,61559,21,29,24,37
IL,61560,45,41,14,45
IL,61561,29,25,20,53
IL,61562,20,69,22,41
IL,61563,38,53,9,29
IL,61564,25,41,29,26
IL,61565,21,30,18,33
IL,61567,31,56,24,33
IL,61568,48,53,23,56
IL,61569,15,52,21,30
IL,61570,49,54,17,25
IL,61571,28,26,20,25
IL,61572,32,42,29,44
IL,61601,18,45,34,56
IL,61602,28,52,17,26
IL,61603,45,32,14,68
IL,61604,30,65,15,54
IL,61605,42,22,28,21
IL,61606,18,39,9,47
IL,61607,28,46,20,32
IL,61610,31,52,28,50
IL,61611,23,45,27,44
IL,61612,18,25,19,31
IL,61613,26,38,17,31
IL,61614,27,41,16,26
IL,61615,37,28,17,32
IL,61616,40,37,20,56
IL,61625,26,28,25,40
IL,61629,36,22,14,47
IL,61630,29,44,12,39
IL,61633,35,56,13,26
IL,61634,27,50,31,36
IL,61635,33,53,29,44
IL,61636,40,35,14,47
IL,61637,34,43,17,30
IL,61638,27,29,30,25
IL,61639,24,29,14,72
IL,61641,27,41,11,25
IL,61643,46,59,22,36
IL,61650,22,38,31,27
IL,61651,20,58,16,34
IL,61652,27,45,20,35
IL,61653,44,35,12,44
IL,61654,45,43,30,25
IL,61655,24,43,28,35
IL,61656,18,55,20,30
IL,61701,34,49,20,59
IL,61702,24,33,19,22
IL,61704,35,56,26,48
IL,61705,21,30,24,26
IL,61709,35,40,20,45
IL,61710,34,55,31,41
IL,61720,36,45,17,69
IL,61721,37,41,14,37
IL,61722,22,29,20,62
IL,61723,58,60,23,54
IL,61724,40,25,19,27
IL,61725,31,33,24,61
IL,61726,30,26,17,29
IL,61727,39,44,29,27
IL,61728,25,56,31,54
IL,61729,23,40,29,32
IL,61730,42,29,28,42
IL,61731,19,33,13,30
IL,61732,31,31,10,45
IL,61733,30,22,21,54
IL,61734,42,23,10,27
IL,61735,36,42,15,59
IL,61736,25,36,21,46
IL,61737,17,29,16,51
IL,61738,34,31,24,39
IL,61739,47,35,17,54
IL,61740,39,47,13,42
IL,61741,40,44,27,18
IL,61742,17,37,17,31
IL,61743,16,37,25,39
IL,61744,33,26,27,25
IL,61745,36,28,26,26
IL,61747,46,34,19,57
IL,61748,37,20,10,55
IL,61749,35,26,23,53
IL,61750,26,52,20,36
IL,61751,42,41,22,20
IL,61752,19,32,12,68
IL,61753,39,40,16,60
IL,61754,42,40,23,62
IL,61755,36,29,28,58
IL,61756,25,22,23,52
IL,61758,19,46,19,51
IL,61759,47,36,19,39
IL,61760,44,42,9,26
IL,61761,38,60,15,20
IL,61764,30,48,29,18
IL,61769,25,61,26,27
IL,61770,26,38,28,55
IL,61771,26,39,18,51
IL,61772,32,30,29,33
IL,61773,33,28,19,50
IL,61774,14,33,14,29
IL,61775,19,55,32,49
IL,61776,33,33,30,18
IL,61777,23,54,25,35
IL,61778,17,33,13,33
IL,61790,20,35,19,38
IL,61791,36,36,31,49
IL,61799,21,50,11,36
IL,61801,30,45,27,41
IL,61802,19,46,20,31
IL,61803,22,36,12,48
IL,61810,33,25,27,20
IL,61811,16,32,17,61
IL,61812,32,50,25,56
IL,61813,16,38,23,26
IL,61814,22,36,19,26
IL,61815,23,44,21,41
IL,61816,43,36,13,64
IL,61817,31,26,13,50
IL,61818,33,24,9,27
IL,61820,19,25,25,29
IL,61821,35,39,21,53
IL,61822,37,39,23,48
IL,61824,25,49,29,61
IL,61825,30,32,18,59
IL,61826,46,41,30,61
IL,61830,39,48,13,29
IL,61831,41,30,10,55
IL,61832,27,53,10,22
IL,61833,23,40,17,58
IL,61834,25,39,21,43
IL,61839,26,57,32,29
IL,61840,25,21,12,28
IL,61841,43,43,24,54
IL,61842,22,50,12,46
IL,61843,33,51,22,49
IL,61844,41,31,25,63
IL,61845,24,37,28,24
IL,61846,18,36,31,41
IL,61847,47,37,20,18
IL,61848,42,26,17,36
IL,61849,36,37,24,27
IL,61850,29,32,13,58
IL,61851,20,46,15,52
IL,61852,16,67,30,23
IL,61853,23,35,18,29
IL,61854,32,32,25,26
IL,61855,35,28,34,35
IL,61856,23,47,20,29
IL,61857,32,28,13,24
IL,61858,14,28,27,68
IL,61859,14,43,15,35
IL,61862,14,59,13,31
IL,61863,29,21,23,36
IL,61864,22,25,32,33
IL,61865,22,54,21,51
IL,61866,42,41,26,57
IL,61870,32,45,13,40
IL,61871,20,42,17,30
IL,61872,23,33,25,33
IL,61873,27,34,32,24
IL,61874,17,29,35,61
IL,61875,22,42,15,51
IL,61876,33,40,26,25
IL,61877,39,47,14,39
IL,61878,48,61,22,42
IL,61880,18,28,18,41
IL,61882,20,30,12,27
IL,61883,39,47,16,38
IL,61884,32,61,29,37
IL,61910,26,24,25,45
IL,61911,31,64,10,22
IL,61912,40,40,26,40
IL,61913,19,51,24,34
IL,61914,31,54,30,20
IL,61917,41,44,15,42
IL,61919,24,20,28,54
IL,61920,31,33,17,39
IL,61924,15,47,28,57
IL,61925,23,65,10,29
IL,61928,17,25,15,31
IL,61929,35,46,23,33
IL,61930,39,30,35,40
IL,61931,22,25,11,43
IL,61932,38,37,9,29
IL,61933,38,63,14,38
IL,61936,16,59,23,28
IL,61937,21,33,31,35
IL,61938,49,50,26,22
IL,61940,30,27,26,21
IL,61941,29,51,17,21
IL,61942,24,39,23,19
IL,61943,19,56,13,40
IL,61944,42,34,18,52
IL,61949,21,42,24,52
IL,61951,26,27,26,27
IL,61953,46,65,18,58
IL,61955,46,54,15,39
IL,61956,41,64,32,27
IL,61957,36,40,16,45
IL,62001,32,59,15,37
IL,62002,43,24,23,30
IL,62006,42,53,27,55
IL,62009,45,50,11,34
IL,62010,30,28,32,56
IL,62011,23,30,24,51
IL,62012,28,50,21,48
IL,62013,27,37,27,36
IL,62014,18,37,26,40
IL,62015,43,62,31,34
IL,62016,44,38,10,59
IL,62017,23,32,22,53
IL,62018,30,46,13,53
IL,62019,36,46,29,56
IL,62021,29,20,22,41
IL,62022,33,34,18,59
IL,62023,16,45,29,67
IL,62024,44,30,16,35
IL,62025,26,57,18,37
IL,62026,27,44,10,35
IL,62027,39,30,18,37
IL,62028,16,63,24,27
IL,62030,26,34,24,35
IL,62031,34,37,17,50
IL,62032,20,32,26,27
IL,62033,17,30,10,53
IL,62034,26,37,13,23
IL,62035,28,50,29,37
IL,62036,25,42,14,43
IL,62037,41,58,12,27
IL,62040,35,28,29,67
IL,62044,39,40,9,43
IL,62045,32,57,26,44
IL,62046,24,40,29,28
IL,62047,40,49,10,51
IL,62048,15,57,30,33
IL,62049,34,39,18,45
IL,62050,21,30,35,56
IL,62051,32,35,27,45
IL,62052,16,49,20,63
IL,62053,35,28,23,46
IL,62054,14,51,32,62
IL,62056,17,38,29,41
IL,62058,15,56,26,26
IL,62059,26,29,13,22
IL,62060,39,36,13,36
IL,62061,28,33,16,20
IL,62062,37,33,11,51
IL,62063,38,33,28,30
IL,62065,32,31,28,45
IL,62067,28,44,27,51
IL,62069,15,48,31,20
IL,62070,25,45,14,24
IL,62071,21,45,13,26
IL,62074,16,46,26,19
IL,62075,23,35,23,46
IL,62076,42,32,17,19
IL,62077,20,32,19,25
IL,62078,19,47,29,58
IL,62079,42,32,29,42
IL,62080,14,38,10,18
IL,62081,20,59,22,60
IL,62082,23,31,26,42
IL,62083,31,50,11,43
IL,62084,23,40,15,26
IL,62085,35,42,22,51
IL,62086,19,23,14,35
IL,62087,20,36,23,56
IL,62088,33,38,23,48
IL,62089,43,42,22,38
IL,62090,16,68,20,56
IL,62091,36,28,12,28
IL,62092,32,30,29,45
IL,62093,20,34,31,27
IL,62094,38,25,21,22
IL,62095,26,30,32,38
IL,62097,18,46,18,25
IL,62098,29,60,18,25
IL,62201,19,37,15,24
IL,62202,31,23,27,31
IL,62203,25,62,28,30
IL,62204,38,49,23,67
IL,62205,31,48,20,30
IL,62206,25,68,29,42
IL,62207,19,48,30,18
IL,62208,34,47,24,33
IL,62214,39,25,21,30
IL,62215,25,60,20,49
IL,62216,16,41,25,37
IL,62217,28,38,26,31
IL,62218,46,42,25,42
IL,62219,28,35,16,52
IL,62220,26,35,25,66
IL,62221,34,57,10,36
IL,62222,28,29,22,30
IL,62223,22,55,23,36
IL,62224,37,45,21,56
IL,62225,26,22,24,16
IL,62226,43,51,14,41
IL,62230,33,35,18,49
IL,62231,16,49,19,38
IL,62232,30,37,22,56
IL,62233,34,45,19,37
IL,62234,45,41,27,44
IL,62236,22,47,13,43
IL,62237,33,23,31,59
IL,62238,27,25,27,47
IL,62239,18,43,18,27
IL,62240,16,42,18,48
IL,62241,32,21,27,37
IL,62242,25,47,31,36
IL,62243,30,66,9,58
IL,62244,31,35,22,38
IL,62245,20,41,24,42
IL,62246,48,21,33,62
IL,62247,23,30,11,58
IL,62248,31,33,27,68
IL,62249,19,41,10,46
IL,62250,16,24,34,36
IL,62252,29,35,12,38
IL,62253,33,28,14,40
IL,62254,34,30,27,46
IL,62255,41,49,26,22
IL,62256,25,33,17,49
IL,62257,29,30,19,26
IL,62258,24,60,24,31
IL,62259,34,25,32,41
IL,62260,14,38,27,25
IL,62261,17,37,19,45
IL,62262,32,36,25,26
IL,62263,35,33,26,52
IL,62264,29,50,9,60
IL,62265,14,45,21,49
IL,62266,26,39,28,41
IL,62268,25,34,17,36
IL,62269,26,65,16,22
IL,62271,41,36,23,44
IL,62272,27,40,11,40
IL,62273,31,42,23,47
IL,62274,35,52,28,65
IL,62275,28,31,27,22
IL,62277,25,50,29,22
IL,62278,21,35,29,62
IL,62279,33,39,27,32
IL,62280,29,35,14,29
IL,62281,26,20,18,43
IL,62282,21,26,10,28
IL,62284,20,34,19,18
IL,62285,42,55,27,36
IL,62286,25,24,12,35
IL,62288,26,45,19,26
IL,62289,17,22,21,34
IL,62292,19,43,18,44
IL,62293,43,28,28,26
IL,62294,17,35,19,46
IL,62295,16,46,26,49
IL,62297,31,50,21,25
IL,62298,39,26,24,25
IL,62301,17,47,14,42
IL,62305,27,33,10,68
IL,62306,24,47,15,28
IL,62311,14,28,31,63
IL,62312,38,34,18,39
IL,62313,30,69,23,21
IL,62314,43,39,33,45
IL,62316,19,50,21,48
IL,62319,18,35,18,46
IL,62320,17,43,34,19
IL,62321,26,24,30,57
IL,62323,35,55,33,31
IL,62324,14,53,13,47
IL,62325,26,28,12,51
IL,62326,16,34,28,63
IL,62329,16,37,11,59
IL,62330,27,52,24,70
IL,62334,15,43,14,38
IL,62336,22,54,21,36
IL,62338,24,28,15,56
IL,62339,34,36,19,63
IL,62340,41,35,14,51
IL,62341,35,50,28,54
IL,62343,22,46,29,18
IL,62344,21,55,22,42
IL,62345,25,30,15,37
IL,62346,43,48,20,28
IL,62347,49,51,14,48
IL,62348,20,52,31,62
IL,62349,41,55,25,21
IL,62351,25,30,20,55
IL,62352,23,23,28,32
IL,62353,25,51,23,43
IL,62354,39,51,25,30
IL,62355,25,58,31,30
IL,62356,21,26,29,34
IL,62357,34,32,10,43
IL,62358,44,33,13,16
IL,62359,26,61,24,28
IL,62360,19,38,11,40
IL,62361,45,47,35,44
IL,62362,15,32,16,26
IL,62363,26,37,14,28
IL,62365,18,47,16,54
IL,62366,29,24,30,53
IL,62367,16,32,13,42
IL,62370,33,53,26,56
IL,62373,27,37,20,27
IL,62374,19,37,22,39
IL,62375,35,57,22,46
IL,62376,16,46,25,46
IL,62378,37,24,32,28
IL,62379,25,27,21,44
IL,62380,44,25,9,26
IL,62401,25,54,11,43
IL,62410,27,26,16,70
IL,62411,32,48,21,52
IL,62413,14,36,31,33
IL,62414,19,24,33,27
IL,62417,16,43,27,46
IL,62418,34,44,25,23
IL,62419,28,40,9,39
IL,62420,23,49,16,43
IL,62421,32,31,19,33
IL,62422,23,44,24,42
IL,62423,21,62,17,69
IL,62424,30,51,10,68
IL,62425,49,55,15,33
IL,62426,39,28,19,43
IL,62427,34,55,14,22
IL,62428,19,47,10,37
IL,62431,41,35,16,29
IL,62432,29,47,22,55
IL,62433,31,44,30,56
IL,62434,28,22,13,53
IL,62435,21,47,12,48
IL,62436,17,30,9,32
IL,62438,41,30,34,33
IL,62439,16,53,21,32
IL,62440,24,30,9,38
IL,62441,16,32,31,37
IL,62442,44,61,10,44
IL,62443,43,49,11,54
IL,62444,38,25,28,46
IL,62445,15,47,13,30
IL,62446,39,47,20,21
IL,62447,36,30,14,42
IL,62448,32,48,25,43
IL,62449,27,37,9,42
IL,62450,35,53,18,57
IL,62451,27,50,28,50
IL,62452,28,50,29,34
IL,62454,34,46,34,20
IL,62458,34,44,18,50
IL,62459,18,44,19,21
IL,62460,22,32,20,39
IL,62461,18,32,18,18
IL,62462,41,31,24,29
IL,62463,43,58,21,42
IL,62464,26,46,10,58
IL,62465,36,39,10,39
IL,62466,13,53,29,45
IL,62467,40,63,31,67
IL,62468,17,32,27,45
IL,62469,31,31,14,23
IL,62471,16,41,14,22
IL,62473,38,30,12,42
IL,62474,31,43,9,35
IL,62475,38,52,19,48
IL,62476,33,54,27,52
IL,62477,32,28,12,39
IL,62478,36,30,18,49
IL,62479,20,47,18,51
IL,62480,31,53,18,27
IL,62481,30,29,17,22
IL,62501,39,43,15,20
IL,62510,14,44,20,24
IL,62512,30,28,17,21
IL,62513,38,44,22,32
IL,62514,37,53,32,43
IL,62515,42,51,27,28
IL,62517,40,34,27,64
IL,62518,47,46,9,30
IL,62519,27,44,15,24
IL,62520,24,63,31,72
IL,62521,26,38,18,22
IL,62522,31,52,30,36
IL,62523,28,28,19,34
IL,62524,42,28,13,62
IL,62525,20,57,14,36
IL,62526,29,39,30,35
IL,62530,32,61,26,56
IL,62531,32,32,14,45
IL,62532,16,42,27,45
IL,62533,33,28,24,47
IL,62534,20,34,27,25
IL,62535,22,50,22,54
IL,62536,35,53,12,39
IL,62537,14,37,22,56
IL,62538,28,43,12,26
IL,62539,21,20,12,20
IL,62540,29,52,24,59
IL,62541,18,62,20,53
IL,62543,40,41,11,38
IL,62544,16,52,12,28
IL,62545,38,23,19,26
IL,62546,34,63,27,35
IL,62547,39,31,23,17
IL,62548,17,40,24,60
IL,62549,49,50,26,66
IL,62550,37,35,10,53
IL,62551,38,36,34,42
IL,62553,15,64,21,43
IL,62554,31,55,22,26
IL,62555,31,37,20,35
IL,62556,16,48,24,40
IL,62557,22,33,32,25
IL,62558,31,27,27,39
IL,62560,16,33,21,48
IL,62561,37,55,30,45
IL,62563,29,40,28,16
IL,62565,37,35,9,29
IL,62567,41,21,20,69
IL,62568,27,24,18,34
IL,62570,33,52,20,32
IL,62571,27,29,13,37
IL,62572,24,38,22,40
IL,62573,16,38,9,48
IL,62601,37,46,29,51
IL,62610,30,44,13,61
IL,62611,29,58,24,24
IL,62612,38,37,14,28
IL,62613,25,53,11,46
IL,62615,14,40,29,42
IL,62617,45,58,15,46
IL,62618,46,47,14,35
IL,62621,29,50,26,53
IL,62622,41,41,26,52
IL,62624,13,32,29,38
IL,62625,39,43,35,35
IL,62626,33,59,30,35
IL,62627,36,25,12,25
IL,62628,22,57,15,25
IL,62629,23,32,26,38
IL,62630,32,38,26,33
IL,62631,37,38,18,43
IL,62633,41,49,25,31
IL,62634,24,23,21,33
IL,62635,43,42,21,54
IL,62638,38,37,12,46
IL,62639,44,36,22,31
IL,62640,40,65,11,46
IL,62642,16,61,11,37
IL,62643,27,30,24,49
IL,62644,35,51,29,26
IL,62649,26,46,29,25
IL,62650,42,21,15,31
IL,62651,37,31,30,48
IL,62655,39,32,19,39
IL,62656,37,38,22,40
IL,62659,21,40,29,28
IL,62660,18,32,14,39
IL,62661,28,45,10,45
IL,62662,35,63,31,46
IL,62663,16,45,19,54
IL,62664,28,35,16,39
IL,62665,26,42,22,55
IL,62666,44,43,19,45
IL,62667,18,43,26,43
IL,62668,22,30,24,36
IL,62670,45,19,26,37
IL,62671,20,35,17,46
IL,62672,38,37,19,31
IL,62673,32,65,11,46
IL,62674,36,45,11,45
IL,62675,17,41,24,20
IL,62677,28,41,30,46
IL,62681,35,22,19,38
IL,62682,30,24,17,61
IL,62683,19,31,25,54
IL,62684,37,37,18,41
IL,62685,41,37,22,28
IL,62688,45,57,27,28
IL,62689,26,51,15,39
IL,62690,46,40,17,52
IL,62691,22,23,17,57
IL,62692,27,54,14,52
IL,62693,28,41,22,44
IL,62694,19,37,14,28
IL,62695,18,23,10,41
IL,62701,33,49,22,25
IL,62702,42,46,13,38
IL,62703,31,58,26,38
IL,62704,21,47,22,38
IL,62705,32,40,34,41
IL,62706,39,29,12,32
IL,62707,19,30,19,59
IL,62708,19,49,9,41
IL,62711,25,41,9,29
IL,62712,39,46,12,43
IL,62713,37,35,17,31
IL,62715,21,56,11,61
IL,62716,16,31,16,27
IL,62719,30,54,21,35
IL,62721,19,52,28,27
IL,62722,32,51,12,26
IL,62723,35,34,26,20
IL,62726,30,52,12,37
IL,62736,34,59,28,31
IL,62739,27,33,14,66
IL,62746,16,43,26,48
IL,62756,17,34,11,44
IL,62757,39,54,22,36
IL,62761,34,39,22,25
IL,62762,37,36,12,51
IL,62763,33,48,15,35
IL,62764,38,46,29,26
IL,62765,28,26,20,51
IL,62766,42,41,27,37
IL,62767,28,51,28,41
IL,62769,23,42,14,48
IL,62776,29,38,14,42
IL,62777,18,34,24,49
IL,62781,27,26,22,68
IL,62786,39,37,19,20
IL,62791,38,41,27,61
IL,62794,27,28,24,62
IL,62796,26,32,22,31
IL,62801,44,48,12,36
IL,62803,24,29,25,22
IL,62805,35,45,14,48
IL,62806,15,48,33,23
IL,62807,21,24,24,42
IL,62808,25,58,29,27
IL,62809,30,32,10,28
IL,62810,40,29,27,43
IL,62811,44,38,19,23
IL,62812,28,47,26,36
IL,62814,40,35,26,27
IL,62815,30,24,30,55
IL,62816,35,48,11,57
IL,62817,32,32,23,62
IL,62818,31,30,25,39
IL,62819,37,48,21,36
IL,62820,39,55,18,38
IL,62821,48,27,21,24
IL,62822,31,27,22,34
IL,62823,34,28,20,33
IL,62824,31,38,24,34
IL,62825,18,39,13,30
IL,62827,26,36,31,31
IL,62828,34,29,20,63
IL,62829,15,29,21,51
IL,62830,42,27,18,58
IL,62831,33,47,17,34
IL,62832,33,23,20,27
IL,62833,29,27,15,42
IL,62834,32,24,21,64
IL,62835,26,34,21,60
IL,62836,17,34,18,65
IL,62837,22,34,19,63
IL,62838,34,58,21,40
IL,62839,38,41,26,38
IL,62840,47,61,24,39
IL,62841,24,31,29,32
IL,62842,16,22,16,55
IL,62843,31,50,28,20
IL,62844,21,41,15,23
IL,62846,28,45,12,25
IL,62848,31,38,11,35
IL,62849,27,28,32,37
IL,62850,22,48,23,33
IL,62851,47,44,26,17
IL,62852,14,42,33,25
IL,62853,38,29,11,40
IL,62854,39,24,13,36
IL,62855,37,37,23,30
IL,62856,35,33,13,36
IL,62857,20,50,28,31
IL,62858,28,59,29,24
IL,62859,37,38,21,44
IL,62860,23,40,20,32
IL,62861,22,45,23,38
IL,62862,36,60,14,24
IL,62863,40,38,17,64
IL,62864,15,39,25,55
IL,62865,22,26,15,64
IL,62866,35,40,20,17
IL,62867,15,41,28,46
IL,62868,40,28,13,62
IL,62869,19,40,25,52
IL,62870,19,41,17,38
IL,62871,34,62,21,56
IL,62872,33,57,18,37
IL,62874,25,24,30,18
IL,62875,25,48,34,35
IL,62876,22,32,26,62
IL,62877,38,37,26,53
IL,62878,36,30,27,22
IL,62879,29,27,20,54
IL,62880,19,25,31,27
IL,62881,48,52,23,20
IL,62882,42,65,21,20
IL,62883,13,46,30,31
IL,62884,15,40,14,30
IL,62885,32,51,20,37
IL,62886,44,46,18,35
IL,62887,38,66,16,43
IL,62888,26,38,30,36
IL,62889,19,41,28,45
IL,62890,31,41,21,54
IL,62891,32,34,35,51
IL,62892,24,44,10,39
IL,62893,21,28,24,29
IL,62894,44,57,21,48
IL,62895,30,45,30,36
IL,62896,37,34,9,25
IL,62897,32,49,15,56
IL,62898,38,51,28,26
IL,62899,41,25,27,24
IL,62901,38,45,24,57
IL,62902,17,24,30,33
IL,62903,44,35,28,49
IL,62905,28,31,23,40
IL,62906,25,30,26,60
IL,62907,32,25,14,52
IL,62908,21,37,13,23
IL,62909,42,47,16,27
IL,62910,22,35,35,59
IL,62912,35,43,24,66
IL,62914,24,43,20,28
IL,62915,29,49,18,27
IL,62916,40,38,11,42
IL,62917,22,64,9,37
IL,62918,37,35,15,51
IL,62919,21,39,20,17
IL,62920,41,43,24,26
IL,62921,16,26,27,22
IL,62922,39,50,13,28
IL,62923,26,45,25,33
IL,62924,29,25,30,19
IL,62926,15,36,12,34
IL,62927,31,47,14,31
IL,62928,35,30,15,42
IL,62930,30,63,20,23
IL,62931,14,53,28,31
IL,62932,38,33,21,68
IL,62933,17,49,20,24
IL,62934,36,38,32,31
IL,62935,31,52,27,34
IL,62938,30,22,11,28
IL,62939,13,38,12,47
IL,62940,37,42,15,33
IL,62941,17,52,24,50
IL,62942,20,21,13,60
IL,62943,41,33,30,47
IL,62946,42,46,16,44
IL,62947,30,39,19,60
IL,62948,27,53,12,55
IL,62949,40,53,23,48
IL,62950,14,57,26,47
IL,62951,38,53,13,23
IL,62952,42,39,14,47
IL,62953,37,44,32,50
IL,62954,44,33,18,26
IL,62955,43,62,27,49
IL,62956,19,30,17,17
IL,62957,25,55,31,30
IL,62958,24,32,13,43
IL,62959,40,47,16,60
IL,62960,22,32,22,26
IL,62961,15,45,22,21
IL,62962,25,46,18,44
IL,62963,17,45,24,22
IL,62964,17,50,15,37
IL,62965,26,59,10,23
IL,62966,35,42,21,46
IL,62967,36,24,32,37
IL,62969,18,27,30,52
IL,62970,35,55,23,38
IL,62971,37,49,24,33
IL,62972,23,36,24,19
IL,62973,21,23,27,44
IL,62974,29,41,22,41
IL,62975,23,26,16,25
IL,62976,16,49,22,41
IL,62977,17,40,21,32
IL,62979,33,59,25,39
IL,62982,40,49,17,31
IL,62983,21,28,29,49
IL,62984,46,57,31,33
IL,62985,41,47,12,42
IL,62987,39,38,26,28
IL,62988,30,36,11,69
IL,62990,33,47,28,28
IL,62992,15,47,25,43
IL,62993,31,38,32,23
IL,62994,37,38,12,42
IL,62995,37,49,20,28
IL,62996,22,63,13,41
IL,62997,29,34,15,52
IL,62998,17,63,15,25
IL,62999,37,27,26,52
MO,63001,21,34,16,31
MO,63005,23,28,16,31
MO,63006,20,17,15,23
MO,63010,33,58,25,33
MO,63011,13,30,20,29
MO,63012,31,18,19,43
MO,63013,15,31,18,20
MO,63014,39,20,13,28
MO,63015,12,42,11,27
MO,63016,40,21,8,23
MO,63017,18,19,11,43
MO,63019,38,24,23,55
MO,63020,14,27,16,19
MO,63021,16,39,8,19
MO,63022,24,30,12,40
MO,63023,40,40,18,24
MO,63024,16,45,13,32
MO,63025,19,38,12,35
MO,63026,23,48,13,47
MO,63028,24,38,15,31
MO,63030,25,39,13,39
MO,63031,24,22,23,33
MO,63032,16,25,25,34
MO,63033,32,53,16,17
MO,63034,20,25,13,40
MO,63036,16,23,16,46
MO,63037,19,27,20,18
MO,63038,14,21,26,27
MO,63039,21,31,8,30
MO,63040,21,25,18,22
MO,63041,16,34,20,36
MO,63042,30,35,22,23
MO,63043,23,34,16,32
MO,63044,31,44,9,22
MO,63045,15,27,12,13
MO,63047,15,33,22,30
MO,63048,27,27,15,35
MO,63049,17,29,21,25
MO,63050,20,36,22,12
MO,63051,36,35,22,21
MO,63052,24,26,14,27
MO,63053,18,23,23,38
MO,63055,18,31,20,40
MO,63056,35,44,11,37
MO,63057,14,34,8,35
MO,63060,21,24,16,33
MO,63061,39,41,17,41
MO,63065,23,41,19,34
MO,63066,14,28,15,31
MO,63068,16,18,10,37
MO,63069,23,25,14,29
MO,63070,22,28,21,32
MO,63071,38,18,25,29
MO,63072,32,34,9,34
MO,63073,30,31,16,25
MO,63074,31,23,24,30
MO,63077,15,31,10,40
MO,63079,29,45,9,28
MO,63080,40,19,17,35
MO,63084,40,28,18,53
MO,63087,10,20,12,34
MO,63088,20,24,14,23
MO,63089,14,38,19,27
MO,63090,32,36,26,19
MO,63091,17,37,11,18
MO,63099,20,29,10,37
MO,63101,27,23,14,24
MO,63102,15,29,12,17
MO,63103,15,21,9,22
MO,63104,17,48,18,34
MO,63105,26,55,9,37
MO,63106,21,25,12,50
MO,63107,37,27,19,47
MO,63108,31,24,24,36
MO,63109,14,38,18,37
MO,63110,30,18,14,18
MO,63111,25,27,13,31
MO,63112,28,50,21,20
MO,63113,31,26,10,19
MO,63114,29,29,20,29
MO,63115,29,46,17,17
MO,63116,14,47,22,20
MO,63117,30,29,23,45
MO,63118,24,52,22,21
MO,63119,29,38,22,29
MO,63120,36,19,8,36
MO,63121,17,24,22,25
MO,63122,25,22,15,27
MO,63123,11,28,22,34
MO,63124,34,49,20,20
MO,63125,28,29,22,35
MO,63126,20,42,13,27
MO,63127,33,22,8,30
MO,63128,18,30,25,15
MO,63129,13,40,11,36
MO,63130,18,33,15,48
MO,63131,16,41,17,32
MO,63132,32,31,10,41
MO,63133,14,37,9,31
MO,63134,39,21,19,20
MO,63135,34,26,23,45
MO,63136,15,33,11,29
MO,63137,15,34,19,25
MO,63138,38,20,11,32
MO,63139,41,28,9,23
MO,63140,36,23,7,17
MO,63141,30,40,10,23
MO,63143,14,29,25,33
MO,63144,27,53,17,38
MO,63145,23,28,9,40
MO,63146,21,22,7,20
MO,63147,29,47,8,31
MO,63150,11,43,10,16
MO,63151,32,31,19,30
MO,63155,33,23,22,16
MO,63156,22,33,19,16
MO,63157,17,25,14,16
MO,63158,28,47,9,24
MO,63160,26,17,13,33
MO,63163,33,25,20,39
MO,63164,17,35,20,48
MO,63166,34,56,16,31
MO,63167,29,35,19,21
MO,63169,32,19,27,18
MO,63171,33,28,22,28
MO,63177,21,32,19,37
MO,63178,29,29,22,29
MO,63179,17,24,12,34
MO,63180,22,35,22,33
MO,63182,31,22,24,16
MO,63188,17,44,9,38
MO,63190,16,19,11,21
MO,63195,27,32,16,28
MO,63196,24,45,16,39
MO,63197,18,16,13,35
MO,63198,22,28,18,37
MO,63199,22,31,11,39
MO,63301,19,42,22,31
MO,63302,27,52,19,30
MO,63303,30,20,17,51
MO,63304,22,32,21,34
MO,63330,28,29,17,32
MO,63332,21,41,21,24
MO,63333,13,38,18,33
MO,63334,14,40,23,17
MO,63336,33,26,16,47
MO,63338,20,32,8,41
MO,63339,17,42,10,21
MO,63341,28,18,14,23
MO,63342,15,25,8,35
MO,63343,16,29,23,48
MO,63344,26,49,25,24
MO,63345,15,30,15,22
MO,63346,14,17,18,20
MO,63347,33,41,14,20
MO,63348,26,52,8,23
MO,63349,23,21,11,37
MO,63350,31,28,8,27
MO,63351,31,31,20,29
MO,63352,15,52,9,32
MO,63353,31,45,18,34
MO,63357,17,48,18,46
MO,63359,29,29,10,18
MO,63361,27,25,20,51
MO,63362,25,47,19,39
MO,63363,19,25,16,44
MO,63365,31,34,22,38
MO,63366,22,54,7,43
MO,63367,35,29,11,17
MO,63368,21,27,16,25
MO,63369,31,22,13,51
MO,63370,32,26,23,20
MO,63373,19,22,13,32
MO,63376,20,41,9,19
MO,63377,12,25,8,43
MO,63378,32,30,19,34
MO,63379,41,42,16,24
MO,63380,24,33,13,22
MO,63381,26,25,9,42
MO,63382,25,25,20,50
MO,63383,18,22,15,24
MO,63384,18,29,19,36
MO,63385,14,31,10,43
MO,63386,35,28,20,48
MO,63387,34,27,21,28
MO,63388,15,44,14,22
MO,63389,16,46,25,12
MO,63390,14,32,8,39
MO,63401,20,24,21,34
MO,63430,22,21,19,20
MO,63431,34,54,16,23
MO,63432,20,26,12,26
MO,63433,21,43,13,19
MO,63434,15,46,23,17
MO,63435,11,49,26,20
MO,63436,31,29,9,24
MO,63437,26,35,8,44
MO,63438,16,28,9,21
MO,63439,21,40,16,28
MO,63440,20,50,24,25
MO,63441,18,23,21,32
MO,63442,14,43,11,35
MO,63443,33,16,25,32
MO,63445,18,27,19,28
MO,63446,15,42,26,22
MO,63447,26,39,23,32
MO,63448,16,31,11,23
MO,63450,19,35,19,24
MO,63451,34,46,19,30
MO,63452,24,36,12,30
MO,63453,23,48,17,30
MO,63454,34,45,16,30
MO,63456,37,36,20,27
MO,63457,16,23,15,46
MO,63458,24,33,24,30
MO,63459,27,29,14,37
MO,63460,38,46,10,34
MO,63461,32,18,8,37
MO,63462,24,42,9,21
MO,63463,22,69,17,62
MO,63464,17,37,17,19
MO,63465,19,55,17,16
MO,63466,30,38,8,18
MO,63467,23,52,18,24
MO,63468,32,38,25,45
MO,63469,30,28,11,34
MO,63471,31,50,10,22
MO,63472,38,28,9,34
MO,63473,36,27,20,28
MO,63474,21,49,14,42
MO,63501,18,26,17,27
MO,63530,40,50,11,57
MO,63531,17,28,24,33
MO,63532,27,56,24,25
MO,63533,23,33,20,27
MO,63534,31,29,7,20
MO,63535,26,25,25,32
MO,63536,17,41,14,32
MO,63537,23,30,17,36
MO,63538,17,44,11,16
MO,63539,24,40,21,49
MO,63540,22,29,12,23
MO,63541,29,21,22,24
MO,63543,27,38,8,27
MO,63544,28,37,18,25
MO,63545,25,44,18,29
MO,63546,14,42,7,15
MO,63547,16,39,24,22
MO,63548,31,28,15,15
MO,63549,31,26,9,19
MO,63551,40,33,16,15
MO,63552,25,26,15,20
MO,63555,14,28,20,32
MO,63556,21,44,19,22
MO,63557,19,33,13,31
MO,63558,21,37,9,42
MO,63559,18,35,14,51
MO,63560,15,42,20,21
MO,63561,38,31,21,50
MO,63563,29,26,18,31
MO,63565,15,42,14,49
MO,63566,10,41,25,19
MO,63567,20,49,20,34
MO,63601,29,29,19,31
MO,63620,16,20,20,31
MO,63621,18,23,20,23
MO,63622,25,39,12,23
MO,63623,32,24,21,25
MO,63624,14,35,22,21
MO,63625,31,17,18,20
MO,63626,23,52,22,50
MO,63627,32,40,11,20
MO,63628,16,42,22,22
MO,63629,28,30,10,17
MO,63630,19,32,22,43
MO,63631,24,27,16,29
MO,63632,32,42,11,26
MO,63633,12,34,12,25
MO,63636,22,26,24,16
MO,63637,36,43,24,22
MO,63638,23,42,15,16
MO,63640,16,30,25,28
MO,63645,16,43,8,37
MO,63648,11,43,22,31
MO,63650,19,52,11,19
MO,63651,35,25,23,31
MO,63653,12,19,8,40
MO,63654,23,36,22,29
MO,63655,20,33,7,39
MO,63656,27,37,9,25
MO,63660,14,28,12,23
MO,63662,23,34,19,16
MO,63663,37,29,21,14
MO,63664,36,35,18,31
MO,63665,12,38,23,43
MO,63666,33,19,12,16
MO,63670,40,50,13,17
MO,63673,35,38,19,19
MO,63674,22,25,23,31
MO,63675,25,45,14,39
MO,63701,12,21,19,28
MO,63702,30,34,20,15
MO,63703,12,29,18,38
MO,63730,22,28,8,42
MO,63732,28,29,25,33
MO,63735,17,40,11,30
MO,63736,16,42,15,28
MO,63737,32,35,25,22
MO,63738,28,22,11,45
MO,63739,39,54,11,39
MO,63740,12,21,17,26
MO,63742,14,36,14,31
MO,63743,17,22,8,15
MO,63744,13,27,21,27
MO,63745,14,34,22,24
MO,63746,32,24,8,16
MO,63747,12,22,21,24
MO,63748,30,46,12,15
MO,63750,11,25,17,19
MO,63751,23,27,16,45
MO,63752,28,31,22,21
MO,63755,26,38,22,41
MO,63758,21,23,19,30
MO,63760,13,47,11,24
MO,63763,27,42,24,27
MO,63764,18,38,21,32
MO,63766,35,18,11,19
MO,63767,32,25,23,46
MO,63769,21,39,7,53
MO,63770,23,24,12,38
MO,63771,17,49,16,29
MO,63774,33,31,22,45
MO,63775,19,18,17,31
MO,63776,28,42,13,25
MO,63779,37,35,11,32
MO,63780,19,38,18,45
MO,63781,31,48,14,21
MO,63782,17,25,23,38
MO,63783,25,45,17,24
MO,63784,33,42,8,19
MO,63785,14,38,9,36
MO,63787,22,45,11,27
MO,63801,30,21,10,21
MO,63820,34,44,11,24
MO,63821,28,21,11,42
MO,63822,29,30,9,37
MO,63823,13,46,16,48
MO,63824,28,44,22,38
MO,63825,33,37,11,32
MO,63826,25,22,20,54
MO,63827,13,39,18,17
MO,63828,11,43,22,33
MO,63829,30,44,23,20
MO,63830,31,46,12,44
MO,63833,16,25,15,41
MO,63834,16,24,12,21
MO,63837,14,26,20,35
MO,63839,21,42,14,12
MO,63840,21,29,20,38
MO,63841,15,36,15,26
MO,63845,28,21,16,37
MO,63846,22,27,15,29
MO,63847,16,53,25,23
MO,63848,13,41,21,47
MO,63849,27,46,10,18
MO,63850,33,40,17,29
MO,63851,29,31,8,29
MO,63852,32,45,7,26
MO,63853,23,32,23,49
MO,63855,11,37,15,20
MO,63857,19,45,17,18
MO,63860,17,26,17,31
MO,63862,23,37,25,14
MO,63863,20,33,11,41
MO,63866,36,29,16,28
MO,63867,26,54,20,15
MO,63868,22,37,15,39
MO,63869,22,46,16,21
MO,63870,32,43,21,27
MO,63873,36,26,13,20
MO,63874,40,46,15,23
MO,63875,28,49,20,35
MO,63876,24,31,21,33
MO,63877,27,16,17,44
MO,63878,24,24,17,12
MO,63879,20,25,22,22
MO,63880,19,39,24,46
MO,63881,33,35,10,36
MO,63882,17,42,20,48
MO,63901,15,30,15,33
MO,63902,28,32,8,14
MO,63931,18,25,25,33
MO,63932,38,34,16,34
MO,63933,28,42,9,29
MO,63934,15,33,18,45
MO,63935,30,36,18,47
MO,63936,25,35,8,22
MO,63937,25,23,23,23
MO,63938,22,25,12,40
MO,63939,26,33,8,44
MO,63940,35,18,22,20
MO,63941,13,22,23,19
MO,63942,14,36,14,24
MO,63943,16,31,21,14
MO,63944,37,47,20,29
MO,63945,29,28,13,28
MO,63950,13,43,23,33
MO,63951,11,35,7,32
MO,63952,16,34,13,41
MO,63953,19,27,22,38
MO,63954,34,36,21,22
MO,63955,20,39,21,28
MO,63956,24,38,14,34
MO,63957,19,34,14,43
MO,63960,23,28,7,26
MO,63961,21,34,13,29
MO,63962,19,37,18,25
MO,63963,26,26,22,22
MO,63964,23,29,20,43
MO,63965,28,21,14,21
MO,63966,14,49,7,32
MO,63967,19,37,19,17
MO,64001,16,34,20,29
MO,64002,22,32,11,25
MO,64011,17,20,7,15
MO,64012,32,23,20,28
MO,64013,32,46,14,43
MO,64014,39,22,11,18
MO,64015,21,26,17,31
MO,64016,30,30,19,17
MO,64017,15,33,13,35
MO,64018,28,54,12,13
MO,64019,35,25,20,41
MO,64020,36,34,15,27
MO,64021,14,30,8,41
MO,64022,19,36,20,24
MO,64024,21,35,26,42
MO,64028,17,26,9,15
MO,64029,37,41,20,21
MO,64030,21,27,9,51
MO,64034,40,37,22,30
MO,64035,19,33,23,18
MO,64036,18,29,14,16
MO,64037,36,28,24,35
MO,64040,10,25,22,23
MO,64048,16,36,21,36
MO,64050,24,26,13,20
MO,64051,33,27,20,21
MO,64052,26,36,11,27
MO,64053,16,34,18,20
MO,64054,13,33,17,20
MO,64055,22,40,10,30
MO,64056,28,26,23,22
MO,64057,41,33,9,21
MO,64058,26,34,24,23
MO,64060,37,32,21,44
MO,64061,26,40,27,39
MO,64062,18,34,18,24
MO,64063,19,21,7,25
MO,64064,25,32,8,31
MO,64065,31,33,26,29
MO,64066,18,35,22,37
MO,64067,13,49,12,22
MO,64068,19,19,16,37
MO,64069,30,51,19,17
MO,64070,16,30,15,26
MO,64071,35,42,8,30
MO,64072,27,19,9,25
MO,64073,23,20,15,27
MO,64074,26,35,11,23
MO,64075,27,31,12,16
MO,64076,13,25,18,23
MO,64077,31,32,17,32
MO,64078,32,19,13,33
MO,64079,32,42,23,26
MO,64080,32,23,10,45
MO,64081,24,31,20,23
MO,64082,18,21,24,31
MO,64083,32,39,24,49
MO,64084,19,38,13,20
MO,64085,35,36,11,38
MO,64086,20,34,13,19
MO,64088,18,42,8,29
MO,64089,17,34,21,19
MO,64090,30,25,22,40
MO,64092,37,26,10,24
MO,64093,27,18,17,51
MO,64096,30,25,18,37
MO,64097,21,46,16,29
MO,64098,27,24,21,42
MO,64101,17,55,16,25
MO,64102,32,26,15,21
MO,64105,24,28,18,24
MO,64106,22,41,20,15
MO,64108,18,29,17,39
MO,64109,18,44,22,13
MO,64110,15,30,10,17
MO,64111,24,27,20,19
MO,64112,33,26,12,38
MO,64113,24,38,9,31
MO,64114,32,31,7,28
MO,64116,30,25,10,42
MO,64117,32,17,16,36
MO,64118,20,40,16,42
MO,64119,23,29,11,20
MO,64120,38,23,11,35
MO,64121,34,33,22,25
MO,64123,31,24,20,29
MO,64124,25,27,24,55
MO,64125,17,35,18,33
MO,64126,31,28,8,23
MO,64127,25,24,25,26
MO,64128,26,31,20,34
MO,64129,28,29,22,21
MO,64130,24,44,16,35
MO,64131,16,40,10,44
MO,64132,36,34,21,36
MO,64133,24,36,24,17
MO,64134,22,25,22,30
MO,64136,31,38,17,35
MO,64137,21,41,22,30
MO,64138,16,32,8,44
MO,64139,39,19,10,20
MO,64141,30,30,18,17
MO,64144,14,31,20,18
MO,64145,34,25,13,35
MO,64146,20,31,18,13
MO,64147,30,38,12,25
MO,64148,19,34,21,28
MO,64149,16,32,12,44
MO,64150,16,45,14,36
MO,64151,33,28,14,43
MO,64152,36,24,19,51
MO,64153,19,57,20,20
MO,64154,14,28,11,24
MO,64155,22,32,22,30
MO,64156,22,30,18,33
MO,64157,15,35,10,42
MO,64158,36,24,20,18
MO,64161,18,22,17,27
MO,64162,13,33,10,21
MO,64163,20,39,11,18
MO,64164,23,33,14,26
MO,64165,36,34,19,21
MO,64166,19,22,23,28
MO,64167,29,40,8,31
MO,64168,28,19,23,28
MO,64170,21,20,19,52
MO,64171,25,25,24,33
MO,64172,21,29,20,40
MO,64179,32,26,25,23
MO,64180,18,30,20,40
MO,64183,13,39,12,47
MO,64184,26,43,20,22
MO,64185,14,41,8,29
MO,64187,13,21,20,13
MO,64188,13,37,13,53
MO,64190,16,19,9,20
MO,64191,39,29,9,52
MO,64192,18,20,10,40
MO,64193,30,25,10,31
MO,64194,15,29,24,16
MO,64195,33,28,13,34
MO,64196,12,49,24,47
MO,64197,33,27,10,36
MO,64198,13,25,11,34
MO,64199,29,51,19,36
MO,64401,29,39,23,26
MO,64402,27,38,20,21
MO,64420,16,39,8,21
MO,64421,26,26,17,37
MO,64422,33,27,15,19
MO,64423,31,24,12,36
MO,64424,25,24,16,19
MO,64426,38,42,22,20
MO,64427,27,31,12,36
MO,64428,13,35,15,45
MO,64429,17,32,16,31
MO,64430,33,31,11,37
MO,64431,30,26,22,30
MO,64432,31,41,13,22
MO,64433,17,18,18,26
MO,64434,27,38,10,19
MO,64436,31,21,21,34
MO,64437,23,35,21,20
MO,64438,23,20,25,28
MO,64439,34,22,21,20
MO,64440,17,25,13,26
MO,64441,41,48,31,28
MO,64442,21,28,18,20
MO,64443,26,38,23,30
MO,64444,15,32,11,19
MO,64445,17,26,13,44
MO,64446,20,22,12,27
MO,64447,13,27,21,19
MO,64448,24,20,21,26
MO,64449,27,29,15,41
MO,64451,19,36,11,24
MO,64453,23,41,13,30
MO,64454,36,50,18,24
MO,64455,34,39,7,48
MO,64456,15,31,21,15
MO,64457,32,41,7,30
MO,64458,24,34,19,17
MO,64459,15,38,13,42
MO,64461,12,31,17,24
MO,64463,32,41,18,32
MO,64465,21,38,14,20
MO,64466,22,22,13,28
MO,64467,14,38,18,43
MO,64468,21,36,26,20
MO,64469,24,45,20,16
MO,64470,14,45,11,16
MO,64471,17,19,13,34
MO,64473,32,34,9,32
MO,64474,40,42,19,28
MO,64475,21,37,25,36
MO,64476,27,32,20,30
MO,64477,27,31,20,23
MO,64479,32,42,11,37
MO,64480,35,41,17,48
MO,64481,14,21,20,29
MO,64482,16,44,21,36
MO,64483,25,36,8,25
MO,64484,31,31,24,21
MO,64485,19,31,21,32
MO,64486,17,38,19,30
MO,64487,22,34,22,17
MO,64489,27,31,20,43
MO,64490,35,38,20,27
MO,64491,16,27,13,31
MO,64492,14,45,19,27
MO,64493,25,44,21,38
MO,64494,31,24,8,33
MO,64496,26,38,7,32
MO,64497,25,24,23,29
MO,64498,12,55,13,27
MO,64499,29,55,12,36
MO,64501,14,32,18,31
MO,64502,22,37,18,26
MO,64503,13,31,16,37
MO,64504,25,41,8,26
MO,64505,13,36,19,30
MO,64506,25,36,14,18
MO,64507,19,43,21,18
MO,64508,31,23,17,50
MO,64601,12,36,13,30
MO,64620,14,42,17,35
MO,64622,16,42,9,31
MO,64623,18,33,11,44
MO,64624,31,31,23,16
MO,64625,22,45,18,28
MO,64628,13,28,24,30
MO,64630,28,28,8,24
MO,64631,14,33,10,32
MO,64632,13,30,9,39
MO,64633,27,37,19,30
MO,64635,24,44,9,19
MO,64636,28,28,19,38
MO,64637,18,25,7,41
MO,64638,15,34,26,32
MO,64639,32,39,9,30
MO,64640,28,26,11,32
MO,64641,25,33,12,34
MO,64642,25,34,17,52
MO,64643,31,23,21,20
MO,64644,31,35,10,18
MO,64645,18,44,24,33
MO,64646,22,35,13,25
MO,64647,21,28,19,40
MO,64648,32,45,7,28
MO,64649,14,23,11,17
MO,64650,13,32,11,19
MO,64651,16,28,23,43
MO,64652,18,23,8,25
MO,64653,29,28,20,32
MO,64654,13,26,16,39
MO,64655,19,24,13,44
MO,64656,17,34,23,20
MO,64657,26,42,18,37
MO,64658,15,22,9,27
MO,64659,17,47,11,27
MO,64660,33,33,12,22
MO,64661,26,31,19,39
MO,64664,25,28,14,28
MO,64667,14,24,15,29
MO,64668,19,33,15,34
MO,64670,31,35,15,18
MO,64671,30,39,22,51
MO,64672,14,33,12,30
MO,64673,17,47,12,23
MO,64674,26,20,11,45
MO,64676,24,53,8,19
MO,64679,31,37,23,37
MO,64680,33,51,11,20
MO,64681,32,39,13,17
MO,64682,37,46,12,27
MO,64683,17,52,9,19
MO,64686,23,47,21,28
MO,64688,19,33,9,32
MO,64689,17,35,13,29
MO,64701,15,26,14,34
MO,64720,26,41,21,27
MO,64722,35,29,23,18
MO,64723,25,53,15,29
MO,64724,39,48,20,20
MO,64725,29,35,8,43
MO,64726,22,28,21,35
MO,64728,24,35,8,33
MO,64730,13,40,23,43
MO,64733,16,43,17,24
MO,64734,17,43,15,24
MO,64735,16,23,26,41
MO,64738,30,46,8,38
MO,64739,23,46,13,18
MO,64740,29,36,14,30
MO,64741,15,37,17,45
MO,64742,34,34,10,40
MO,64743,16,36,9,18
MO,64744,15,21,13,51
MO,64745,30,22,16,34
MO,64746,25,35,8,33
MO,64747,27,28,11,25
MO,64748,32,33,20,30
MO,64750,34,20,14,20
MO,64752,20,34,19,28
MO,64755,16,21,13,26
MO,64756,14,34,22,29
MO,64759,35,35,10,23
MO,64761,27,48,15,29
MO,64762,16,27,22,21
MO,64763,28,17,22,13
MO,64765,17,32,20,36
MO,64766,31,31,8,31
MO,64767,35,39,23,14
MO,64769,11,48,24,44
MO,64770,24,21,7,14
MO,64771,23,36,9,32
MO,64772,32,48,21,33
MO,64776,36,16,20,27
MO,64778,23,28,26,46
MO,64779,30,25,19,29
MO,64780,21,46,18,19
MO,64781,31,22,23,29
MO,64783,18,27,9,22
MO,64784,14,35,21,15
MO,64788,13,22,9,36
MO,64789,21,34,9,29
MO,64790,37,32,10,25
MO,64801,32,21,16,25
MO,64802,31,22,16,27
MO,64803,29,55,8,39
MO,64804,26,27,12,29
MO,64830,32,22,18,27
MO,64831,21,48,9,35
MO,64832,20,32,9,32
MO,64833,34,42,17,28
MO,64834,17,48,9,35
MO,64835,26,22,18,39
MO,64836,26,53,18,24
MO,64840,36,30,9,42
MO,64841,17,22,24,32
MO,64842,17,31,10,38
MO,64843,14,26,18,45
MO,64844,23,20,19,29
MO,64847,22,26,24,32
MO,64848,16,22,9,18
MO,64849,35,38,19,18
MO,64850,34,50,20,54
MO,64853,16,23,8,33
MO,64854,19,27,8,26
MO,64855,13,35,12,28
MO,64856,37,26,13,39
MO,64857,24,47,11,53
MO,64858,30,36,20,27
MO,64859,23,26,14,29
MO,64861,13,46,23,48
MO,64862,15,16,17,27
MO,64863,24,33,16,30
MO,64864,28,25,13,23
MO,64865,24,31,17,24
MO,64866,25,23,16,22
MO,64867,30,28,9,19
MO,64868,27,26,10,27
MO,64869,17,27,14,25
MO,64870,26,30,18,31
MO,64873,21,45,10,38
MO,64874,41,44,12,25
MO,64944,37,27,22,40
MO,64999,16,54,7,43
MO,65001,21,33,15,34
MO,65010,31,22,25,40
MO,65011,12,23,13,26
MO,65013,26,31,9,47
MO,65014,13,24,24,43
MO,65016,31,40,20,20
MO,65017,27,57,25,21
MO,65018,16,28,9,15
MO,65020,28,57,17,30
MO,65023,26,34,22,16
MO,65024,16,27,24,19
MO,65025,21,49,8,22
MO,65026,37,23,24,33
MO,65032,37,26,20,40
MO,65034,26,22,8,23
MO,65035,39,22,25,47
MO,65036,34,21,19,30
MO,65037,24,42,10,35
MO,65038,12,46,12,22
MO,65039,26,25,7,21
MO,65040,32,26,24,39
MO,65041,29,33,23,23
MO,65042,28,42,12,35
MO,65043,34,31,14,38
MO,65046,40,27,11,15
MO,65047,32,43,13,30
MO,65048,13,34,12,21
MO,65049,26,25,23,22
MO,65050,25,42,9,28
MO,65051,14,42,13,30
MO,65052,20,51,17,22
MO,65053,38,37,23,26
MO,65054,29,44,14,40
MO,65055,39,32,19,19
MO,65058,17,38,15,46
MO,65059,13,40,15,18
MO,65061,22,26,11,38
MO,65062,16,28,8,19
MO,65063,17,32,16,27
MO,65064,32,23,19,20
MO,65065,20,32,17,25
MO,65066,31,49,21,31
MO,65067,15,26,13,50
MO,65068,33,24,16,22
MO,65069,25,34,16,45
MO,65072,23,27,8,31
MO,65074,16,36,19,40
MO,65075,14,48,19,37
MO,65076,19,32,23,21
MO,65077,18,28,8,14
MO,65078,12,33,14,21
MO,65079,36,34,22,17
MO,65080,19,27,22,27
MO,65081,29,55,12,17
MO,65082,14,50,26,20
MO,65083,34,51,22,32
MO,65084,30,22,17,42
MO,65085,33,52,8,23
MO,65101,27,29,25,23
MO,65102,12,30,23,38
MO,65103,13,22,9,27
MO,65104,32,22,26,26
MO,65105,18,19,26,29
MO,65106,25,39,12,21
MO,65107,15,43,17,43
MO,65108,31,44,11,25
MO,65109,13,36,14,21
MO,65110,27,23,24,23
MO,65111,35,39,21,16
MO,65201,34,22,22,22
MO,65202,15,39,25,31
MO,65203,17,17,16,34
MO,65205,27,37,16,21
MO,65211,22,32,11,22
MO,65212,34,44,12,31
MO,65215,18,24,19,41
MO,65216,22,16,13,34
MO,65217,34,42,20,30
MO,65218,27,33,15,15
MO,65230,33,42,15,24
MO,65231,18,29,26,33
MO,65232,26,27,16,38
MO,65233,29,20,19,30
MO,65236,29,32,8,21
MO,65237,16,27,9,20
MO,65239,31,39,26,33
MO,65240,20,44,8,28
MO,65243,18,21,12,28
MO,65244,28,22,10,41
MO,65246,20,28,16,23
MO,65247,12,35,16,31
MO,65248,28,24,24,42
MO,65250,16,40,11,17
MO,65251,17,29,17,27
MO,65254,23,30,9,20
MO,65255,20,48,11,36
MO,65256,32,37,16,35
MO,65257,17,42,14,31
MO,65258,33,22,15,28
MO,65259,16,35,17,31
MO,65260,32,34,20,29
MO,65261,25,39,20,47
MO,65262,24,23,17,25
MO,65263,18,44,9,50
MO,65264,13,36,7,29
MO,65265,19,33,8,24
MO,65270,36,35,14,18
MO,65274,14,37,10,37
MO,65275,28,27,18,20
MO,65276,21,32,19,41
MO,65278,13,42,15,38
MO,65279,20,37,20,42
MO,65280,15,36,25,24
MO,65281,13,30,22,33
MO,65282,28,30,26,22
MO,65283,18,29,18,47
MO,65284,30,41,13,34
MO,65285,32,30,11,22
MO,65286,36,23,15,13
MO,65287,17,37,24,39
MO,65299,18,46,10,29
MO,65301,16,27,16,19
MO,65302,29,43,10,28
MO,65305,14,26,15,36
MO,65320,25,24,15,37
MO,65321,29,46,14,22
MO,65322,23,39,23,33
MO,65323,29,25,13,33
MO,65324,15,31,13,28
MO,65325,23,20,18,28
MO,65326,23,42,9,18
MO,65327,20,33,16,22
MO,65329,22,50,8,15
MO,65330,15,32,12,24
MO,65332,27,47,11,29
MO,65333,34,76,30,46
MO,65334,23,37,13,20
MO,65335,21,36,9,22
MO,65336,17,37,19,18
MO,65337,26,26,21,37
MO,65338,28,39,18,19
MO,65339,15,35,18,16
MO,65340,35,41,8,47
MO,65344,28,37,27,56
MO,65345,12,20,26,51
MO,65347,13,43,15,21
MO,65348,12,33,24,35
MO,65349,30,28,12,48
MO,65350,19,32,22,14
MO,65351,26,25,18,21
MO,65354,31,40,16,20
MO,65355,26,30,15,37
MO,65360,15,26,17,13
MO,65401,32,25,10,34
MO,65402,19,29,19,27
MO,65409,20,41,16,17
MO,65436,15,36,7,15
MO,65438,20,57,14,24
MO,65439,25,29,17,21
MO,65440,24,18,26,21
MO,65441,37,34,22,24
MO,65443,21,27,23,27
MO,65444,28,35,16,34
MO,65446,35,23,12,37
MO,65449,15,41,18,12
MO,65452,38,43,23,42
MO,65453,18,30,17,21
MO,65456,17,26,8,22
MO,65457,14,45,18,29
MO,65459,24,21,7,32
MO,65461,11,27,16,39
MO,65462,31,53,15,44
MO,65463,14,35,12,21
MO,65464,37,37,14,18
MO,65466,34,31,20,30
MO,65468,29,26,16,34
MO,65470,27,40,23,36
MO,65473,30,33,10,44
MO,65479,34,38,14,39
MO,65483,50,48,24,57
MO,65484,23,45,13,40
MO,65486,31,35,20,40
MO,65501,23,21,15,13
MO,65529,23,19,10,44
MO,65532,16,25,12,20
MO,65534,16,22,24,24
MO,65535,22,41,18,25
MO,65536,38,45,17,29
MO,65541,32,21,8,18
MO,65542,25,23,19,37
MO,65543,21,54,14,25
MO,65546,27,35,19,27
MO,65548,19,26,12,20
MO,65550,20,27,25,35
MO,65552,34,38,9,28
MO,65555,36,22,18,20
MO,65556,28,23,10,36
MO,65557,36,36,23,25
MO,65559,24,21,14,25
MO,65560,26,23,12,22
MO,65564,15,52,8,42
MO,65565,33,42,22,18
MO,65566,13,25,24,34
MO,65567,25,28,18,42
MO,65570,12,35,10,15
MO,65571,31,23,18,44
MO,65580,30,25,7,40
MO,65582,36,23,16,32
MO,65583,21,24,9,41
MO,65584,26,23,12,27
MO,65586,20,51,11,12
MO,65588,23,19,11,40
MO,65589,34,24,15,22
MO,65590,26,34,25,28
MO,65591,22,20,13,22
MO,65601,37,32,18,32
MO,65603,13,37,8,33
MO,65604,31,44,16,34
MO,65605,33,39,7,14
MO,65606,17,36,16,33
MO,65607,22,25,11,22
MO,65608,12,43,18,34
MO,65609,21,25,8,30
MO,65610,20,45,18,30
MO,65611,24,53,21,40
MO,65612,12,36,13,23
MO,65613,37,23,13,47
MO,65614,23,24,18,51
MO,65615,22,22,9,25
MO,65616,35,27,12,20
MO,65617,15,35,12,40
MO,65618,24,32,7,39
MO,65619,18,51,20,29
MO,65620,21,25,13,31
MO,65622,13,21,21,20
MO,65623,14,26,8,38
MO,65624,11,35,16,29
MO,65625,29,40,21,24
MO,65626,34,16,26,49
MO,65627,28,36,18,32
MO,65629,31,29,14,37
MO,65630,33,32,7,32
MO,65631,13,31,7,39
MO,65632,22,46,17,36
MO,65633,23,29,25,20
MO,65634,12,21,23,43
MO,65635,25,25,12,32
MO,65636,27,21,25,22
MO,65637,18,26,8,30
MO,65638,25,20,21,33
MO,65640,25,21,13,33
MO,65641,19,33,13,21
MO,65644,24,44,13,20
MO,65645,18,19,12,20
MO,65646,36,37,8,29
MO,65647,33,38,25,20
MO,65648,31,47,17,34
MO,65649,30,28,13,18
MO,65650,15,32,19,23
MO,65652,37,38,20,43
MO,65653,23,37,25,31
MO,65654,34,29,21,41
MO,65655,26,36,19,32
MO,65656,14,27,24,44
MO,65657,29,30,9,53
MO,65658,26,24,23,22
MO,65660,16,57,26,28
MO,65661,24,23,7,28
MO,65662,39,49,8,41
MO,65663,19,54,14,46
MO,65664,28,28,16,33
MO,65666,29,45,23,42
MO,65667,35,38,16,34
MO,65668,36,28,18,18
MO,65669,25,26,20,17
MO,65672,21,40,17,22
MO,65673,30,30,11,42
MO,65674,27,27,16,28
MO,65675,13,27,22,20
MO,65676,27,34,11,32
MO,65679,29,17,22,40
MO,65680,38,20,23,18
MO,65681,12,23,20,44
MO,65682,32,30,9,28
MO,65685,34,27,24,46
MO,65686,15,32,9,39
MO,65688,36,48,16,16
MO,65689,36,35,10,37
MO,65690,16,39,9,42
MO,65692,24,27,11,22
MO,65701,37,36,22,39
MO,65702,30,23,22,19
MO,65704,32,35,14,38
MO,65705,21,27,14,23
MO,65706,19,33,7,32
MO,65707,31,21,15,24
MO,65708,28,35,16,30
MO,65710,16,34,18,41
MO,65711,18,26,16,20
MO,65712,37,29,26,41
MO,65713,18,40,15,41
MO,65714,15,26,11,12
MO,65715,18,28,17,53
MO,65717,35,34,23,41
MO,65720,29,46,17,22
MO,65721,33,22,9,47
MO,65722,34,31,19,17
MO,65723,24,39,18,13
MO,65724,31,30,19,23
MO,65725,31,36,22,14
MO,65726,22,33,10,27
MO,65727,20,39,22,19
MO,65728,13,30,10,32
MO,65729,22,49,22,32
MO,65730,13,39,14,39
MO,65731,24,40,9,21
MO,65732,21,33,11,36
MO,65733,15,33,21,39
MO,65734,22,39,11,36
MO,65735,29,47,7,39
MO,65737,30,46,21,26
MO,65738,12,27,17,36
MO,65739,14,33,21,21
MO,65740,28,37,9,47
MO,65741,21,22,25,35
MO,65742,27,22,24,20
MO,65744,22,31,17,23
MO,65745,30,48,18,44
MO,65746,19,34,10,53
MO,65747,12,27,10,40
MO,65752,13,35,18,44
MO,65753,23,19,15,35
MO,65754,20,48,16,20
MO,65755,34,46,18,35
MO,65756,11,24,13,29
MO,65757,33,25,18,21
MO,65759,29,38,7,19
MO,65760,34,26,11,41
MO,65761,33,36,20,41
MO,65762,32,34,18,24
MO,65764,19,34,15,33
MO,65765,38,51,24,32
MO,65766,12,24,14,27
MO,65767,36,38,15,26
MO,65768,22,39,25,44
MO,65769,15,33,20,37
MO,65770,27,36,22,31
MO,65771,35,44,20,50
MO,65772,29,27,12,34
MO,65773,29,47,25,44
MO,65774,32,43,13,21
MO,65775,12,33,15,32
MO,65776,22,31,16,19
MO,65777,37,31,17,20
MO,65778,29,22,10,38
MO,65779,20,34,15,14
MO,65781,16,52,17,43
MO,65783,11,49,7,36
MO,65784,12,39,22,49
MO,65785,18,16,7,27
MO,65786,24,31,15,45
MO,65787,36,19,17,36
MO,65788,26,43,15,21
MO,65789,23,19,17,32
MO,65790,24,31,14,18
MO,65791,12,22,22,37
MO,65793,24,52,20,21
MO,65801,20,24,17,21
MO,65802,22,38,23,23
MO,65803,16,21,11,30
MO,65804,36,29,8,27
MO,65805,18,28,12,32
MO,65806,16,39,11,17
MO,65807,12,55,9,26
MO,65808,23,46,16,25
MO,65809,34,30,17,18
MO,65810,25,44,16,28
MO,65814,36,33,20,43
MO,65817,25,26,18,23
MO,65890,20,36,14,45
MO,65897,19,36,10,37
MO,65898,24,40,10,20
MO,65899,30,42,17,18
KS,66002,19,39,12,23
KS,66006,35,39,21,24
KS,66007,23,30,25,32
KS,66008,17,25,15,47
KS,66010,31,20,21,21
KS,66012,37,36,15,38
KS,66013,21,29,13,30
KS,66014,19,38,21,33
KS,66015,24,23,20,29
KS,66016,13,37,21,23
KS,66017,24,43,15,32
KS,66018,34,54,16,35
KS,66019,16,34,22,14
KS,66020,25,52,25,21
KS,66021,17,33,10,42
KS,66023,21,28,9,30
KS,66024,22,48,20,23
KS,66025,15,24,8,16
KS,66026,19,33,8,24
KS,66027,12,25,10,19
KS,66030,28,41,19,25
KS,66031,21,26,8,30
KS,66032,24,41,9,23
KS,66033,13,19,20,18
KS,66035,18,25,20,19
KS,66036,24,26,7,37
KS,66039,22,18,14,34
KS,66040,18,25,16,44
KS,66041,30,22,11,21
KS,66042,27,31,21,38
KS,66043,22,35,24,26
KS,66044,16,19,26,44
KS,66045,14,38,20,30
KS,66046,20,30,21,38
KS,66047,25,39,20,21
KS,66048,12,30,8,48
KS,66049,17,40,12,23
KS,66050,28,23,18,53
KS,66051,19,23,10,35
KS,66052,18,23,12,22
KS,66053,34,53,18,38
KS,66054,14,38,22,16
KS,66056,33,27,17,27
KS,66058,34,36,9,25
KS,66060,18,31,8,21
KS,66061,30,42,17,18
KS,66062,25,34,14,24
KS,66063,31,29,20,32
KS,66064,34,40,15,30
KS,66066,27,37,13,27
KS,66067,30,33,19,20
KS,66070,19,47,11,43
KS,66071,18,33,25,44
KS,66072,23,27,8,23
KS,66073,23,25,9,15
KS,66075,20,36,19,36
KS,66076,12,28,8,22
KS,66077,15,30,16,22
KS,66078,39,41,26,22
KS,66079,31,23,13,30
KS,66080,28,43,22,45
KS,66083,19,35,13,31
KS,66085,34,40,16,15
KS,66086,14,26,20,29
KS,66087,17,52,18,17
KS,66088,15,23,15,23
KS,66090,31,37,21,30
KS,66091,12,21,22,49
KS,66092,24,44,23,43
KS,66093,21,36,23,22
KS,66094,29,38,8,44
KS,66095,24,43,8,21
KS,66097,20,40,13,49
KS,66101,32,51,9,19
KS,66102,31,34,25,19
KS,66103,24,38,8,27
KS,66104,13,24,21,37
KS,66105,24,55,25,17
KS,66106,26,37,24,14
KS,66109,33,27,15,16
KS,66110,13,46,8,13
KS,66111,14,39,16,28
KS,66112,19,44,19,41
KS,66113,20,50,20,43
KS,66115,39,23,19,34
KS,66117,26,43,8,18
KS,66118,31,31,18,20
KS,66119,24,40,19,49
KS,66160,27,39,9,22
KS,66201,20,49,24,18
KS,66202,25,50,10,23
KS,66203,26,26,21,13
KS,66204,16,38,17,21
KS,66205,26,41,23,22
KS,66206,16,47,20,33
KS,66207,31,33,18,37
KS,66208,12,24,17,27
KS,66209,12,31,12,17
KS,66210,31,47,22,27
KS,66211,12,43,23,23
KS,66212,20,27,11,15
KS,66213,14,20,11,26
KS,66214,25,46,13,41
KS,66215,25,50,21,23
KS,66216,24,27,7,32
KS,66217,24,33,14,39
KS,66218,22,24,22,25
KS,66219,31,33,20,40
KS,66220,25,38,15,25
KS,66221,19,47,16,20
KS,66222,27,28,19,40
KS,66223,28,20,19,17
KS,66224,15,29,18,19
KS,66225,22,24,20,48
KS,66226,28,32,15,16
KS,66227,15,33,13,40
KS,66250,19,43,7,18
KS,66251,13,35,7,45
KS,66276,25,34,7,31
KS,66279,27,42,11,28
KS,66282,18,38,22,31
KS,66283,32,29,23,37
KS,66285,18,28,26,30
KS,66286,30,38,18,40
KS,66401,16,41,8,30
KS,66402,34,34,15,26
KS,66403,20,21,16,28
KS,66404,41,28,21,20
KS,66406,28,31,24,23
KS,66407,16,30,11,31
KS,66408,26,21,20,40
KS,66409,12,16,14,14
KS,66411,14,43,12,30
KS,66412,33,33,20,29
KS,66413,30,32,16,43
KS,66414,15,42,18,25
KS,66415,40,50,14,33
KS,66416,33,45,20,28
KS,66417,25,32,25,39
KS,66418,17,44,21,35
KS,66419,18,37,23,45
KS,66420,16,36,22,24
KS,66422,12,51,26,27
KS,66423,26,33,16,54
KS,66424,24,26,18,31
KS,66425,31,25,21,20
KS,66426,33,33,8,26
KS,66427,14,34,10,38
KS,66428,18,20,18,29
KS,66429,14,27,19,49
KS,66431,16,27,12,22
KS,66432,31,35,24,16
KS,66434,17,26,27,16
KS,66436,23,38,19,23
KS,66438,17,39,22,23
KS,66439,12,37,12,35
KS,66440,14,30,13,33
KS,66441,16,40,16,40
KS,66442,16,29,12,28
KS,66449,17,39,9,20
KS,66451,39,48,18,44
KS,66501,15,34,21,13
KS,66502,28,19,11,20
KS,66503,31,51,24,35
KS,66505,18,22,19,27
KS,66506,28,34,8,34
KS,66507,29,39,25,26
KS,66508,28,29,17,23
KS,66509,34,31,25,23
KS,66510,12,16,17,35
KS,66512,30,41,19,51
KS,66514,27,20,26,28
KS,66515,12,34,7,20
KS,66516,16,33,9,45
KS,66517,21,33,24,38
KS,66518,12,29,15,43
KS,66520,22,38,25,20
KS,66521,25,41,11,14
KS,66522,11,39,9,24
KS,66523,25,19,13,24
KS,66524,11,25,25,25
KS,66526,28,31,10,47
KS,66527,23,27,19,38
KS,66528,12,39,8,36
KS,66531,23,28,21,52
KS,66532,15,35,15,18
KS,66533,11,46,23,17
KS,66534,23,36,9,37
KS,66535,27,25,7,29
KS,66536,31,34,10,43
KS,66537,14,30,18,19
KS,66538,15,28,19,17
KS,66539,15,35,12,29
KS,66540,22,34,14,29
KS,66541,20,25,22,34
KS,66542,33,48,19,20
KS,66543,18,50,17,16
KS,66544,13,53,18,28
KS,66546,34,50,25,41
KS,66547,15,30,16,37
KS,66548,24,41,11,39
KS,66549,24,20,18,35
KS,66550,11,42,10,31
KS,66552,34,25,11,36
KS,66554,11,33,20,16
KS,66601,29,29,18,31
KS,66603,17,46,20,29
KS,66604,32,33,19,28
KS,66605,15,31,12,23
KS,66606,30,35,12,20
KS,66607,16,23,11,27
KS,66608,21,33,17,31
KS,66609,26,31,20,27
KS,66610,21,24,26,27
KS,66611,24,35,22,33
KS,66612,36,31,11,18
KS,66614,20,28,14,44
KS,66615,20,20,14,45
KS,66616,21,24,10,19
KS,66617,22,32,12,34
KS,66618,19,40,22,32
KS,66619,23,29,23,27
KS,66620,17,21,15,19
KS,66621,25,25,20,25
KS,66622,21,48,17,15
KS,66624,12,55,19,41
KS,66625,40,44,10,17
KS,66626,15,26,16,32
KS,66628,12,41,22,25
KS,66629,30,17,14,32
KS,66630,13,17,8,50
KS,66636,31,24,21,45
KS,66637,33,26,17,28
KS,66642,27,52,22,22
KS,66647,33,23,17,49
KS,66652,18,43,19,26
KS,66653,15,38,20,23
KS,66667,15,33,16,49
KS,66675,17,38,15,25
KS,66683,38,24,23,28
KS,66692,28,42,11,24
KS,66699,21,42,13,18
KS,66701,20,40,12,43
KS,66710,31,21,16,40
KS,66711,19,43,15,43
KS,66712,16,30,10,24
KS,66713,33,30,19,36
KS,66714,25,47,21,34
KS,66716,28,27,14,42
KS,66717,21,35,17,24
KS,66720,24,29,15,29
KS,66724,25,38,15,21
KS,66725,11,16,15,17
KS,66728,27,22,20,46
KS,66732,13,29,26,15
KS,66733,32,48,20,32
KS,66734,31,38,21,36
KS,66735,23,25,20,27
KS,66736,38,40,15,41
KS,66738,25,33,11,18
KS,66739,40,25,25,20
KS,66740,13,32,19,41
KS,66741,17,23,15,30
KS,66742,25,47,25,34
KS,66743,36,23,12,34
KS,66746,23,42,7,40
KS,66748,34,23,8,24
KS,66749,26,33,17,21
KS,66751,31,17,19,35
KS,66753,33,32,21,23
KS,66754,32,22,14,32
KS,66755,14,21,8,37
KS,66756,31,26,13,14
KS,66757,22,42,25,51
KS,66758,24,46,14,37
KS,66759,26,28,9,28
KS,66760,23,23,22,33
KS,66761,26,52,22,31
KS,66762,25,26,15,31
KS,66763,24,31,14,27
KS,66767,21,38,25,40
KS,66769,35,17,11,28
KS,66770,14,37,10,27
KS,66771,34,35,27,21
KS,66772,20,38,12,38
KS,66773,14,34,8,27
KS,66775,24,40,20,36
KS,66776,31,30,17,28
KS,66777,37,21,19,35
KS,66778,10,21,25,47
KS,66779,25,37,9,31
KS,66780,28,22,24,47
KS,66781,18,16,22,18
KS,66782,37,31,22,25
KS,66783,30,33,19,24
KS,66801,21,49,19,45
KS,66830,18,18,23,25
KS,66833,34,22,9,24
KS,66834,28,28,17,23
KS,66835,20,17,12,42
KS,66838,31,37,14,47
KS,66839,24,27,19,31
KS,66840,35,31,14,46
KS,66842,16,46,12,27
KS,66843,21,31,25,16
KS,66845,16,47,11,26
KS,66846,24,36,23,30
KS,66849,15,30,11,17
KS,66850,13,43,11,40
KS,66851,28,37,23,39
KS,66852,36,19,17,21
KS,66853,16,32,9,25
KS,66854,16,31,23,34
KS,66855,22,25,26,40
KS,66856,26,25,20,33
KS,66857,24,35,13,26
KS,66858,24,27,19,25
KS,66859,26,37,16,39
KS,66860,11,24,22,23
KS,66861,26,27,27,17
KS,66862,20,49,24,17
KS,66863,20,27,22,26
KS,66864,23,36,12,18
KS,66865,12,25,9,35
KS,66866,29,39,18,50
KS,66868,27,18,9,21
KS,66869,18,39,7,28
KS,66870,19,44,16,25
KS,66871,40,29,18,25
KS,66872,31,25,18,17
KS,66873,22,55,14,24
KS,66901,17,35,13,25
KS,66930,18,37,15,19
KS,66932,20,34,13,16
KS,66933,34,30,7,13
KS,66935,17,36,10,46
KS,66936,16,22,22,21
KS,66937,16,32,18,45
KS,66938,32,51,15,23
KS,66939,31,36,16,22
KS,66940,17,49,12,40
KS,66941,32,24,19,22
KS,66942,18,42,15,25
KS,66943,17,44,13,19
KS,66944,27,32,17,30
KS,66945,13,36,12,36
KS,66946,18,43,21,41
KS,66948,22,48,18,25
KS,66949,20,26,12,24
KS,66951,32,25,22,29
KS,66952,33,37,10,23
KS,66953,17,20,20,26
KS,66955,20,20,20,19
KS,66956,29,36,19,20
KS,66958,14,37,10,16
KS,66959,37,43,8,31
KS,66960,22,29,12,26
KS,66961,23,26,24,17
KS,66962,19,32,18,30
KS,66963,23,45,21,36
KS,66964,39,40,23,42
KS,66966,27,39,21,20
KS,66967,33,36,14,40
KS,66968,31,36,25,29
KS,66970,19,28,23,27
KS,67001,14,48,8,19
KS,67002,20,23,14,32
KS,67003,29,40,23,33
KS,67004,25,28,9,19
KS,67005,14,21,16,30
KS,67008,28,38,17,65
KS,67009,32,30,16,44
KS,67010,35,46,14,19
KS,67012,25,40,22,47
KS,67013,27,26,20,36
KS,67016,18,43,12,34
KS,67017,15,28,21,31
KS,67018,32,41,19,20
KS,67019,13,26,7,18
KS,67020,15,26,21,19
KS,67021,27,37,21,39
KS,67022,14,43,24,24
KS,67023,12,42,14,22
KS,67024,37,31,15,51
KS,67025,13,24,24,21
KS,67026,28,31,10,27
KS,67028,39,47,13,34
KS,67029,24,27,22,30
KS,67030,18,31,18,50
KS,67031,18,39,20,32
KS,67035,15,30,9,18
KS,67036,24,35,12,31
KS,67037,29,31,16,20
KS,67038,15,22,9,25
KS,67039,15,28,24,34
KS,67041,24,37,21,25
KS,67042,25,20,17,47
KS,67045,37,36,16,19
KS,67047,24,50,14,31
KS,67049,21,28,20,42
KS,67050,28,30,27,42
KS,67051,28,29,22,45
KS,67052,21,23,22,30
KS,67053,31,26,11,31
KS,67054,28,34,19,46
KS,67055,28,37,18,21
KS,67056,15,31,11,26
KS,67057,16,44,16,45
KS,67058,37,27,22,49
KS,67059,16,37,13,19
KS,67060,21,24,11,29
KS,67061,32,38,17,45
KS,67062,18,35,16,37
KS,67063,26,19,18,27
KS,67065,23,30,12,24
KS,67066,21,39,24,42
KS,67067,27,21,21,33
KS,67068,15,23,22,19
KS,67070,27,43,12,25
KS,67071,40,49,12,15
KS,67072,30,28,23,46
KS,67073,18,37,15,19
KS,67074,37,53,18,13
KS,67101,21,36,15,39
KS,67102,32,32,24,37
KS,67103,31,33,17,20
KS,67104,15,47,18,36
KS,67105,35,41,23,27
KS,67106,20,19,13,53
KS,67107,15,46,18,23
KS,67108,15,30,18,37
KS,67109,34,22,21,39
KS,67110,18,22,21,14
KS,67111,29,29,11,23
KS,67112,26,30,9,45
KS,67114,16,36,12,29
KS,67117,25,43,22,25
KS,67118,21,38,7,16
KS,67119,15,37,18,21
KS,67120,16,25,18,42
KS,67122,27,49,20,20
KS,67123,36,37,18,43
KS,67124,24,40,17,20
KS,67127,32,35,13,24
KS,67131,13,31,9,33
KS,67132,13,46,11,20
KS,67133,34,36,17,43
KS,67134,19,27,15,30
KS,67135,17,31,9,32
KS,67137,17,29,20,32
KS,67138,15,45,19,36
KS,67140,20,35,10,33
KS,67142,20,34,22,15
KS,67143,24,23,21,18
KS,67144,27,24,17,36
KS,67146,16,29,17,13
KS,67147,26,39,17,32
KS,67149,32,24,27,38
KS,67150,41,53,22,19
KS,67151,23,44,12,21
KS,67152,38,28,12,26
KS,67154,30,17,11,34
KS,67155,23,34,17,23
KS,67156,22,50,13,27
KS,67159,17,32,11,27
KS,67201,26,23,10,39
KS,67202,24,28,22,13
KS,67203,38,50,15,32
KS,67204,35,29,11,20
KS,67205,27,27,22,37
KS,67206,35,26,27,24
KS,67207,26,39,22,25
KS,67208,23,38,10,35
KS,67209,12,45,20,16
KS,67210,12,22,17,46
KS,67211,19,39,12,31
KS,67212,30,24,17,34
KS,67213,28,33,13,40
KS,67214,23,27,22,17
KS,67215,34,28,25,46
KS,67216,36,42,13,19
KS,67217,22,42,21,46
KS,67218,22,27,10,16
KS,67219,30,35,8,41
KS,67220,15,26,19,14
KS,67221,28,40,20,39
KS,67223,27,47,23,28
KS,67226,27,36,12,43
KS,67227,22,34,12,24
KS,67228,21,30,14,16
KS,67230,33,47,9,20
KS,67232,18,25,17,37
KS,67235,20,31,12,45
KS,67260,25,40,14,50
KS,67275,22,21,18,38
KS,67276,32,28,12,47
KS,67277,16,35,12,32
KS,67278,19,20,9,32
KS,67301,32,42,16,31
KS,67330,14,45,16,29
KS,67332,19,40,20,23
KS,67333,26,41,19,31
KS,67334,29,17,12,22
KS,67335,32,29,19,36
KS,67336,13,48,16,22
KS,67337,20,38,10,15
KS,67340,25,27,24,33
KS,67341,23,32,25,51
KS,67342,34,33,19,25
KS,67344,21,46,12,27
KS,67345,25,30,10,20
KS,67346,28,36,16,26
KS,67347,11,39,23,46
KS,67349,19,18,17,16
KS,67351,25,27,18,27
KS,67352,37,43,19,22
KS,67353,39,54,15,36
KS,67354,14,21,11,32
KS,67355,22,31,11,55
KS,67356,16,50,17,12
KS,67357,32,35,23,19
KS,67360,40,28,25,35
KS,67361,11,22,25,19
KS,67363,34,25,8,23
KS,67364,12,22,18,27
KS,67401,38,23,12,29
KS,67402,15,38,8,23
KS,67410,23,22,24,23
KS,67416,24,40,21,43
KS,67417,36,30,16,43
KS,67418,31,44,9,19
KS,67420,17,18,16,14
KS,67422,34,31,18,31
KS,67423,14,27,15,22
KS,67425,15,36,15,24
KS,67427,17,31,16,26
KS,67428,15,31,17,30
KS,67430,25,55,13,26
KS,67431,20,40,24,26
KS,67432,18,54,20,24
KS,67436,22,32,18,43
KS,67437,23,30,13,29
KS,67438,21,29,19,48
KS,67439,29,37,20,26
KS,67441,16,31,9,33
KS,67442,31,42,12,41
KS,67443,31,39,11,39
KS,67444,21,49,12,27
KS,67445,25,49,11,45
KS,67446,13,31,12,26
KS,67447,19,21,15,34
KS,67448,33,36,21,39
KS,67449,25,41,20,35
KS,67450,17,38,17,26
KS,67451,31,31,21,46
KS,67452,33,30,12,31
KS,67454,37,32,18,41
KS,67455,31,20,21,23
KS,67456,19,44,22,24
KS,67457,22,34,11,42
KS,67458,22,35,12,16
KS,67459,31,43,21,33
KS,67460,26,33,20,33
KS,67464,12,27,18,30
KS,67466,26,19,20,20
KS,67467,29,44,16,31
KS,67468,17,49,13,50
KS,67470,23,21,20,29
KS,67473,24,34,13,39
KS,67474,12,43,23,47
KS,67475,17,35,21,13
KS,67476,32,46,21,48
KS,67478,22,46,20,40
KS,67480,25,20,7,23
KS,67481,27,33,11,43
KS,67482,18,46,17,20
KS,67483,24,35,17,50
KS,67484,20,37,26,32
KS,67485,38,36,27,38
KS,67487,13,34,20,18
KS,67490,28,28,21,25
KS,67491,18,33,13,20
KS,67492,23,24,19,15
KS,67501,20,27,24,25
KS,67502,28,25,14,30
KS,67504,12,40,9,27
KS,67505,39,26,8,17
KS,67510,12,52,7,19
KS,67511,23,31,16,13
KS,67512,15,36,23,22
KS,67513,38,16,20,42
KS,67514,35,39,16,13
KS,67515,26,29,24,24
KS,67516,22,44,26,44
KS,67518,15,30,19,30
KS,67519,13,46,20,48
KS,67520,31,19,16,38
KS,67521,17,42,15,17
KS,67522,18,29,23,22
KS,67523,40,43,14,18
KS,67524,25,30,8,20
KS,67525,14,39,8,41
KS,67526,19,31,11,28
KS,67529,31,31,22,30
KS,67530,19,23,24,38
KS,67543,18,40,15,37
KS,67544,30,28,8,17
KS,67545,18,18,10,26
KS,67546,11,30,13,42
KS,67547,27,40,23,28
KS,67548,31,52,24,15
KS,67550,31,40,18,22
KS,67552,18,32,17,34
KS,67553,24,22,19,17
KS,67554,29,23,10,37
KS,67556,14,30,14,26
KS,67557,18,30,9,17
KS,67559,34,23,13,32
KS,67560,19,41,10,24
KS,67561,26,38,11,29
KS,67563,35,21,23,33
KS,67564,20,24,16,49
KS,67565,22,29,21,23
KS,67566,28,31,16,39
KS,67567,19,39,8,39
KS,67568,25,30,8,26
KS,67570,31,37,19,31
KS,67572,24,26,27,25
KS,67573,32,19,11,31
KS,67574,19,33,12,32
KS,67575,26,24,23,32
KS,67576,35,22,19,32
KS,67578,30,22,10,34
KS,67579,26,29,19,22
KS,67581,13,37,18,34
KS,67583,25,35,18,16
KS,67584,19,32,11,30
KS,67585,15,45,8,50
KS,67601,13,45,16,41
KS,67621,26,32,15,21
KS,67622,25,29,25,33
KS,67623,16,40,24,42
KS,67625,23,22,16,27
KS,67626,22,47,23,40
KS,67627,34,50,24,19
KS,67628,22,47,16,40
KS,67629,18,21,16,16
KS,67631,21,36,12,30
KS,67632,35,23,12,46
KS,67634,30,39,17,37
KS,67635,35,26,17,31
KS,67637,31,24,15,21
KS,67638,25,26,10,32
KS,67639,21,44,13,41
KS,67640,34,42,17,16
KS,67642,19,52,15,26
KS,67643,14,42,14,31
KS,67644,13,36,18,41
KS,67645,23,37,11,34
KS,67646,36,20,24,39
KS,67647,30,55,7,17
KS,67648,18,32,7,24
KS,67649,25,44,12,30
KS,67650,34,25,20,25
KS,67651,20,24,10,35
KS,67653,19,41,17,33
KS,67654,15,27,18,37
KS,67656,29,53,13,25
KS,67657,21,43,24,21
KS,67658,34,52,22,29
KS,67659,26,34,21,26
KS,67660,33,35,15,28
KS,67661,21,53,7,37
KS,67663,25,43,10,20
KS,67664,26,35,22,30
KS,67665,30,37,24,26
KS,67667,13,26,7,20
KS,67669,29,29,23,50
KS,67671,38,22,9,23
KS,67672,17,26,18,23
KS,67673,31,22,20,26
KS,67674,22,28,16,30
KS,67675,32,22,10,34
KS,67701,22,23,13,44
KS,67730,31,43,7,26
KS,67731,23,27,11,20
KS,67732,36,19,15,16
KS,67733,16,25,22,34
KS,67734,11,43,19,26
KS,67735,15,25,19,27
KS,67736,18,19,23,24
KS,67737,24,39,8,29
KS,67738,35,37,24,26
KS,67739,29,51,23,38
KS,67740,34,19,18,37
KS,67741,16,42,17,47
KS,67743,16,34,21,26
KS,67744,23,37,12,29
KS,67745,19,46,22,46
KS,67747,34,39,8,33
KS,67748,27,26,19,25
KS,67749,31,56,13,29
KS,67751,21,52,22,34
KS,67752,26,33,16,29
KS,67753,23,24,25,34
KS,67756,19,33,13,16
KS,67757,18,45,8,37
KS,67758,31,31,15,28
KS,67761,15,51,17,29
KS,67762,16,31,19,48
KS,67764,31,26,9,29
KS,67801,12,40,10,45
KS,67831,35,38,23,27
KS,67834,15,24,11,33
KS,67835,15,47,10,25
KS,67836,19,45,10,36
KS,67837,21,25,8,27
KS,67838,32,26,9,23
KS,67839,30,23,24,47
KS,67840,23,22,17,16
KS,67841,27,28,11,50
KS,67842,26,49,19,21
KS,67843,26,37,14,25
KS,67844,14,33,19,17
KS,67846,20,28,27,39
KS,67849,23,33,14,18
KS,67850,22,26,15,42
KS,67851,29,36,24,24
KS,67853,13,23,15,18
KS,67854,30,51,21,32
KS,67855,27,20,16,19
KS,67857,32,39,18,45
KS,67859,31,25,15,28
KS,67860,27,51,19,41
KS,67861,21,29,20,39
KS,67862,27,19,11,33
KS,67863,22,26,16,34
KS,67864,13,21,7,33
KS,67865,24,24,10,33
KS,67867,23,32,9,20
KS,67868,26,31,17,33
KS,67869,31,25,21,26
KS,67870,14,25,16,45
KS,67871,23,39,12,37
KS,67876,20,35,26,52
KS,67877,30,38,22,18
KS,67878,25,28,22,42
KS,67879,19,38,15,32
KS,67880,34,34,10,38
KS,67882,38,39,15,24
KS,67901,31,26,19,18
KS,67905,26,24,13,37
KS,67950,15,22,7,34
KS,67951,25,24,11,16
KS,67952,16,40,17,40
KS,67953,20,36,20,34
KS,67954,20,29,16,19
NE,68001,33,28,12,20
NE,68002,32,38,12,26
NE,68003,18,25,9,30
NE,68004,23,45,18,32
NE,68005,13,32,20,33
NE,68007,30,23,12,50
NE,68008,24,32,18,18
NE,68009,18,29,19,32
NE,68010,31,31,13,30
NE,68014,38,43,9,20
NE,68015,37,29,10,38
NE,68016,25,36,8,35
NE,68017,37,35,25,38
NE,68018,24,32,16,33
NE,68019,28,36,10,19
NE,68020,18,32,9,22
NE,68022,33,46,21,22
NE,68023,35,50,23,28
NE,68025,20,28,22,16
NE,68026,39,32,9,26
NE,68028,19,35,20,24
NE,68029,13,23,9,34
NE,68030,36,22,11,27
NE,68031,23,29,18,33
NE,68033,20,43,21,29
NE,68034,17,34,20,42
NE,68036,28,21,11,38
NE,68037,16,19,25,18
NE,68038,32,26,16,31
NE,68039,17,27,14,26
NE,68040,18,45,10,21
NE,68041,30,28,11,44
NE,68042,23,23,13,23
NE,68044,35,33,9,28
NE,68045,18,42,15,26
NE,68046,12,38,23,51
NE,68047,34,24,20,34
NE,68048,27,25,19,23
NE,68050,21,22,23,24
NE,68055,20,27,21,28
NE,68056,31,30,15,31
NE,68057,28,41,18,48
NE,68058,39,48,16,44
NE,68059,18,24,20,24
NE,68061,37,37,18,46
NE,68062,14,29,20,40
NE,68063,38,41,7,19
NE,68064,23,44,9,31
NE,68065,34,25,13,36
NE,68066,29,36,15,25
NE,68067,25,41,23,37
NE,68068,37,18,10,32
NE,68069,39,22,13,34
NE,68070,19,30,12,20
NE,68071,13,32,22,30
NE,68072,26,29,23,41
NE,68073,27,22,23,18
NE,68101,17,38,13,24
NE,68102,24,19,12,49
NE,68103,15,35,9,16
NE,68104,26,20,20,33
NE,68105,25,31,9,50
NE,68106,35,37,11,40
NE,68107,29,18,16,32
NE,68108,17,39,20,43
NE,68109,22,23,10,29
NE,68110,28,48,11,30
NE,68111,31,39,8,36
NE,68112,26,40,17,19
NE,68113,35,49,19,42
NE,68114,31,16,9,29
NE,68116,34,36,17,23
NE,68117,16,18,13,22
NE,68118,19,46,23,15
NE,68119,31,25,16,45
NE,68120,33,22,12,19
NE,68122,37,28,12,21
NE,68123,23,37,14,17
NE,68124,25,41,10,44
NE,68127,33,49,22,15
NE,68128,33,33,8,18
NE,68130,40,25,18,25
NE,68131,21,43,11,26
NE,68132,25,45,25,17
NE,68133,19,39,15,19
NE,68134,17,18,21,36
NE,68135,18,37,8,29
NE,68136,28,41,16,37
NE,68137,14,19,11,51
NE,68138,20,47,23,17
NE,68139,24,18,18,32
NE,68142,22,42,17,29
NE,68144,16,22,21,29
NE,68145,15,19,16,38
NE,68147,19,38,22,22
NE,68152,17,42,24,41
NE,68154,32,55,17,17
NE,68155,40,32,17,51
NE,68157,24,26,16,24
NE,68164,30,36,16,33
NE,68172,20,18,16,22
NE,68175,11,31,10,33
NE,68176,19,25,23,35
NE,68178,18,43,8,19
NE,68179,26,29,8,39
NE,68180,27,30,7,27
NE,68181,22,24,10,38
NE,68182,32,23,18,38
NE,68183,24,34,13,17
NE,68197,29,20,11,24
NE,68198,25,27,9,53
NE,68301,33,25,24,17
NE,68303,26,43,9,24
NE,68304,39,34,14,42
NE,68305,30,22,20,15
NE,68307,19,26,9,19
NE,68309,24,29,23,36
NE,68310,16,51,19,26
NE,68313,30,27,24,44
NE,68314,24,29,18,21
NE,68315,39,53,20,31
NE,68316,13,50,9,31
NE,68317,20,38,16,26
NE,68318,24,43,10,37
NE,68319,17,49,14,45
NE,68320,32,50,15,29
NE,68321,24,39,16,29
NE,68322,12,27,12,39
NE,68323,33,45,9,39
NE,68324,13,22,20,31
NE,68325,32,19,15,42
NE,68326,27,37,15,45
NE,68327,13,37,16,20
NE,68328,32,31,11,34
NE,68329,33,25,24,26
NE,68330,32,28,10,32
NE,68331,11,36,12,40
NE,68332,33,47,9,23
NE,68333,22,46,17,23
NE,68335,15,43,20,45
NE,68336,24,29,14,47
NE,68337,14,40,22,52
NE,68338,15,40,7,13
NE,68339,11,22,7,49
NE,68340,22,48,19,34
NE,68341,23,27,10,33
NE,68342,30,47,14,17
NE,68343,14,35,14,29
NE,68344,31,24,16,43
NE,68345,18,39,22,43
NE,68346,16,34,12,50
NE,68347,14,51,23,28
NE,68348,31,34,22,17
NE,68349,13,31,25,46
NE,68350,28,23,21,32
NE,68351,15,34,8,33
NE,68352,26,35,8,32
NE,68354,17,38,8,17
NE,68355,35,48,12,37
NE,68357,29,17,21,28
NE,68358,39,34,21,48
NE,68359,34,44,9,18
NE,68360,29,31,16,16
NE,68361,17,36,15,33
NE,68362,12,30,12,40
NE,68364,13,53,25,22
NE,68365,17,23,19,38
NE,68366,21,35,12,40
NE,68367,26,51,14,29
NE,68368,29,51,20,42
NE,68370,27,17,18,18
NE,68371,22,25,14,23
NE,68372,27,42,24,21
NE,68375,33,16,18,44
NE,68376,12,29,14,28
NE,68377,35,17,14,43
NE,68378,35,20,13,29
NE,68379,21,31,14,18
NE,68380,14,52,22,32
NE,68381,33,24,25,20
NE,68382,33,30,21,32
NE,68401,19,18,20,31
NE,68402,35,25,10,30
NE,68403,18,41,19,24
NE,68404,24,33,9,19
NE,68405,12,24,24,17
NE,68406,29,29,17,21
NE,68407,38,44,12,28
NE,68409,35,28,8,22
NE,68410,31,30,24,31
NE,68413,16,26,15,18
NE,68414,16,41,21,31
NE,68415,25,35,10,40
NE,68416,39,55,12,42
NE,68417,26,47,21,18
NE,68418,17,36,8,25
NE,68419,24,52,7,37
NE,68420,17,36,15,33
NE,68421,17,43,25,21
NE,68422,33,26,22,32
NE,68423,31,37,16,37
NE,68424,26,30,9,31
NE,68428,17,41,14,29
NE,68429,12,44,15,25
NE,68430,20,37,22,31
NE,68431,17,39,12,30
NE,68433,25,31,23,33
NE,68434,29,28,17,18
NE,68436,22,25,20,51
NE,68437,14,47,16,31
NE,68438,32,42,15,15
NE,68439,14,52,19,20
NE,68440,30,33,21,39
NE,68441,34,29,13,17
NE,68442,32,31,23,20
NE,68443,27,22,27,34
NE,68444,22,43,11,32
NE,68445,24,38,12,27
NE,68446,23,25,14,29
NE,68447,14,38,13,28
NE,68448,23,23,24,34
NE,68450,18,43,13,24
NE,68452,41,38,15,45
NE,68453,23,42,22,30
NE,68454,38,29,10,32
NE,68455,16,28,27,21
NE,68456,36,23,7,45
NE,68457,29,42,10,32
NE,68458,34,30,22,22
NE,68460,23,38,18,41
NE,68461,39,27,22,37
NE,68462,30,17,15,31
NE,68463,21,51,23,43
NE,68464,14,53,7,55
NE,68465,18,16,19,27
NE,68466,15,31,8,22
NE,68467,61,64,14,53
NE,68501,31,34,13,23
NE,68502,25,34,18,29
NE,68503,20,41,26,34
NE,68504,41,23,19,35
NE,68505,26,24,25,23
NE,68506,33,20,12,32
NE,68507,14,25,7,31
NE,68508,30,19,16,25
NE,68509,34,31,7,41
NE,68510,17,43,21,19
NE,68512,19,41,21,20
NE,68514,23,36,11,24
NE,68516,27,23,11,29
NE,68517,30,55,18,25
NE,68520,22,23,11,17
NE,68521,17,33,19,26
NE,68522,14,28,15,30
NE,68523,38,32,11,36
NE,68524,14,41,7,22
NE,68526,22,35,25,30
NE,68527,20,22,22,42
NE,68528,17,46,14,25
NE,68529,29,24,22,35
NE,68531,24,38,7,12
NE,68532,32,48,16,19
NE,68542,23,42,7,26
NE,68544,32,26,23,29
NE,68583,33,53,19,33
NE,68588,30,44,16,35
NE,68601,16,27,21,19
NE,68602,30,41,12,35
NE,68620,26,29,8,32
NE,68621,20,41,12,52
NE,68622,19,30,19,12
NE,68623,24,26,7,34
NE,68624,16,46,20,20
NE,68626,15,49,24,41
NE,68627,32,42,17,27
NE,68628,14,51,23,32
NE,68629,33,19,11,29
NE,68631,38,42,12,23
NE,68632,28,47,20,33
NE,68633,32,39,7,42
NE,68634,32,38,8,29
NE,68635,27,25,21,26
NE,68636,26,47,21,29
NE,68637,17,33,23,26
NE,68638,25,32,21,25
NE,68640,35,48,23,27
NE,68641,19,51,13,24
NE,68642,19,33,16,28
NE,68643,27,44,24,18
NE,68644,39,49,13,31
NE,68647,15,34,9,19
NE,68648,19,19,13,41
NE,68649,29,39,17,29
NE,68651,36,37,13,25
NE,68652,10,36,18,21
NE,68653,28,28,22,54
NE,68654,17,22,12,23
NE,68655,17,35,15,31
NE,68658,28,34,24,15
NE,68659,22,25,11,24
NE,68660,19,34,13,30
NE,68661,25,26,18,38
NE,68662,16,30,16,22
NE,68663,14,38,21,16
NE,68664,32,37,15,23
NE,68665,34,29,11,42
NE,68666,14,38,18,35
NE,68667,19,32,13,18
NE,68669,16,27,25,32
NE,68701,34,25,11,21
NE,68702,12,22,20,50
NE,68710,34,26,13,29
NE,68711,25,37,19,41
NE,68713,38,31,24,19
NE,68714,20,25,18,35
NE,68715,37,34,9,25
NE,68716,24,20,7,27
NE,68717,27,51,10,28
NE,68718,34,33,20,41
NE,68719,12,33,24,27
NE,68720,18,40,11,50
NE,68722,15,42,19,48
NE,68723,24,44,13,13
NE,68724,36,24,18,30
NE,68725,17,38,18,24
NE,68726,16,30,14,37
NE,68727,32,41,9,31
NE,68728,29,31,18,26
NE,68729,17,25,16,31
NE,68730,32,54,12,29
NE,68731,21,44,24,16
NE,68732,15,28,8,32
NE,68733,22,53,11,26
NE,68734,30,49,10,19
NE,68735,28,18,18,29
NE,68736,27,36,16,37
NE,68738,29,24,21,34
NE,68739,33,32,26,29
NE,68740,38,30,8,26
NE,68741,14,19,18,44
NE,68742,15,42,26,20
NE,68743,17,34,13,39
NE,68745,29,31,19,22
NE,68746,16,44,21,36
NE,68747,20,40,8,41
NE,68748,33,23,14,36
NE,68749,34,28,24,26
NE,68751,29,48,10,28
NE,68752,22,42,15,37
NE,68753,31,54,19,31
NE,68755,16,30,10,26
NE,68756,23,26,21,31
NE,68757,24,43,8,37
NE,68758,34,33,22,21
NE,68759,20,33,7,51
NE,68760,33,21,14,14
NE,68761,37,29,9,45
NE,68763,15,29,22,41
NE,68764,13,34,12,45
NE,68765,19,23,15,31
NE,68766,19,50,19,22
NE,68767,13,41,10,36
NE,68768,27,20,11,29
NE,68769,17,29,7,24
NE,68770,36,31,23,47
NE,68771,19,25,16,53
NE,68773,24,45,8,33
NE,68774,36,35,17,32
NE,68776,19,31,17,42
NE,68777,36,38,13,27
NE,68778,31,37,17,32
NE,68779,31,21,13,37
NE,68780,22,42,17,36
NE,68781,16,31,25,33
NE,68783,19,40,8,47
NE,68784,14,31,22,18
NE,68785,20,48,10,37
NE,68786,34,29,12,21
NE,68787,34,43,8,35
NE,68788,28,40,25,28
NE,68789,37,34,10,50
NE,68790,22,52,22,24
NE,68791,12,36,24,20
NE,68792,14,28,23,12
NE,68801,13,41,9,29
NE,68802,29,32,13,15
NE,68803,15,28,19,34
NE,68810,14,38,11,23
NE,68812,26,22,13,27
NE,68813,11,41,12,35
NE,68814,17,20,9,38
NE,68815,22,26,21,32
NE,68816,24,25,14,24
NE,68817,25,49,11,18
NE,68818,26,26,16,42
NE,68820,34,32,23,25
NE,68821,27,27,21,25
NE,68822,27,47,23,43
NE,68823,25,51,22,37
NE,68824,30,26,8,23
NE,68825,27,53,25,26
NE,68826,25,31,22,38
NE,68827,15,23,15,19
NE,68828,33,32,23,17
NE,68831,37,37,18,20
NE,68832,20,32,14,28
NE,68833,17,22,14,26
NE,68834,33,37,11,17
NE,68835,15,27,13,16
NE,68836,21,30,9,46
NE,68837,35,26,23,40
NE,68838,18,35,12,32
NE,68840,23,44,8,26
NE,68841,34,19,9,17
NE,68842,23,44,20,34
NE,68843,27,23,26,36
NE,68844,32,23,20,26
NE,68845,34,36,7,25
NE,68846,35,55,24,36
NE,68847,17,25,16,23
NE,68848,14,31,13,36
NE,68849,32,46,18,34
NE,68850,14,22,15,41
NE,68852,30,29,27,43
NE,68853,32,30,15,34
NE,68854,15,29,8,12
NE,68855,26,27,24,21
NE,68856,33,35,9,34
NE,68858,30,34,21,26
NE,68859,11,30,21,34
NE,68860,17,34,14,21
NE,68861,30,31,12,53
NE,68862,24,38,16,29
NE,68863,28,33,11,43
NE,68864,32,32,10,35
NE,68865,20,45,13,23
NE,68866,33,32,12,19
NE,68869,21,23,22,29
NE,68870,14,44,9,46
NE,68871,28,54,10,16
NE,68872,30,24,13,27
NE,68873,36,29,17,19
NE,68874,20,51,14,19
NE,68875,33,45,13,21
NE,68876,18,44,14,23
NE,68878,16,26,17,29
NE,68879,35,43,20,40
NE,68881,34,33,11,39
NE,68882,17,20,16,32
NE,68883,12,41,11,24
NE,68901,14,46,10,28
NE,68902,22,45,23,29
NE,68920,34,41,23,25
NE,68922,37,37,18,31
NE,68923,25,60,15,43
NE,68924,23,40,19,23
NE,68925,16,19,16,20
NE,68926,25,51,19,50
NE,68927,25,52,10,49
NE,68928,15,35,12,42
NE,68929,13,45,23,37
NE,68930,25,34,25,36
NE,68932,29,23,15,41
NE,68933,31,27,19,24
NE,68934,25,30,21,32
NE,68935,15,34,11,48
NE,68936,31,38,9,29
NE,68937,15,47,25,18
NE,68938,26,27,24,45
NE,68939,21,17,11,21
NE,68940,26,24,23,27
NE,68941,35,38,11,30
NE,68942,34,41,13,33
NE,68943,27,42,26,16
NE,68944,25,54,18,27
NE,68945,20,36,20,24
NE,68946,22,42,9,25
NE,68947,19,19,25,29
NE,68948,18,22,11,19
NE,68949,19,45,25,18
NE,68950,20,42,21,43
NE,68952,20,30,18,20
NE,68954,17,30,9,24
NE,68955,13,31,11,34
NE,68956,24,26,18,34
NE,68957,14,20,21,23
NE,68958,26,27,14,35
NE,68959,15,40,18,29
NE,68960,25,40,25,33
NE,68961,24,26,22,16
NE,68964,31,31,13,20
NE,68966,15,25,9,20
NE,68967,33,21,13,33
NE,68969,41,26,17,30
NE,68970,11,42,12,33
NE,68971,33,30,23,20
NE,68972,30,36,25,24
NE,68973,13,27,20,17
NE,68974,16,51,16,41
NE,68975,25,29,15,18
NE,68976,28,29,15,16
NE,68977,37,19,15,24
NE,68978,12,20,19,28
NE,68979,12,33,7,40
NE,68980,20,34,22,42
NE,68981,30,22,11,40
NE,68982,31,27,19,16
NE,69001,20,42,17,23
NE,69020,16,37,8,37
NE,69021,29,38,23,25
NE,69022,13,39,14,20
NE,69023,17,29,10,45
NE,69024,33,27,18,23
NE,69025,28,29,10,22
NE,69026,25,30,14,24
NE,69027,25,20,20,52
NE,69028,38,34,13,21
NE,69029,28,26,10,50
NE,69030,24,38,19,53
NE,69032,12,25,25,34
NE,69033,28,20,24,30
NE,69034,37,37,18,22
NE,69036,26,33,18,39
NE,69037,16,42,13,29
NE,69038,24,39,22,25
NE,69039,17,39,20,21
NE,69040,29,30,10,18
NE,69041,25,26,8,30
NE,69042,28,52,20,40
NE,69043,16,31,9,34
NE,69044,33,49,18,26
NE,69045,20,28,7,22
NE,69046,34,41,15,33
NE,69101,23,21,19,38
NE,69103,15,42,18,36
NE,69120,29,29,17,30
NE,69121,22,41,18,20
NE,69122,19,26,8,49
NE,69123,27,39,11,46
NE,69125,28,53,13,28
NE,69127,16,42,22,22
NE,69128,19,35,16,35
NE,69129,13,21,8,29
NE,69130,34,27,10,33
NE,69131,31,26,10,42
NE,69132,27,28,19,24
NE,69133,41,28,16,28
NE,69134,23,33,24,15
NE,69135,13,29,10,25
NE,69138,19,32,21,28
NE,69140,19,28,11,45
NE,69141,35,40,7,41
NE,69142,38,54,14,32
NE,69143,18,27,9,31
NE,69144,28,29,26,36
NE,69145,10,21,8,29
NE,69146,16,36,14,38
NE,69147,26,26,16,28
NE,69148,13,31,10,23
NE,69149,37,43,9,30
NE,69150,13,23,17,41
NE,69151,36,33,13,33
NE,69152,17,33,14,16
NE,69153,28,53,15,17
NE,69154,15,23,14,30
NE,69155,22,21,11,15
NE,69156,19,46,21,26
NE,69157,19,54,13,25
NE,69160,22,42,15,31
NE,69161,32,46,23,33
NE,69162,23,33,20,53
NE,69163,19,43,20,26
NE,69165,13,26,16,26
NE,69166,24,34,11,39
NE,69167,29,25,23,54
NE,69168,35,35,26,24
NE,69169,33,54,12,41
NE,69170,23,30,9,14
NE,69171,36,44,14,18
NE,69190,29,20,12,31
NE,69201,17,33,11,22
NE,69210,29,47,13,36
NE,69211,26,22,18,30
NE,69212,24,29,10,32
NE,69214,36,26,23,36
NE,69216,30,36,12,36
NE,69217,30,39,11,24
NE,69218,24,43,22,24
NE,69219,35,43,22,14
NE,69220,17,32,19,32
NE,69221,25,40,19,33
NE,69301,31,55,27,25
NE,69331,25,18,16,26
NE,69333,26,29,25,36
NE,69334,27,23,16,18
NE,69335,15,42,22,14
NE,69336,14,21,9,17
NE,69337,28,25,9,19
NE,69339,21,32,23,38
NE,69340,16,21,13,23
NE,69341,23,39,18,21
NE,69343,25,34,17,26
NE,69345,30,34,9,26
NE,69346,32,25,22,33
NE,69347,31,39,24,51
NE,69348,18,30,13,21
NE,69350,16,37,23,31
NE,69351,25,32,15,39
NE,69352,36,40,15,44
NE,69353,26,35,7,33
NE,69354,23,30,7,14
NE,69355,36,47,12,34
NE,69356,30,44,22,14
NE,69357,13,43,10,50
NE,69358,40,28,11,32
NE,69360,15,33,16,40
NE,69361,36,20,11,33
NE,69363,33,19,19,28
NE,69365,18,39,23,34
NE,69366,29,45,19,25
NE,69367,18,34,21,33
LA,70001,28,16,23,34
LA,70002,13,25,7,31
LA,70003,27,46,17,14
LA,70004,26,45,8,17
LA,70005,32,36,21,32
LA,70006,16,30,21,47
LA,70009,31,29,17,41
LA,70010,17,41,18,19
LA,70011,18,29,12,19
LA,70030,21,34,18,17
LA,70031,34,23,12,15
LA,70032,33,35,22,25
LA,70033,22,47,26,54
LA,70036,29,20,22,32
LA,70037,25,25,21,27
LA,70038,15,36,12,32
LA,70039,32,24,15,33
LA,70040,29,29,10,34
LA,70041,33,30,15,44
LA,70043,12,38,19,37
LA,70044,31,36,15,35
LA,70047,39,27,16,32
LA,70049,29,37,20,16
LA,70050,13,35,26,24
LA,70051,26,45,22,32
LA,70052,23,39,20,23
LA,70053,26,39,10,44
LA,70054,33,39,18,52
LA,70055,23,23,20,28
LA,70056,20,19,9,38
LA,70057,28,51,8,45
LA,70058,14,26,14,52
LA,70059,16,40,12,30
LA,70060,19,41,24,43
LA,70062,24,28,11,34
LA,70063,36,39,17,17
LA,70064,32,32,11,36
LA,70065,13,29,26,17
LA,70067,20,25,18,49
LA,70068,23,38,11,17
LA,70069,24,25,25,17
LA,70070,22,29,13,32
LA,70071,14,39,15,22
LA,70072,38,35,18,35
LA,70073,21,40,8,22
LA,70075,33,27,8,14
LA,70076,14,22,23,32
LA,70078,13,41,8,31
LA,70079,26,47,7,20
LA,70080,27,46,8,17
LA,70081,16,23,12,35
LA,70082,14,25,20,35
LA,70083,12,38,16,47
LA,70084,22,19,8,32
LA,70085,34,22,14,28
LA,70086,20,17,8,18
LA,70087,28,35,8,26
LA,70090,13,35,23,34
LA,70091,30,38,10,28
LA,70092,20,27,26,19
LA,70093,15,34,8,26
LA,70094,23,36,15,23
LA,70096,33,51,12,12
LA,70097,33,48,14,36
LA,70112,18,27,20,18
LA,70113,23,40,12,23
LA,70114,25,29,9,25
LA,70115,35,23,15,43
LA,70116,22,51,17,37
LA,70117,32,41,11,20
LA,70118,20,22,10,27
LA,70119,13,48,15,32
LA,70121,17,42,8,36
LA,70122,23,40,23,33
LA,70123,24,27,27,40
LA,70124,31,33,21,27
LA,70125,23,51,17,45
LA,70126,38,37,23,31
LA,70127,34,28,21,21
LA,70128,20,40,8,29
LA,70129,20,50,20,39
LA,70130,32,29,9,39
LA,70131,27,43,15,44
LA,70139,17,38,11,27
LA,70140,15,33,7,37
LA,70141,37,23,21,17
LA,70142,15,25,20,38
LA,70143,30,31,19,16
LA,70145,32,21,19,30
LA,70146,31,25,21,16
LA,70148,16,29,18,33
LA,70149,20,53,11,12
LA,70150,28,22,13,42
LA,70151,32,34,10,44
LA,70152,21,36,18,27
LA,70153,20,34,13,37
LA,70154,29,29,8,17
LA,70156,17,30,13,38
LA,70157,26,27,17,14
LA,70158,35,37,20,36
LA,70159,11,29,21,34
LA,70160,31,45,18,36
LA,70161,20,39,16,35
LA,70162,11,35,8,39
LA,70163,25,34,26,48
LA,70164,17,36,27,21
LA,70165,13,50,17,19
LA,70166,29,50,12,41
LA,70167,10,35,9,26
LA,70170,18,38,8,18
LA,70172,39,22,24,30
LA,70174,27,49,25,29
LA,70175,13,39,8,35
LA,70176,23,43,14,23
LA,70177,31,35,11,18
LA,70178,12,42,12,20
LA,70179,12,39,22,23
LA,70181,32,28,17,27
LA,70182,22,53,20,33
LA,70183,25,24,19,40
LA,70184,21,33,10,14
LA,70185,40,35,15,42
LA,70186,17,42,10,45
LA,70187,37,42,24,17
LA,70189,25,51,22,18
LA,70190,23,22,18,19
LA,70195,27,40,9,24
LA,70301,28,25,24,14
LA,70302,11,32,20,32
LA,70310,30,53,10,22
LA,70339,27,50,20,33
LA,70340,24,44,15,23
LA,70341,30,39,16,32
LA,70342,24,22,10,24
LA,70343,19,30,12,14
LA,70344,15,25,15,39
LA,70345,38,29,12,43
LA,70346,17,21,19,23
LA,70352,12,39,11,28
LA,70353,28,16,17,48
LA,70354,29,24,14,44
LA,70355,40,28,9,44
LA,70356,26,36,20,30
LA,70357,35,45,16,16
LA,70358,14,36,19,41
LA,70359,18,38,19,37
LA,70360,22,17,15,15
LA,70361,14,17,9,27
LA,70363,14,21,20,25
LA,70364,23,38,8,13
LA,70371,17,22,13,26
LA,70372,19,50,10,24
LA,70373,19,36,26,28
LA,70374,19,51,16,49
LA,70375,32,22,19,25
LA,70377,16,30,12,43
LA,70380,31,43,17,41
LA,70381,31,45,14,39
LA,70390,33,35,17,23
LA,70391,28,36,20,45
LA,70392,30,34,18,53
LA,70393,39,40,8,30
LA,70394,27,48,9,15
LA,70395,17,22,21,34
LA,70397,12,30,7,20
LA,70401,26,41,13,21
LA,70402,12,39,16,39
LA,70403,15,55,21,31
LA,70404,13,41,18,18
LA,70420,22,26,21,29
LA,70421,15,30,11,40
LA,70422,24,41,10,20
LA,70426,21,19,8,29
LA,70427,18,31,19,22
LA,70429,28,43,9,22
LA,70431,39,33,9,24
LA,70433,35,38,21,34
LA,70434,27,27,23,36
LA,70435,32,41,13,21
LA,70436,24,29,11,36
LA,70437,38,23,15,21
LA,70438,15,23,13,40
LA,70441,36,44,16,20
LA,70442,15,38,21,24
LA,70443,21,36,21,31
LA,70444,28,36,16,27
LA,70445,24,43,8,32
LA,70446,26,25,16,54
LA,70447,30,23,15,35
LA,70448,30,33,8,23
LA,70449,17,51,8,38
LA,70450,20,43,22,45
LA,70451,28,41,19,20
LA,70452,36,45,14,32
LA,70453,36,16,7,38
LA,70454,36,33,22,45
LA,70455,17,41,16,36
LA,70456,31,29,15,35
LA,70457,15,53,21,32
LA,70458,21,35,10,27
LA,70459,20,26,20,25
LA,70460,24,46,12,33
LA,70461,33,53,17,38
LA,70462,35,23,22,26
LA,70463,32,19,13,24
LA,70464,15,52,14,23
LA,70465,18,35,19,37
LA,70466,25,28,7,48
LA,70467,18,19,15,19
LA,70469,19,42,11,37
LA,70470,20,37,22,51
LA,70471,18,37,22,22
LA,70500,24,28,11,19
LA,70501,23,39,23,51
LA,70502,18,47,21,30
LA,70503,28,43,23,19
LA,70504,26,54,16,40
LA,70505,18,24,24,35
LA,70506,23,42,23,28
LA,70507,40,47,11,35
LA,70508,16,46,10,23
LA,70509,25,25,8,37
LA,70510,15,32,14,35
LA,70511,13,22,18,20
LA,70512,30,24,17,51
LA,70513,13,22,21,19
LA,70514,33,37,16,14
LA,70515,33,40,9,40
LA,70516,32,30,10,29
LA,70517,25,28,23,22
LA,70518,14,45,16,35
LA,70519,22,35,26,36
LA,70520,13,25,24,31
LA,70521,20,16,14,21
LA,70522,15,39,13,50
LA,70523,22,32,16,17
LA,70524,28,33,19,29
LA,70525,29,31,26,28
LA,70526,28,40,22,21
LA,70527,17,40,8,49
LA,70528,26,25,22,25
LA,70529,26,42,10,29
LA,70531,13,36,12,29
LA,70532,24,22,9,24
LA,70533,18,31,16,40
LA,70534,13,17,24,29
LA,70535,22,33,9,40
LA,70537,30,36,14,20
LA,70538,24,43,7,43
LA,70540,17,48,22,28
LA,70541,16,27,16,20
LA,70542,30,39,20,29
LA,70543,18,34,18,24
LA,70544,15,19,16,22
LA,70546,40,36,15,49
LA,70548,34,32,13,33
LA,70549,33,33,16,25
LA,70550,23,20,24,44
LA,70551,19,35,8,22
LA,70552,26,31,20,17
LA,70554,15,36,11,30
LA,70555,11,41,11,30
LA,70556,23,26,14,16
LA,70558,35,30,11,20
LA,70559,22,25,14,24
LA,70560,15,49,26,30
LA,70562,17,31,15,28
LA,70563,27,41,7,19
LA,70569,13,23,24,22
LA,70570,13,35,15,43
LA,70571,26,32,24,34
LA,70575,24,24,23,49
LA,70576,39,25,15,29
LA,70577,13,33,12,19
LA,70578,30,48,22,21
LA,70580,39,29,18,25
LA,70581,28,27,9,17
LA,70582,29,35,10,39
LA,70583,31,42,11,16
LA,70584,22,23,20,21
LA,70585,24,47,8,35
LA,70586,33,23,22,34
LA,70589,31,48,22,26
LA,70591,18,23,22,19
LA,70592,17,34,13,19
LA,70593,19,35,22,19
LA,70595,18,40,9,40
LA,70596,23,41,8,20
LA,70598,26,24,10,37
LA,70601,14,33,10,40
LA,70602,32,30,19,33
LA,70605,24,30,13,23
LA,70606,21,27,11,25
LA,70607,35,24,22,37
LA,70609,21,31,8,17
LA,70611,13,43,11,15
LA,70612,27,24,14,29
LA,70615,32,41,20,17
LA,70616,17,23,25,15
LA,70629,22,38,19,21
LA,70630,38,30,18,41
LA,70631,25,35,16,37
LA,70632,32,30,13,39
LA,70633,33,25,9,52
LA,70634,32,35,21,28
LA,70637,19,33,11,35
LA,70638,14,35,15,32
LA,70639,26,46,19,16
LA,70640,22,27,13,36
LA,70643,16,50,21,46
LA,70644,17,39,20,17
LA,70645,29,38,19,22
LA,70646,13,22,14,44
LA,70647,26,26,7,43
LA,70648,26,32,20,27
LA,70650,36,24,10,23
LA,70651,37,35,10,41
LA,70652,28,27,13,46
LA,70653,27,27,18,22
LA,70654,20,45,23,51
LA,70655,29,26,15,28
LA,70656,16,30,24,44
LA,70657,27,53,18,23
LA,70658,18,44,14,19
LA,70659,13,48,25,46
LA,70660,31,42,12,36
LA,70661,14,34,15,27
LA,70662,33,27,7,31
LA,70663,32,45,13,20
LA,70664,33,28,12,23
LA,70665,14,33,23,33
LA,70668,40,37,21,32
LA,70669,28,24,14,40
LA,70704,20,25,7,45
LA,70706,23,29,16,33
LA,70707,32,21,19,35
LA,70710,20,29,18,18
LA,70711,27,20,8,19
LA,70712,27,40,18,38
LA,70714,12,27,24,25
LA,70715,22,19,23,43
LA,70718,29,28,13,34
LA,70719,23,37,11,52
LA,70721,21,49,26,44
LA,70722,30,28,10,23
LA,70723,32,30,9,48
LA,70725,16,57,22,32
LA,70726,29,31,13,28
LA,70727,24,34,22,26
LA,70728,30,31,13,20
LA,70729,39,49,10,15
LA,70730,11,22,26,49
LA,70732,29,40,24,31
LA,70733,28,34,11,39
LA,70734,11,28,17,26
LA,70736,15,34,24,44
LA,70737,20,23,23,32
LA,70738,31,28,23,27
LA,70739,18,43,9,16
LA,70740,25,43,11,39
LA,70743,30,16,23,35
LA,70744,33,30,7,30
LA,70747,18,34,22,32
LA,70748,30,27,14,33
LA,70749,31,37,10,31
LA,70750,31,50,20,41
LA,70752,28,21,24,48
LA,70753,28,28,13,51
LA,70754,15,38,22,23
LA,70755,24,40,14,28
LA,70756,29,27,22,42
LA,70757,14,37,10,16
LA,70759,21,19,17,33
LA,70760,14,46,12,44
LA,70761,25,20,25,40
LA,70762,33,18,25,16
LA,70763,29,24,14,38
LA,70764,19,23,13,36
LA,70765,18,34,15,21
LA,70767,21,44,17,33
LA,70769,16,38,20,34
LA,70770,20,44,22,20
LA,70772,16,23,13,35
LA,70773,22,26,23,31
LA,70774,20,28,14,48
LA,70775,40,27,13,20
LA,70776,21,16,9,26
LA,70777,35,36,8,39
LA,70778,25,19,24,19
LA,70780,29,33,11,45
LA,70782,32,50,14,37
LA,70783,26,23,8,17
LA,70784,14,18,15,43
LA,70785,17,28,18,31
LA,70786,14,45,19,19
LA,70787,18,34,10,27
LA,70788,33,43,17,35
LA,70789,31,32,19,43
LA,70791,34,29,23,31
LA,70792,31,30,17,25
LA,70801,28,39,20,43
LA,70802,33,37,23,22
LA,70803,15,28,17,33
LA,70804,24,48,18,26
LA,70805,29,27,21,26
LA,70806,14,21,21,25
LA,70807,17,35,24,22
LA,70808,33,19,22,26
LA,70809,34,27,14,37
LA,70810,16,27,16,42
LA,70811,22,38,21,24
LA,70812,20,28,14,42
LA,70813,37,29,21,20
LA,70814,15,38,17,34
LA,70815,21,29,22,31
LA,70816,14,34,8,37
LA,70817,34,25,25,37
LA,70818,19,26,23,18
LA,70819,33,51,19,39
LA,70820,27,31,16,23
LA,70821,21,28,13,29
LA,70822,24,41,21,20
LA,70823,32,50,17,39
LA,70825,24,44,18,34
LA,70826,12,31,8,31
LA,70827,31,19,16,20
LA,70831,16,40,23,25
LA,70833,12,21,22,49
LA,70835,11,35,19,20
LA,70836,32,21,22,23
LA,70837,40,41,15,25
LA,70873,32,46,7,36
LA,70874,37,43,9,22
LA,70879,30,47,20,41
LA,70883,13,28,24,49
LA,70884,30,34,10,28
LA,70891,29,32,24,29
LA,70892,12,28,11,28
LA,70893,22,41,7,32
LA,70894,14,48,14,25
LA,70895,29,29,14,54
LA,70896,17,27,20,22
LA,70898,18,25,21,18
LA,71001,29,29,23,12
LA,71002,23,28,13,27
LA,71003,18,42,18,20
LA,71004,24,48,7,35
LA,71006,20,21,7,16
LA,71007,17,18,16,37
LA,71008,32,23,13,41
LA,71009,41,40,17,13
LA,71016,11,29,14,19
LA,71018,14,22,26,42
LA,71019,28,19,22,25
LA,71021,17,45,22,37
LA,71023,16,27,14,28
LA,71024,11,52,14,19
LA,71027,40,46,23,16
LA,71028,20,21,8,24
LA,71029,25,28,16,39
LA,71030,24,37,12,23
LA,71031,13,26,13,36
LA,71032,33,31,11,14
LA,71033,25,38,19,25
LA,71034,16,26,11,36
LA,71037,30,35,24,29
LA,71038,23,42,9,37
LA,71039,20,26,15,45
LA,71040,16,18,17,31
LA,71043,16,38,14,20
LA,71044,18,39,16,18
LA,71045,15,38,11,25
LA,71046,33,32,23,33
LA,71047,16,33,14,16
LA,71048,17,30,11,25
LA,71049,18,21,23,44
LA,71050,21,38,13,28
LA,71051,17,25,8,22
LA,71052,17,20,11,21
LA,71055,25,26,7,39
LA,71058,23,34,12,43
LA,71060,22,26,10,26
LA,71061,20,35,16,26
LA,71063,27,29,15,38
LA,71064,36,37,10,26
LA,71065,32,43,9,20
LA,71066,38,40,16,19
LA,71067,21,36,23,29
LA,71068,12,34,17,38
LA,71069,23,24,16,28
LA,71070,38,29,8,39
LA,71071,32,49,26,29
LA,71072,21,44,12,26
LA,71073,29,30,18,24
LA,71075,25,33,17,21
LA,71078,22,31,15,31
LA,71079,36,44,17,47
LA,71080,26,41,8,36
LA,71082,17,35,20,38
LA,71101,35,24,21,25
LA,71102,13,29,8,25
LA,71103,11,36,20,14
LA,71104,20,40,8,25
LA,71105,38,41,19,21
LA,71106,20,33,8,24
LA,71107,15,33,16,20
LA,71108,19,27,13,41
LA,71109,32,37,22,22
LA,71110,12,23,14,20
LA,71111,16,24,16,17
LA,71112,24,21,9,50
LA,71113,18,30,16,52
LA,71115,34,56,12,45
LA,71118,22,44,12,41
LA,71119,34,31,16,33
LA,71120,28,33,12,41
LA,71129,22,22,11,53
LA,71130,26,39,17,28
LA,71133,30,30,13,53
LA,71134,25,50,24,27
LA,71135,21,35,17,33
LA,71136,26,37,16,30
LA,71137,17,40,11,16
LA,71138,18,34,21,29
LA,71148,35,26,14,25
LA,71149,30,57,14,45
LA,71150,22,37,13,52
LA,71151,13,35,21,37
LA,71152,32,36,18,36
LA,71153,34,48,9,37
LA,71154,15,30,20,16
LA,71156,28,43,19,34
LA,71161,28,35,16,35
LA,71162,29,33,21,16
LA,71163,27,22,14,36
LA,71164,38,41,22,31
LA,71165,24,24,25,33
LA,71166,15,32,21,22
LA,71171,17,42,18,17
LA,71172,27,52,14,33
LA,71201,33,33,12,27
LA,71202,19,56,13,40
LA,71203,12,24,18,18
LA,71207,24,39,11,17
LA,71208,17,29,13,32
LA,71209,19,19,10,25
LA,71210,20,40,21,20
LA,71211,15,27,19,34
LA,71212,13,22,23,39
LA,71213,26,43,14,27
LA,71217,35,21,17,32
LA,71218,18,36,13,37
LA,71219,25,25,9,44
LA,71220,35,17,15,17
LA,71221,24,24,11,37
LA,71222,29,43,11,24
LA,71223,22,26,26,45
LA,71225,26,34,16,33
LA,71226,27,45,14,22
LA,71227,25,39,11,20
LA,71229,16,34,24,33
LA,71230,17,39,20,28
LA,71232,28,38,20,30
LA,71233,28,23,17,41
LA,71234,21,29,14,14
LA,71235,37,30,13,36
LA,71237,24,17,15,17
LA,71238,28,37,17,41
LA,71240,26,22,17,24
LA,71241,16,51,20,34
LA,71242,25,17,12,40
LA,71243,37,46,11,13
LA,71245,28,24,18,35
LA,71247,35,25,21,46
LA,71249,12,39,8,27
LA,71250,34,38,8,23
LA,71251,28,37,11,32
LA,71253,41,26,7,50
LA,71254,30,30,15,17
LA,71256,13,25,8,30
LA,71259,22,48,20,19
LA,71260,18,29,16,15
LA,71261,30,23,15,17
LA,71263,18,48,23,29
LA,71264,22,31,10,34
LA,71266,13,32,22,46
LA,71268,24,25,8,15
LA,71269,29,17,15,54
LA,71270,33,28,24,29
LA,71272,23,27,19,31
LA,71273,40,25,12,38
LA,71275,22,24,16,18
LA,71276,36,51,8,43
LA,71277,19,22,24,22
LA,71279,28,49,7,48
LA,71280,22,24,22,36
LA,71281,20,27,19,23
LA,71282,16,35,15,27
LA,71284,37,45,27,45
LA,71286,23,31,12,24
LA,71291,26,51,15,20
LA,71292,36,29,23,24
LA,71294,30,35,16,35
LA,71295,38,39,16,47
LA,71301,26,37,13,21
LA,71302,31,35,24,36
LA,71303,15,39,22,16
LA,71306,34,28,13,48
LA,71307,14,43,23,47
LA,71309,23,31,12,49
LA,71315,27,30,13,50
LA,71316,30,22,10,25
LA,71320,23,41,20,39
LA,71322,23,27,7,34
LA,71323,37,22,21,42
LA,71324,18,24,21,13
LA,71325,19,31,22,24
LA,71326,18,19,18,30
LA,71327,36,29,25,30
LA,71328,24,49,12,38
LA,71329,17,35,25,19
LA,71330,25,32,16,40
LA,71331,25,36,19,36
LA,71333,23,29,19,24
LA,71334,30,30,19,50
LA,71336,29,44,13,21
LA,71339,17,24,22,21
LA,71340,28,20,18,15
LA,71341,29,35,9,29
LA,71342,31,33,8,22
LA,71343,33,27,11,22
LA,71345,20,33,21,19
LA,71346,19,35,20,39
LA,71348,13,30,13,15
LA,71350,14,35,24,19
LA,71351,22,25,25,20
LA,71353,35,51,21,43
LA,71354,13,31,22,15
LA,71355,18,35,17,24
LA,71356,18,50,12,40
LA,71357,18,31,7,26
LA,71358,25,49,7,55
LA,71359,33,34,17,37
LA,71360,34,39,14,27
LA,71361,17,29,19,23
LA,71362,37,27,24,18
LA,71363,29,37,7,44
LA,71365,13,26,10,28
LA,71366,20,35,22,36
LA,71367,34,35,18,34
LA,71368,29,30,10,16
LA,71369,29,30,25,38
LA,71371,27,33,18,39
LA,71373,30,28,10,55
LA,71375,19,25,7,26
LA,71377,12,24,24,24
LA,71378,24,42,10,28
LA,71401,26,29,14,40
LA,71403,30,40,12,20
LA,71404,36,46,36,50
LA,71405,33,49,11,28
LA,71406,19,35,25,29
LA,71407,30,25,21,36
LA,71409,24,42,25,25
LA,71410,37,48,12,44
LA,71411,12,33,14,26
LA,71414,14,24,17,15
LA,71415,27,44,21,27
LA,71416,33,29,25,22
LA,71417,23,41,13,28
LA,71418,19,40,20,33
LA,71419,25,35,12,49
LA,71422,26,40,20,22
LA,71423,19,29,23,33
LA,71424,18,31,18,43
LA,71425,14,54,21,24
LA,71426,25,27,10,42
LA,71427,21,40,8,33
LA,71428,17,24,12,35
LA,71429,23,19,11,41
LA,71430,15,32,15,27
LA,71431,35,32,18,36
LA,71432,25,35,19,29
LA,71433,33,26,18,39
LA,71434,24,31,19,19
LA,71435,21,35,19,24
LA,71438,19,22,18,20
LA,71439,13,45,25,35
LA,71440,22,19,19,44
LA,71441,11,22,27,30
LA,71443,26,30,11,31
LA,71446,33,21,9,15
LA,71447,40,22,13,16
LA,71448,16,20,8,21
LA,71449,29,55,10,17
LA,71450,15,38,10,36
LA,71452,25,24,27,29
LA,71454,18,33,15,35
LA,71455,30,41,21,40
LA,71456,24,26,10,52
LA,71457,14,44,25,44
LA,71458,27,34,13,37
LA,71459,25,57,8,34
LA,71460,14,31,18,42
LA,71461,17,25,9,47
LA,71462,17,29,22,16
LA,71463,24,39,15,32
LA,71465,13,53,15,33
LA,71466,32,36,23,31
LA,71467,16,25,19,40
LA,71468,17,39,9,27
LA,71469,28,20,16,25
LA,71471,13,34,7,43
LA,71472,11,42,14,41
LA,71473,26,46,21,32
LA,71474,30,33,20,23
LA,71475,16,32,9,36
LA,71477,19,48,27,38
LA,71479,19,40,11,17
LA,71480,34,28,9,14
LA,71483,25,45,14,33
LA,71485,20,26,19,40
LA,71486,24,33,22,20
LA,71496,38,53,13,19
LA,71497,25,37,10,22
AR,71601,18,32,13,26
AR,71602,17,26,17,32
AR,71603,32,30,23,25
AR,71611,22,25,10,34
AR,71612,32,32,14,24
AR,71613,30,56,12,22
AR,71630,16,26,18,39
AR,71631,35,45,24,43
AR,71635,28,20,18,45
AR,71638,20,47,7,28
AR,71639,16,22,11,36
AR,71640,28,25,8,25
AR,71642,22,28,12,27
AR,71643,19,45,15,17
AR,71644,24,18,17,44
AR,71646,35,39,21,30
AR,71647,32,41,21,27
AR,71651,15,26,17,13
AR,71652,16,29,18,20
AR,71653,31,49,9,45
AR,71654,13,46,13,17
AR,71655,15,18,9,28
AR,71656,30,19,20,16
AR,71657,16,41,13,37
AR,71658,18,45,15,32
AR,71659,22,20,16,22
AR,71660,17,42,20,28
AR,71661,33,53,16,40
AR,71662,14,27,9,33
AR,71663,33,28,16,24
AR,71665,29,24,16,22
AR,71666,19,18,7,26
AR,71667,27,28,18,17
AR,71670,29,23,24,33
AR,71671,21,17,25,18
AR,71674,17,48,15,34
AR,71675,24,43,19,33
AR,71676,23,52,13,26
AR,71677,19,22,18,31
AR,71678,13,52,14,30
AR,71701,19,27,12,18
AR,71711,23,42,14,38
AR,71720,31,40,11,18
AR,71721,28,45,16,18
AR,71722,29,38,13,37
AR,71724,21,42,24,18
AR,71725,33,48,18,29
AR,71726,14,30,16,36
AR,71728,20,38,13,30
AR,71730,34,53,21,39
AR,71731,15,49,17,49
AR,71740,12,18,19,25
AR,71742,40,46,25,15
AR,71743,20,31,21,22
AR,71744,20,44,12,45
AR,71745,17,30,10,16
AR,71747,36,17,9,23
AR,71748,28,48,13,26
AR,71749,23,31,15,36
AR,71750,26,47,12,16
AR,71751,34,28,11,34
AR,71752,29,53,10,43
AR,71753,17,41,13,43
AR,71754,13,24,25,24
AR,71758,26,43,11,24
AR,71759,26,34,12,44
AR,71762,14,31,19,24
AR,71763,37,46,24,24
AR,71764,17,31,17,20
AR,71765,39,25,17,38
AR,71766,12,25,11,20
AR,71768,17,34,21,24
AR,71770,26,23,9,36
AR,71772,12,28,18,29
AR,71801,22,44,19,28
AR,71802,24,47,20,33
AR,71820,30,37,14,32
AR,71822,17,28,22,23
AR,71823,37,34,21,28
AR,71825,27,20,13,32
AR,71826,17,52,14,29
AR,71827,11,32,11,40
AR,71828,17,41,11,42
AR,71831,26,29,18,48
AR,71832,20,25,20,38
AR,71833,32,49,16,36
AR,71834,15,27,20,28
AR,71835,31,38,22,15
AR,71836,35,35,22,42
AR,71837,35,28,16,43
AR,71838,37,22,13,20
AR,71839,21,26,15,30
AR,71840,27,33,12,18
AR,71841,19,37,16,24
AR,71842,23,24,21,36
AR,71844,13,35,8,26
AR,71845,21,54,16,34
AR,71846,29,33,20,48
AR,71847,20,39,15,40
AR,71851,21,23,18,37
AR,71852,26,25,14,31
AR,71853,28,36,17,41
AR,71854,25,45,22,20
AR,71855,20,42,20,23
AR,71857,12,18,16,23
AR,71858,22,52,22,20
AR,71859,35,45,17,25
AR,71860,22,42,9,19
AR,71861,29,25,18,21
AR,71862,25,32,22,19
AR,71864,31,55,16,31
AR,71865,12,30,9,55
AR,71866,29,30,18,20
AR,71901,33,33,19,37
AR,71902,40,37,21,25
AR,71903,40,25,7,25
AR,71909,29,35,12,23
AR,71910,34,41,9,24
AR,71913,35,26,14,22
AR,71914,20,41,15,25
AR,71920,18,40,23,43
AR,71921,30,36,18,36
AR,71922,21,22,21,41
AR,71923,31,36,8,31
AR,71929,23,29,23,18
AR,71932,32,21,9,21
AR,71933,21,44,16,41
AR,71935,17,47,15,22
AR,71937,20,27,13,19
AR,71940,18,44,24,36
AR,71941,30,50,14,21
AR,71942,22,25,23,20
AR,71943,25,29,15,51
AR,71944,34,39,8,21
AR,71945,31,34,13,44
AR,71949,19,51,16,13
AR,71950,17,36,14,25
AR,71951,21,26,11,41
AR,71952,12,20,10,41
AR,71953,28,18,20,18
AR,71956,24,25,8,28
AR,71957,31,35,10,45
AR,71958,36,19,16,17
AR,71959,33,30,10,41
AR,71960,12,25,22,40
AR,71961,34,19,23,41
AR,71962,15,21,21,19
AR,71964,39,33,21,21
AR,71965,17,47,11,41
AR,71966,26,26,19,23
AR,71968,15,36,21,41
AR,71969,31,37,25,42
AR,71970,27,16,21,44
AR,71971,14,51,10,46
AR,71972,11,32,13,47
AR,71973,22,41,15,20
AR,71998,19,41,20,34
AR,71999,29,46,8,34
AR,72001,31,36,18,28
AR,72002,31,45,9,32
AR,72003,25,33,7,35
AR,72004,18,38,21,36
AR,72005,11,32,10,24
AR,72006,17,27,20,25
AR,72007,24,48,19,19
AR,72010,27,48,9,41
AR,72011,24,32,9,22
AR,72012,20,43,21,27
AR,72013,31,18,21,21
AR,72014,29,26,23,16
AR,72015,15,26,21,17
AR,72016,32,32,7,24
AR,72017,40,29,12,32
AR,72018,29,34,10,31
AR,72019,12,53,18,20
AR,72020,28,39,26,22
AR,72021,27,45,20,19
AR,72022,14,28,22,37
AR,72023,12,30,18,16
AR,72024,21,24,13,22
AR,72025,26,27,10,31
AR,72026,35,35,25,27
AR,72027,26,35,26,33
AR,72028,18,24,17,26
AR,72029,19,17,16,25
AR,72030,31,37,26,16
AR,72031,34,40,10,26
AR,72032,13,26,9,24
AR,72033,34,43,24,32
AR,72034,31,26,13,12
AR,72035,15,28,25,24
AR,72036,13,32,8,20
AR,72037,28,44,25,41
AR,72038,28,18,18,27
AR,72039,26,50,20,33
AR,72040,15,38,15,22
AR,72041,32,32,10,52
AR,72042,18,43,10,16
AR,72043,23,49,25,29
AR,72044,18,19,22,28
AR,72045,24,27,20,15
AR,72046,30,22,13,21
AR,72047,31,28,18,54
AR,72048,40,21,14,35
AR,72051,24,26,21,34
AR,72052,26,19,17,28
AR,72053,36,24,14,27
AR,72055,21,29,17,34
AR,72057,35,31,17,51
AR,72058,29,21,20,18
AR,72059,21,40,24,17
AR,72060,30,44,10,14
AR,72061,28,38,24,17
AR,72063,18,27,10,17
AR,72064,20,25,11,21
AR,72065,38,53,24,33
AR,72066,33,41,22,22
AR,72067,13,24,24,28
AR,72068,34,25,16,47
AR,72069,18,42,14,33
AR,72070,23,32,26,28
AR,72072,14,47,20,52
AR,72073,17,45,15,23
AR,72074,27,39,25,28
AR,72075,31,31,17,19
AR,72076,27,24,12,30
AR,72078,27,33,17,25
AR,72079,29,35,15,28
AR,72080,19,38,12,14
AR,72081,14,35,12,40
AR,72082,22,41,14,32
AR,72083,16,45,11,25
AR,72084,36,22,16,17
AR,72085,34,35,13,16
AR,72086,36,45,26,20
AR,72087,28,23,14,41
AR,72088,26,23,15,26
AR,72089,30,25,17,18
AR,72099,13,33,7,17
AR,72101,40,29,26,27
AR,72102,29,38,22,46
AR,72103,19,24,21,25
AR,72104,35,42,25,20
AR,72105,22,23,21,31
AR,72106,29,32,11,22
AR,72107,15,27,19,19
AR,72108,32,21,14,34
AR,72110,31,33,10,42
AR,72111,13,25,16,32
AR,72112,38,43,19,18
AR,72113,34,40,15,28
AR,72114,25,26,21,41
AR,72115,20,26,15,23
AR,72116,27,37,17,22
AR,72117,36,40,16,31
AR,72118,12,31,20,31
AR,72119,16,26,21,28
AR,72120,22,28,23,41
AR,72121,38,40,12,25
AR,72122,11,31,22,30
AR,72123,12,35,14,18
AR,72124,23,36,16,22
AR,72125,29,22,18,33
AR,72126,13,35,13,22
AR,72127,12,35,11,23
AR,72128,28,43,22,43
AR,72129,26,44,10,23
AR,72130,13,29,15,31
AR,72131,27,41,9,31
AR,72132,21,22,13,22
AR,72133,11,18,13,36
AR,72134,14,46,20,34
AR,72135,17,28,21,35
AR,72136,20,36,19,34
AR,72137,16,20,8,31
AR,72139,15,28,23,20
AR,72140,28,22,17,14
AR,72141,34,40,21,42
AR,72142,18,43,9,27
AR,72143,20,36,21,18
AR,72145,31,44,21,47
AR,72149,31,47,19,36
AR,72150,20,26,15,51
AR,72152,27,17,26,36
AR,72153,29,27,19,23
AR,72156,38,27,15,18
AR,72157,30,44,16,38
AR,72158,16,23,21,18
AR,72160,25,26,14,44
AR,72164,30,35,15,39
AR,72165,33,41,13,28
AR,72166,36,37,21,51
AR,72167,24,31,15,44
AR,72168,32,39,17,40
AR,72169,14,34,23,28
AR,72170,19,41,9,27
AR,72173,28,42,9,46
AR,72175,16,25,7,37
AR,72176,40,30,15,28
AR,72178,13,34,12,32
AR,72179,22,30,18,21
AR,72180,16,25,24,25
AR,72181,31,33,10,22
AR,72182,25,30,26,25
AR,72183,32,23,20,18
AR,72189,19,36,22,47
AR,72190,23,27,15,44
AR,72198,17,37,23,14
AR,72199,40,42,10,21
AR,72201,24,41,7,44
AR,72202,31,51,12,37
AR,72203,31,24,22,32
AR,72204,23,56,17,30
AR,72205,14,26,22,26
AR,72206,18,41,22,39
AR,72207,29,37,18,23
AR,72209,32,24,12,15
AR,72210,29,21,7,19
AR,72211,24,36,8,21
AR,72212,32,44,24,24
AR,72214,27,29,18,39
AR,72215,30,26,14,39
AR,72216,14,23,22,24
AR,72217,14,50,11,26
AR,72219,38,25,22,33
AR,72221,26,31,16,29
AR,72222,21,37,14,53
AR,72223,30,55,18,38
AR,72225,33,45,9,23
AR,72227,33,41,15,44
AR,72231,20,21,17,20
AR,72255,23,46,13,21
AR,72260,29,37,17,21
AR,72295,15,25,23,19
AR,72301,13,17,21,37
AR,72303,23,31,12,24
AR,72310,25,47,19,40
AR,72311,18,22,15,28
AR,72312,15,25,9,33
AR,72313,22,52,21,33
AR,72315,32,31,23,41
AR,72316,22,22,20,28
AR,72319,39,34,19,33
AR,72320,12,29,21,37
AR,72321,16,35,14,40
AR,72322,23,24,17,30
AR,72324,13,47,19,29
AR,72325,34,29,25,24
AR,72326,30,20,20,27
AR,72327,26,39,24,23
AR,72328,20,41,11,21
AR,72329,24,20,17,26
AR,72330,10,41,8,27
AR,72331,33,31,16,32
AR,72332,22,31,23,26
AR,72333,21,44,23,16
AR,72335,18,27,19,14
AR,72336,17,33,13,30
AR,72338,15,41,9,31
AR,72339,13,36,18,26
AR,72340,27,30,8,37
AR,72341,34,53,19,27
AR,72342,36,30,24,25
AR,72346,22,37,18,32
AR,72347,33,36,11,45
AR,72348,28,27,23,13
AR,72350,36,30,20,42
AR,72351,19,30,15,30
AR,72352,26,54,25,30
AR,72353,25,28,7,16
AR,72354,18,26,24,18
AR,72355,30,24,11,30
AR,72358,23,48,22,29
AR,72359,18,35,20,31
AR,72360,11,21,19,18
AR,72364,19,41,18,20
AR,72365,25,27,8,28
AR,72366,16,27,11,33
AR,72367,27,29,13,31
AR,72368,21,43,21,25
AR,72369,29,42,19,23
AR,72370,36,40,23,29
AR,72372,29,40,8,17
AR,72373,28,44,11,33
AR,72374,14,47,23,24
AR,72376,22,35,15,26
AR,72377,37,52,21,40
AR,72379,20,51,21,22
AR,72383,24,37,12,24
AR,72384,27,36,7,33
AR,72386,28,38,10,46
AR,72387,37,44,23,28
AR,72389,25,52,8,52
AR,72390,28,36,8,26
AR,72391,18,40,16,25
AR,72392,38,33,21,26
AR,72394,24,56,18,48
AR,72395,28,43,9,33
AR,72396,37,33,13,31
AR,72401,23,34,23,36
AR,72402,39,33,15,15
AR,72403,13,32,10,17
AR,72404,13,36,13,16
AR,72405,16,22,23,28
AR,72410,22,30,10,50
AR,72411,27,30,12,17
AR,72412,32,36,16,18
AR,72413,34,27,13,28
AR,72414,27,41,16,24
AR,72415,13,41,9,24
AR,72416,19,34,11,29
AR,72417,38,49,16,40
AR,72419,31,33,16,46
AR,72421,37,38,19,25
AR,72422,31,51,14,30
AR,72424,20,35,17,34
AR,72425,31,37,13,37
AR,72426,35,40,10,20
AR,72427,19,47,16,24
AR,72428,19,27,9,46
AR,72429,28,27,9,25
AR,72430,26,50,19,47
AR,72431,30,39,19,31
AR,72432,13,32,23,25
AR,72433,25,27,25,45
AR,72434,23,28,8,15
AR,72435,24,29,10,26
AR,72436,21,48,20,21
AR,72437,29,29,11,12
AR,72438,15,33,14,21
AR,72439,25,32,26,12
AR,72440,11,32,18,19
AR,72441,31,29,7,28
AR,72442,17,37,15,44
AR,72443,13,34,13,39
AR,72444,11,48,18,31
AR,72445,32,32,12,25
AR,72447,17,43,9,19
AR,72449,32,17,19,45
AR,72450,20,39,14,47
AR,72451,12,27,21,16
AR,72453,17,28,9,32
AR,72454,35,28,21,36
AR,72455,31,28,17,33
AR,72456,24,29,17,33
AR,72457,32,42,17,38
AR,72458,23,27,7,31
AR,72459,28,39,21,50
AR,72460,24,30,11,22
AR,72461,33,36,10,15
AR,72462,26,37,19,27
AR,72464,29,22,19,33
AR,72465,37,32,19,41
AR,72466,31,38,26,26
AR,72467,20,40,17,18
AR,72469,25,30,19,18
AR,72470,34,51,10,20
AR,72471,21,28,19,18
AR,72472,22,40,16,31
AR,72473,20,38,14,21
AR,72474,35,28,10,26
AR,72475,30,19,18,34
AR,72476,13,35,21,38
AR,72478,35,49,10,35
AR,72479,28,27,11,41
AR,72482,37,35,7,39
AR,72501,25,36,16,23
AR,72503,13,34,22,38
AR,72512,12,40,20,31
AR,72513,18,44,17,32
AR,72515,16,18,8,22
AR,72517,30,33,9,20
AR,72519,24,45,12,41
AR,72520,19,38,25,37
AR,72521,37,35,16,23
AR,72522,16,32,10,35
AR,72523,36,25,15,51
AR,72524,17,46,10,41
AR,72525,29,42,23,39
AR,72526,31,29,22,30
AR,72527,38,36,22,37
AR,72528,16,30,8,32
AR,72529,31,35,12,13
AR,72530,26,58,9,39
AR,72531,24,36,8,27
AR,72532,29,28,13,23
AR,72533,27,26,19,21
AR,72534,11,40,9,47
AR,72536,34,53,21,15
AR,72537,34,49,24,31
AR,72538,27,23,21,21
AR,72539,22,27,22,43
AR,72540,33,42,13,40
AR,72542,22,30,8,31
AR,72543,15,28,15,37
AR,72544,30,22,16,22
AR,72545,28,41,15,30
AR,72546,17,37,7,46
AR,72550,25,30,8,43
AR,72553,20,21,22,41
AR,72554,21,31,10,13
AR,72555,25,25,9,49
AR,72556,21,17,20,36
AR,72560,22,26,12,23
AR,72561,22,21,24,19
AR,72562,18,28,11,24
AR,72564,16,35,10,22
AR,72565,26,36,21,15
AR,72566,30,42,15,16
AR,72567,22,50,19,37
AR,72568,13,38,19,34
AR,72569,22,28,19,38
AR,72571,36,23,12,43
AR,72572,12,46,12,26
AR,72573,17,48,14,47
AR,72575,17,35,23,41
AR,72576,36,25,18,27
AR,72577,17,27,13,15
AR,72578,26,38,14,34
AR,72579,20,30,13,27
AR,72581,24,31,9,46
AR,72583,17,42,12,51
AR,72584,21,39,12,41
AR,72585,36,24,16,16
AR,72587,33,38,13,43
AR,72601,15,37,20,24
AR,72602,19,40,7,47
AR,72611,22,31,15,17
AR,72613,13,39,15,24
AR,72615,36,54,20,25
AR,72616,29,30,15,24
AR,72617,13,39,27,22
AR,72619,17,45,23,31
AR,72623,28,46,23,36
AR,72624,31,32,21,37
AR,72626,12,24,16,15
AR,72628,16,37,20,14
AR,72629,26,37,15,41
AR,72630,17,23,16,39
AR,72631,29,35,15,53
AR,72632,19,31,12,17
AR,72633,21,32,20,22
AR,72634,19,45,21,46
AR,72635,22,44,23,22
AR,72636,21,41,23,55
AR,72638,24,39,15,41
AR,72639,28,25,16,14
AR,72640,17,25,8,30
AR,72641,23,21,14,52
AR,72642,22,27,22,38
MO,72643,29,46,16,32
AR,72644,20,23,16,35
AR,72645,16,30,10,19
AR,72648,33,18,19,46
AR,72650,16,33,15,27
AR,72651,33,26,26,37
AR,72653,27,32,13,32
AR,72654,31,35,19,41
AR,72655,29,25,16,23
AR,72657,14,45,12,33
AR,72658,27,24,19,24
AR,72659,18,32,8,20
AR,72660,32,18,17,24
AR,72661,14,49,22,23
AR,72662,32,28,23,39
AR,72663,33,35,16,27
AR,72666,31,47,21,16
AR,72668,24,48,16,49
AR,72669,37,26,8,35
AR,72670,40,21,17,24
AR,72672,34,28,23,36
AR,72675,39,33,15,38
AR,72677,27,34,8,27
AR,72679,37,35,11,14
AR,72680,32,47,17,49
AR,72682,29,22,17,28
AR,72683,34,41,7,47
AR,72685,17,42,9,47
AR,72686,24,22,9,28
AR,72687,36,37,11,24
AR,72701,12,43,22,12
AR,72702,15,26,16,30
AR,72703,27,36,15,30
AR,72704,27,41,20,24
AR,72711,21,23,14,27
AR,72712,24,18,13,27
AR,72713,34,48,9,32
AR,72714,26,35,17,35
AR,72715,24,22,16,30
AR,72716,27,35,9,30
AR,72717,28,32,23,35
AR,72718,29,30,7,24
AR,72719,21,17,17,27
AR,72721,29,38,16,23
AR,72722,30,29,14,41
AR,72727,14,21,11,29
AR,72728,29,44,11,15
AR,72729,27,33,24,44
AR,72730,12,41,23,17
AR,72732,29,33,14,23
AR,72733,36,36,12,31
AR,72734,12,53,12,19
AR,72735,19,42,21,53
AR,72736,30,40,12,24
AR,72737,36,30,18,40
AR,72738,21,32,11,30
AR,72739,12,23,8,43
AR,72740,25,36,12,33
AR,72741,38,28,14,32
AR,72742,35,38,22,18
AR,72744,15,35,25,30
AR,72745,28,26,7,13
AR,72747,17,21,8,30
AR,72749,21,49,19,24
AR,72751,27,23,13,22
AR,72752,15,42,19,24
AR,72753,23,31,14,38
AR,72756,36,51,13,37
AR,72757,20,43,23,23
AR,72758,37,22,8,32
AR,72760,30,34,8,41
AR,72761,12,38,21,25
AR,72762,23,49,19,18
AR,72764,17,41,18,18
AR,72765,36,50,18,23
AR,72766,33,20,15,25
AR,72768,13,29,13,29
AR,72769,32,52,17,28
AR,72770,31,36,19,24
AR,72773,19,36,8,22
AR,72774,13,23,16,28
AR,72776,15,33,17,23
AR,72801,33,31,19,13
AR,72802,30,37,8,33
AR,72811,17,42,11,31
AR,72812,28,27,9,44
AR,72820,22,34,13,19
AR,72821,33,36,21,36
AR,72823,24,23,16,40
AR,72824,22,35,13,23
AR,72826,18,25,15,30
AR,72827,35,28,19,34
AR,72828,29,40,14,31
AR,72829,13,23,24,30
AR,72830,27,41,19,30
AR,72832,13,21,11,37
AR,72833,28,37,9,23
AR,72834,20,42,15,25
AR,72835,25,55,17,52
AR,72837,23,32,8,44
AR,72838,29,42,13,40
AR,72839,26,34,21,21
AR,72840,23,34,8,35
AR,72841,32,51,7,25
AR,72842,17,37,14,36
AR,72843,33,36,23,54
AR,72845,16,49,10,34
AR,72846,35,39,23,52
AR,72847,16,23,22,34
AR,72851,23,37,13,19
AR,72852,22,30,10,16
AR,72853,30,27,11,33
AR,72854,17,23,22,18
AR,72855,18,30,23,24
AR,72856,19,33,23,25
AR,72857,30,34,21,33
AR,72858,26,46,16,14
AR,72860,20,46,10,20
AR,72863,23,42,24,32
AR,72865,25,50,16,30
AR,72901,39,36,12,38
AR,72902,20,26,10,27
AR,72903,21,36,13,26
AR,72904,25,34,10,38
AR,72905,35,39,15,20
AR,72906,14,55,8,21
AR,72908,34,32,11,37
AR,72913,24,36,18,32
AR,72914,30,42,14,28
AR,72916,22,32,22,38
AR,72917,36,46,7,23
AR,72918,38,38,9,32
AR,72919,25,40,11,17
AR,72921,32,25,21,33
AR,72923,26,41,20,46
AR,72926,40,40,14,25
AR,72927,30,41,7,29
AR,72928,36,44,17,36
AR,72930,26,43,20,45
AR,72932,14,32,15,25
AR,72933,23,33,12,31
AR,72934,15,27,8,41
AR,72935,15,27,23,24
AR,72936,31,27,12,21
AR,72937,15,18,15,48
AR,72938,21,39,22,23
AR,72940,26,27,10,36
AR,72941,28,31,22,37
AR,72943,26,36,13,28
AR,72944,29,48,8,30
AR,72945,30,34,11,24
AR,72946,34,47,13,17
AR,72947,27,25,24,27
AR,72948,15,37,25,37
AR,72949,22,24,15,33
AR,72950,32,38,14,48
AR,72951,29,36,21,43
AR,72952,13,30,14,34
AR,72955,16,28,12,47
AR,72956,16,30,17,24
AR,72957,22,43,9,27
AR,72958,19,24,14,28
AR,72959,29,41,23,33
OK,73001,20,39,12,37
OK,73002,25,28,12,23
OK,73003,18,42,24,25
OK,73004,27,24,17,30
OK,73005,19,22,18,16
OK,73006,31,53,12,31
OK,73007,21,32,8,32
OK,73008,36,37,17,30
OK,73009,28,43,21,20
OK,73010,21,34,18,28
OK,73011,11,37,21,19
OK,73012,28,40,12,30
OK,73013,27,23,11,12
OK,73014,38,29,23,30
OK,73015,23,31,22,32
OK,73016,34,35,22,24
OK,73017,24,23,15,43
OK,73018,19,29,17,42
OK,73019,19,30,17,29
OK,73020,31,54,18,24
OK,73021,33,40,7,31
OK,73022,28,21,21,37
OK,73023,37,44,10,24
OK,73024,12,29,25,36
OK,73025,20,30,16,30
OK,73026,31,43,15,20
OK,73027,14,31,19,17
OK,73028,22,39,15,26
OK,73029,29,35,24,39
OK,73030,29,33,22,29
OK,73031,26,24,18,35
OK,73032,16,19,17,27
OK,73033,30,39,15,15
OK,73034,29,41,14,25
OK,73036,14,26,25,30
OK,73038,21,43,17,31
OK,73039,39,20,11,22
OK,73040,20,24,7,31
OK,73041,40,22,18,26
OK,73042,33,25,12,20
OK,73043,14,39,22,50
OK,73044,15,37,12,49
OK,73045,36,21,18,39
OK,73047,19,36,16,28
OK,73048,15,25,19,30
OK,73049,12,40,25,43
OK,73050,11,53,14,20
OK,73051,24,22,16,35
OK,73052,23,17,13,21
OK,73053,23,33,17,28
OK,73054,30,42,14,24
OK,73055,19,37,22,27
OK,73056,24,22,17,21
OK,73057,26,52,17,25
OK,73058,34,39,10,23
OK,73059,34,29,19,19
OK,73061,18,30,8,33
OK,73062,26,23,23,23
OK,73063,26,21,23,30
OK,73064,19,31,15,32
OK,73065,34,24,18,22
OK,73066,12,30,19,36
OK,73067,16,44,22,42
OK,73068,34,23,21,38
OK,73069,18,45,11,39
OK,73070,32,30,11,30
OK,73071,17,29,12,32
OK,73072,22,28,19,28
OK,73073,21,30,12,25
OK,73074,31,20,9,19
OK,73075,15,34,21,27
OK,73077,17,34,20,38
OK,73078,31,55,9,15
OK,73079,39,40,22,38
OK,73080,31,25,16,19
OK,73082,25,38,9,35
OK,73083,33,41,24,20
OK,73084,23,43,15,22
OK,73085,25,55,8,35
OK,73086,24,40,12,31
OK,73089,13,54,8,22
OK,73090,41,34,9,15
OK,73092,19,26,21,41
OK,73093,39,30,13,16
OK,73094,28,32,8,26
OK,73095,13,47,11,35
OK,73096,32,31,11,24
OK,73097,17,42,15,21
OK,73098,36,27,14,19
OK,73099,22,44,27,46
OK,73101,32,29,18,20
OK,73102,40,33,20,21
OK,73103,31,53,25,25
OK,73104,27,26,15,22
OK,73105,18,18,15,30
OK,73106,23,45,22,32
OK,73107,20,47,21,39
OK,73108,28,54,24,24
OK,73109,41,34,7,25
OK,73110,14,46,15,38
OK,73111,34,54,12,32
OK,73112,25,39,15,30
OK,73113,40,36,9,30
OK,73114,14,36,15,49
OK,73115,27,37,14,17
OK,73116,19,27,24,26
OK,73117,24,33,26,20
OK,73118,19,18,17,28
OK,73119,28,46,20,23
OK,73120,27,31,11,29
OK,73121,18,36,23,27
OK,73122,34,38,18,34
OK,73123,38,47,18,14
OK,73124,18,33,11,48
OK,73125,24,39,22,20
OK,73126,39,26,11,18
OK,73127,41,30,12,22
OK,73128,20,22,23,21
OK,73129,24,22,10,18
OK,73130,21,37,8,37
OK,73131,17,32,19,24
OK,73132,17,31,13,27
OK,73134,34,27,14,26
OK,73135,30,30,11,45
OK,73136,38,18,18,18
OK,73137,13,22,15,27
OK,73139,31,23,20,33
OK,73140,29,48,9,44
OK,73141,28,18,20,17
OK,73142,23,39,14,21
OK,73143,21,23,11,43
OK,73144,14,33,22,43
OK,73145,30,23,19,23
OK,73146,40,36,13,21
OK,73147,12,41,21,19
OK,73148,26,48,13,28
OK,73149,11,30,26,48
OK,73150,23,20,8,16
OK,73151,30,48,20,16
OK,73152,24,29,20,26
OK,73153,32,43,7,36
OK,73154,29,22,19,12
OK,73155,15,30,18,49
OK,73156,31,30,22,30
OK,73157,20,45,11,31
OK,73159,18,21,13,38
OK,73160,14,26,22,16
OK,73162,13,49,23,24
OK,73163,32,19,9,25
OK,73164,28,18,9,25
OK,73165,22,52,15,21
OK,73167,14,44,7,28
OK,73169,25,46,20,25
OK,73170,17,34,13,17
OK,73172,29,47,20,20
OK,73173,36,32,16,16
OK,73178,27,31,12,24
OK,73179,16,38,20,45
OK,73184,13,23,11,30
OK,73185,34,26,13,45
OK,73189,33,34,8,23
OK,73190,33,24,22,45
OK,73193,36,26,21,26
OK,73194,17,24,21,18
OK,73195,18,28,22,19
OK,73196,16,32,25,38
OK,73197,34,19,23,22
OK,73198,24,43,10,36
OK,73199,17,21,21,21
TX,73301,18,65,13,48
TX,73344,21,41,30,18
OK,73401,32,25,16,53
OK,73402,14,28,9,38
OK,73403,24,27,8,48
OK,73425,32,46,24,13
OK,73430,16,39,24,24
OK,73432,19,25,21,36
OK,73433,20,37,14,33
OK,73434,24,25,18,15
OK,73435,18,21,19,52
OK,73436,18,29,15,31
OK,73437,19,39,22,39
OK,73438,20,34,18,21
OK,73439,31,26,18,25
OK,73440,14,40,8,24
OK,73441,15,34,15,27
OK,73442,32,25,7,18
OK,73443,22,25,8,27
OK,73444,37,21,8,12
OK,73446,31,46,20,30
OK,73447,15,29,9,53
OK,73448,29,47,9,17
OK,73449,21,45,11,27
OK,73450,21,37,16,24
OK,73451,32,29,8,19
OK,73453,29,23,12,29
OK,73454,40,42,14,45
OK,73455,39,42,14,47
OK,73456,30,30,10,36
OK,73458,15,33,23,16
OK,73459,17,52,13,20
OK,73460,35,39,8,45
OK,73461,11,18,13,25
OK,73463,29,42,16,37
OK,73481,34,41,25,19
OK,73487,10,36,23,14
OK,73488,16,30,19,16
OK,73491,17,26,10,17
OK,73501,35,37,12,43
OK,73502,29,48,25,31
OK,73503,13,25,19,24
OK,73505,14,32,12,26
OK,73506,36,21,9,16
OK,73507,20,41,20,23
OK,73520,20,44,24,21
OK,73521,24,35,23,21
OK,73522,39,36,21,26
OK,73523,28,39,26,39
OK,73526,27,34,14,30
OK,73527,17,42,21,23
OK,73528,20,33,13,32
OK,73529,14,29,16,38
OK,73530,23,40,19,34
OK,73531,14,49,14,49
OK,73532,20,31,18,29
OK,73533,23,36,21,30
OK,73534,28,37,23,20
OK,73536,33,31,13,14
OK,73537,19,26,24,26
OK,73538,35,30,18,37
OK,73539,28,44,16,21
OK,73540,22,37,11,32
OK,73541,32,20,26,31
OK,73542,19,33,15,30
OK,73543,18,42,8,51
OK,73544,23,17,17,22
OK,73546,20,21,9,34
OK,73547,31,44,21,26
OK,73548,14,23,17,17
OK,73549,25,21,23,17
OK,73550,22,51,20,17
OK,73551,27,25,15,23
OK,73552,15,23,15,33
OK,73553,25,52,19,53
OK,73554,32,30,22,16
OK,73555,25,20,21,19
OK,73556,38,31,19,30
OK,73557,13,25,12,38
OK,73558,18,25,8,18
OK,73559,13,48,15,41
OK,73560,25,49,16,44
OK,73561,18,19,19,33
OK,73562,14,46,14,23
OK,73564,13,36,23,19
OK,73565,20,29,7,26
OK,73566,34,28,12,28
OK,73567,32,37,17,25
OK,73568,24,31,12,30
OK,73569,27,51,9,25
OK,73570,13,23,19,45
OK,73571,31,27,23,23
OK,73572,26,25,24,33
OK,73573,23,35,11,32
OK,73601,14,40,18,15
OK,73620,20,44,18,27
OK,73622,36,25,12,31
OK,73624,14,34,21,35
OK,73625,20,27,25,31
OK,73626,21,36,22,22
OK,73627,31,34,21,34
OK,73628,20,19,14,25
OK,73632,33,19,22,12
OK,73638,37,24,14,23
OK,73639,21,21,8,36
OK,73641,14,45,19,28
OK,73642,14,21,9,39
OK,73644,25,49,26,40
OK,73645,18,52,23,41
OK,73646,33,33,14,30
OK,73647,32,42,14,19
OK,73648,35,37,24,24
OK,73650,26,43,11,33
OK,73651,31,29,11,19
OK,73654,12,42,19,36
OK,73655,16,38,17,27
OK,73658,18,47,20,26
OK,73659,28,25,14,43
OK,73660,14,23,15,37
OK,73661,21,23,10,51
OK,73662,18,48,16,39
OK,73663,24,28,9,37
OK,73664,35,42,15,24
OK,73666,20,23,19,38
OK,73667,20,44,13,22
OK,73668,33,36,9,24
OK,73669,20,42,20,38
OK,73673,35,20,21,20
OK,73701,33,25,13,19
OK,73702,22,25,9,14
OK,73703,36,44,7,37
OK,73705,28,33,14,47
OK,73706,22,32,8,25
OK,73716,40,19,23,28
OK,73717,22,25,16,34
OK,73718,19,25,17,19
OK,73719,31,42,20,41
OK,73720,28,26,19,46
OK,73722,30,46,22,30
OK,73724,18,30,12,29
OK,73726,31,32,12,29
OK,73727,30,32,15,27
OK,73728,37,42,8,39
OK,73729,18,40,17,29
OK,73730,13,30,11,18
OK,73731,28,27,10,16
OK,73733,32,33,16,42
OK,73734,30,25,15,36
OK,73735,24,21,11,38
OK,73736,35,34,9,33
OK,73737,19,23,21,38
OK,73738,15,30,21,34
OK,73739,21,45,7,13
OK,73741,31,37,21,22
OK,73742,18,29,14,14
OK,73743,19,30,13,21
OK,73744,18,26,13,42
OK,73746,27,34,16,35
OK,73747,22,47,18,24
OK,73749,27,30,14,36
OK,73750,20,35,17,17
OK,73753,23,49,26,32
OK,73754,22,26,23,35
OK,73755,24,36,13,35
OK,73756,13,33,19,32
OK,73757,18,34,9,27
OK,73758,15,42,11,30
OK,73759,29,32,18,24
OK,73760,19,20,16,40
OK,73761,19,34,22,26
OK,73762,23,45,25,44
OK,73763,25,42,15,41
OK,73764,22,30,18,30
OK,73766,28,22,19,29
OK,73768,31,36,22,40
OK,73770,31,35,16,25
OK,73771,37,40,22,24
OK,73772,28,23,19,54
OK,73773,15,48,25,20
OK,73801,22,16,17,24
OK,73802,19,34,12,24
OK,73832,11,42,21,34
OK,73834,13,32,26,34
OK,73835,29,36,17,20
OK,73838,15,55,8,20
OK,73840,19,30,26,30
OK,73841,24,20,17,46
OK,73842,14,29,12,41
OK,73843,22,26,14,29
OK,73844,13,44,16,39
OK,73848,29,25,17,22
OK,73851,14,24,11,41
OK,73852,21,36,18,31
OK,73853,39,42,9,20
OK,73855,21,31,23,39
OK,73857,35,45,9,52
OK,73858,25,34,26,41
OK,73859,27,26,19,32
OK,73860,21,41,21,23
OK,73901,15,22,19,28
OK,73931,17,40,18,21
OK,73932,24,27,20,18
OK,73933,32,43,8,19
OK,73937,32,33,14,16
OK,73938,22,36,19,41
OK,73939,18,30,14,29
OK,73942,12,26,11,27
OK,73944,28,27,8,28
OK,73945,18,31,16,34
OK,73946,31,21,16,19
OK,73947,24,24,17,31
OK,73949,33,41,24,21
OK,73950,21,22,26,40
OK,73951,40,21,18,29
TX,73960,21,22,9,22
OK,74001,17,37,26,48
OK,74002,17,34,23,16
OK,74003,34,38,10,37
OK,74004,32,21,19,34
OK,74005,21,22,17,29
OK,74006,13,48,19,38
OK,74008,32,42,10,49
OK,74010,21,32,17,16
OK,74011,26,37,23,36
OK,74012,21,19,23,29
OK,74013,27,46,26,23
OK,74014,32,43,10,32
OK,74015,19,36,16,46
OK,74016,19,45,20,14
OK,74017,14,38,8,45
OK,74018,30,25,8,43
OK,74019,25,53,18,42
OK,74020,39,30,18,24
OK,74021,21,52,13,43
OK,74022,22,53,21,33
OK,74023,32,36,22,16
OK,74026,11,20,16,39
OK,74027,27,34,23,23
OK,74028,34,34,19,29
OK,74029,30,19,19,36
OK,74030,33,37,25,15
OK,74031,19,32,16,24
OK,74032,18,26,20,54
OK,74033,30,38,10,22
OK,74034,30,37,9,25
OK,74035,35,34,14,35
OK,74036,37,34,20,24
OK,74037,15,43,7,26
OK,74038,29,35,14,34
OK,74039,30,39,20,18
OK,74041,29,37,15,33
OK,74042,27,36,8,19
OK,74043,34,30,25,32
OK,74044,15,32,10,39
OK,74045,39,44,13,32
OK,74046,23,28,10,29
OK,74047,18,35,22,37
OK,74048,21,32,22,27
OK,74050,23,32,20,26
OK,74051,16,21,19,24
OK,74052,37,26,23,37
OK,74053,31,20,13,32
OK,74054,24,24,22,25
OK,74055,31,27,21,19
OK,74056,39,24,23,32
OK,74058,34,24,15,34
OK,74059,39,22,25,34
OK,74060,22,33,7,43
OK,74061,29,43,12,19
OK,74062,35,48,13,36
OK,74063,33,37,9,19
OK,74066,26,24,20,35
OK,74067,34,44,12,26
OK,74068,20,46,15,29
OK,74070,34,31,18,43
OK,74071,20,41,11,18
OK,74072,39,37,18,28
OK,74073,21,28,25,28
OK,74074,13,33,19,20
OK,74075,33,31,20,22
OK,74076,18,25,12,38
OK,74077,31,30,14,29
OK,74078,30,28,23,46
OK,74079,31,45,14,20
OK,74080,14,42,9,24
OK,74081,29,25,13,24
OK,74082,14,27,15,36
OK,74083,12,34,12,21
OK,74084,16,29,20,32
OK,74085,15,34,16,49
OK,74101,28,54,14,43
OK,74102,17,32,25,28
OK,74103,11,38,12,48
OK,74104,38,40,13,25
OK,74105,12,42,16,18
OK,74106,18,20,8,53
OK,74107,12,38,7,52
OK,74108,28,32,19,40
OK,74110,21,28,22,48
OK,74112,15,23,19,18
OK,74114,20,25,16,31
OK,74115,34,37,10,37
OK,74116,20,20,21,31
OK,74117,31,35,17,37
OK,74119,26,50,17,51
OK,74120,34,42,21,23
OK,74121,26,29,13,28
OK,74126,11,41,17,41
OK,74127,26,39,23,22
OK,74128,25,27,17,35
OK,74129,11,38,11,37
OK,74130,25,26,10,22
OK,74131,27,31,23,13
OK,74132,31,31,11,21
OK,74133,36,37,24,22
OK,74134,29,48,20,29
OK,74135,22,37,24,35
OK,74136,28,37,10,44
OK,74137,28,46,12,15
OK,74141,40,26,7,32
OK,74145,19,33,20,23
OK,74146,38,35,20,43
OK,74147,34,28,17,37
OK,74148,20,28,25,20
OK,74149,21,30,11,21
OK,74150,21,21,24,47
OK,74152,13,17,16,15
OK,74153,27,30,19,34
OK,74155,13,39,17,34
OK,74156,34,38,8,33
OK,74157,40,35,14,22
OK,74158,20,22,14,24
OK,74159,31,53,23,36
OK,74169,13,28,8,28
OK,74170,36,47,15,25
OK,74171,25,23,9,15
OK,74172,36,27,24,25
OK,74182,12,31,25,19
OK,74183,26,32,12,33
OK,74184,36,34,10,26
OK,74186,27,23,12,18
OK,74187,33,22,13,36
OK,74189,28,26,13,31
OK,74192,21,24,10,30
OK,74193,26,24,15,52
OK,74194,19,44,24,42
OK,74301,14,22,26,32
OK,74330,27,39,16,35
OK,74331,21,37,10,34
OK,74332,16,24,20,24
OK,74333,28,16,13,28
OK,74335,14,25,15,23
OK,74337,21,42,13,24
OK,74338,36,33,24,27
OK,74339,36,21,15,22
OK,74340,20,34,7,51
OK,74342,21,24,14,32
OK,74343,27,30,9,44
OK,74344,34,31,13,36
OK,74345,23,22,17,28
OK,74346,30,48,23,27
OK,74347,27,32,22,41
OK,74349,22,32,17,28
OK,74350,32,27,22,47
OK,74352,37,51,15,31
OK,74354,37,47,28,42
OK,74355,50,56,12,40
OK,74358,25,41,28,65
OK,74359,19,20,11,23
OK,74360,38,29,15,23
OK,74361,18,36,12,24
OK,74362,33,24,13,49
OK,74363,25,52,8,33
OK,74364,24,46,19,23
OK,74365,16,32,20,49
OK,74366,20,38,15,14
OK,74367,34,31,18,36
OK,74368,23,34,12,24
OK,74369,12,32,21,31
OK,74370,13,30,22,25
OK,74401,26,33,16,17
OK,74402,17,28,16,35
OK,74403,24,23,23,35
OK,74421,22,35,12,29
OK,74422,25,21,19,47
OK,74423,30,43,20,14
OK,74425,30,24,7,43
OK,74426,19,40,18,14
OK,74427,24,48,19,34
OK,74428,26,26,15,48
OK,74429,17,54,9,28
OK,74430,38,23,22,43
OK,74431,35,34,15,21
OK,74432,29,31,10,28
OK,74434,23,31,15,15
OK,74435,34,25,23,31
OK,74436,18,39,17,15
OK,74437,20,32,23,34
OK,74438,22,34,19,40
OK,74439,35,36,27,22
OK,74440,22,37,14,25
OK,74441,18,25,18,18
OK,74442,20,42,8,19
OK,74444,33,40,23,51
OK,74445,35,47,22,49
OK,74446,19,31,18,23
OK,74447,29,21,19,17
OK,74450,22,25,13,26
OK,74451,29,43,19,42
OK,74452,13,19,17,42
OK,74454,31,27,21,24
OK,74455,18,39,8,21
OK,74456,32,44,24,21
OK,74457,33,30,11,26
OK,74458,20,40,26,42
OK,74459,32,28,16,37
OK,74460,28,34,18,26
OK,74461,20,38,19,45
OK,74462,17,32,10,32
OK,74463,34,46,10,22
OK,74464,18,35,22,29
OK,74465,15,47,19,27
OK,74467,18,39,8,21
OK,74468,15,26,11,37
OK,74469,27,37,24,28
OK,74470,15,34,25,35
OK,74471,31,46,19,29
OK,74472,21,38,24,41
OK,74477,15,29,20,27
OK,74501,31,25,20,32
OK,74502,27,27,20,37
OK,74521,35,24,18,42
OK,74522,23,32,25,41
OK,74523,15,48,19,43
OK,74525,37,30,16,27
OK,74528,31,27,12,36
OK,74529,13,37,14,27
OK,74530,32,50,18,27
OK,74531,24,24,18,25
OK,74533,32,31,17,43
OK,74534,39,41,22,32
OK,74535,26,49,21,29
OK,74536,14,52,21,21
OK,74538,28,49,12,34
OK,74540,20,25,17,49
OK,74542,13,36,19,37
OK,74543,19,28,24,17
OK,74545,17,28,15,13
OK,74546,21,26,11,42
OK,74547,22,45,18,26
OK,74549,28,39,14,23
OK,74552,25,29,9,36
OK,74553,18,28,16,29
OK,74554,20,20,13,36
OK,74555,19,23,24,18
OK,74556,35,25,15,24
OK,74557,21,39,7,21
OK,74558,15,37,12,34
OK,74559,14,37,10,28
OK,74560,31,42,8,31
OK,74561,24,32,17,39
OK,74562,17,45,12,36
OK,74563,31,33,11,27
OK,74565,15,39,15,26
OK,74567,21,41,23,25
OK,74569,27,53,14,14
OK,74570,32,26,27,43
OK,74571,35,25,22,20
OK,74572,41,35,14,33
OK,74574,26,21,25,15
OK,74576,16,42,18,41
OK,74577,24,35,13,30
OK,74578,16,45,22,41
OK,74601,32,39,17,19
OK,74602,30,40,9,44
OK,74604,17,43,23,44
OK,74630,17,24,13,39
OK,74631,20,41,19,40
OK,74632,15,45,10,49
OK,74633,29,33,13,30
OK,74636,26,20,25,51
OK,74637,33,25,20,28
OK,74640,32,36,21,26
OK,74641,24,31,21,26
OK,74643,39,44,10,39
OK,74644,27,24,16,31
OK,74646,12,29,15,23
OK,74647,30,33,19,26
OK,74650,15,35,14,20
OK,74651,26,35,8,15
OK,74652,34,37,22,23
OK,74653,34,42,15,22
OK,74701,35,27,21,19
OK,74702,35,42,22,37
OK,74720,36,16,11,28
OK,74721,14,32,13,46
OK,74722,22,20,10,33
OK,74723,37,34,8,32
OK,74724,24,23,19,32
OK,74726,13,21,18,49
OK,74727,21,19,17,35
OK,74728,25,35,13,51
OK,74729,21,44,20,17
OK,74730,30,40,7,18
OK,74731,18,21,21,27
OK,74733,14,45,17,30
OK,74734,17,45,10,14
OK,74735,39,29,8,18
OK,74736,17,42,20,23
OK,74737,34,35,27,27
OK,74738,18,26,14,42
OK,74740,30,46,25,18
OK,74741,25,25,20,24
OK,74743,27,46,13,48
OK,74745,30,22,9,32
OK,74747,40,38,22,29
OK,74748,18,33,9,35
OK,74750,13,37,7,15
OK,74752,38,35,11,29
OK,74753,35,43,25,19
OK,74754,16,33,12,31
OK,74755,22,49,19,17
OK,74756,28,26,10,41
OK,74759,21,33,21,34
OK,74760,34,55,14,20
OK,74761,24,18,21,18
OK,74764,13,18,8,30
OK,74766,13,43,8,52
OK,74801,26,49,19,22
OK,74802,23,53,22,31
OK,74804,28,25,9,24
OK,74818,15,51,15,44
OK,74820,30,25,9,28
OK,74821,28,44,15,14
OK,74824,22,39,19,31
OK,74825,31,29,14,35
OK,74826,22,48,12,14
OK,74827,38,47,20,17
OK,74829,27,28,9,39
OK,74830,22,30,21,37
OK,74831,15,31,20,17
OK,74832,26,39,26,22
OK,74833,14,28,18,33
OK,74834,33,34,19,31
OK,74836,24,26,20,21
OK,74837,23,31,18,50
OK,74839,18,25,8,35
OK,74840,31,46,7,13
OK,74842,13,20,16,46
OK,74843,17,31,11,32
OK,74844,27,43,13,27
OK,74845,35,31,16,47
OK,74848,14,36,10,20
OK,74849,14,34,8,31
OK,74850,31,30,13,36
OK,74851,33,38,10,23
OK,74852,21,28,20,41
OK,74854,26,29,16,36
OK,74855,14,22,8,42
OK,74856,33,25,23,34
OK,74857,19,39,21,31
OK,74859,26,44,14,46
OK,74860,32,36,21,49
OK,74864,33,32,19,13
OK,74865,33,31,20,37
OK,74866,35,19,7,36
OK,74867,17,49,12,33
OK,74868,17,28,12,34
OK,74869,20,39,13,23
OK,74871,31,32,9,15
OK,74872,29,41,21,29
OK,74873,20,30,24,35
OK,74875,16,27,9,36
OK,74878,13,29,10,18
OK,74880,30,30,14,15
OK,74881,32,55,17,35
OK,74883,22,19,9,45
OK,74884,33,24,20,30
OK,74901,24,21,9,26
OK,74902,34,25,12,30
OK,74930,15,41,16,30
OK,74931,28,32,16,26
OK,74932,20,56,24,32
OK,74935,29,27,23,24
OK,74936,26,35,15,32
OK,74937,23,41,22,14
OK,74939,27,28,20,24
OK,74940,23,36,16,42
OK,74941,30,35,19,18
OK,74942,23,28,20,22
OK,74943,29,36,11,29
OK,74944,32,27,22,23
OK,74945,12,37,9,45
OK,74946,35,24,25,34
OK,74947,28,40,10,14
OK,74948,17,32,23,22
OK,74949,16,24,18,17
OK,74951,33,33,18,18
OK,74953,31,38,14,39
OK,74954,17,21,15,21
OK,74955,24,29,10,16
OK,74956,32,26,23,19
OK,74957,19,31,10,42
OK,74959,19,48,9,38
OK,74960,16,43,7,29
OK,74962,31,22,26,23
OK,74963,20,44,16,38
OK,74964,26,40,11,43
OK,74965,17,32,7,24
OK,74966,24,33,22,34
TX,75001,28,24,29,42
TX,75002,34,58,11,54
TX,75006,16,62,18,55
TX,75007,34,54,26,22
TX,75009,20,42,29,21
TX,75010,21,32,18,26
TX,75011,37,51,35,25
TX,75013,21,39,24,26
TX,75014,39,25,15,23
TX,75015,24,35,21,53
TX,75016,38,26,25,63
TX,75017,37,28,23,26
TX,75019,28,60,31,39
TX,75020,33,68,15,29
TX,75021,38,30,16,62
TX,75022,39,41,22,46
TX,75023,24,56,28,32
TX,75024,17,37,25,40
TX,75025,20,32,27,37
TX,75026,49,33,22,44
TX,75027,38,45,12,37
TX,75028,41,53,21,30
TX,75029,33,43,14,27
TX,75030,25,31,16,28
TX,75032,41,42,10,54
TX,75033,31,35,16,19
TX,75034,30,38,20,37
TX,75035,22,41,16,25
TX,75036,32,49,26,65
TX,75037,18,27,18,32
TX,75038,23,36,16,24
TX,75039,46,39,26,72
TX,75040,24,27,15,33
TX,75041,15,51,12,30
TX,75042,24,40,10,26
TX,75043,37,55,17,34
TX,75044,21,50,26,47
TX,75045,31,38,31,50
TX,75046,29,47,17,41
TX,75047,33,42,25,32
TX,75048,28,23,16,33
TX,75049,20,42,32,16
TX,75050,26,57,14,28
TX,75051,16,32,22,33
TX,75052,33,49,16,34
TX,75053,22,57,33,24
TX,75054,18,37,33,24
TX,75056,30,23,10,44
TX,75057,17,60,20,59
TX,75058,29,29,18,46
TX,75059,22,52,14,24
TX,75060,50,37,16,55
TX,75061,45,34,21,39
TX,75062,46,47,12,56
TX,75063,37,30,10,28
TX,75064,43,50,29,27
TX,75065,26,42,19,47
TX,75067,19,30,12,31
TX,75068,34,33,9,43
TX,75069,22,37,18,50
TX,75070,25,44,25,49
TX,75071,24,42,24,34
TX,75072,18,39,26,43
TX,75074,29,48,23,55
TX,75075,40,56,16,24
TX,75076,39,39,23,33
TX,75077,34,46,18,33
TX,75078,41,65,25,43
TX,75080,36,25,19,26
TX,75081,26,26,19,33
TX,75082,24,46,21,41
TX,75083,14,42,13,65
TX,75085,15,58,28,32
TX,75086,20,31,14,52
TX,75087,28,55,12,37
TX,75088,25,34,19,47
TX,75089,31,40,17,24
TX,75090,21,49,20,26
TX,75091,29,28,18,37
TX,75092,40,41,26,29
TX,75093,33,55,23,47
TX,75094,35,46,13,45
TX,75097,16,45,13,21
TX,75098,22,67,23,30
TX,75099,38,34,19,41
TX,75101,24,28,20,48
TX,75102,16,29,29,40
TX,75103,14,54,16,28
TX,75104,44,53,15,22
TX,75105,30,34,10,27
TX,75106,23,31,26,33
TX,75109,39,59,33,33
TX,75110,34,58,22,46
TX,75114,16,40,11,44
TX,75115,23,44,22,27
TX,75116,32,37,29,30
TX,75117,32,33,11,21
TX,75118,30,37,27,47
TX,75119,17,23,14,28
TX,75120,14,60,15,40
TX,75121,37,40,14,38
TX,75123,24,54,12,23
TX,75124,27,53,10,44
TX,75125,23,33,16,49
TX,75126,38,34,25,64
TX,75127,26,39,23,43
TX,75132,16,51,19,33
TX,75134,23,32,23,37
TX,75135,43,48,13,25
TX,75137,19,22,29,38
TX,75138,35,41,11,40
TX,75140,35,36,18,35
TX,75141,40,58,18,53
TX,75142,44,40,29,39
TX,75143,25,41,21,29
TX,75144,18,31,26,27
TX,75146,22,29,22,54
TX,75147,23,31,18,21
TX,75148,20,31,14,25
TX,75149,17,56,19,42
TX,75150,31,31,12,59
TX,75151,18,26,31,31
TX,75152,16,49,26,65
TX,75153,43,57,17,60
TX,75154,25,46,19,55
TX,75155,39,60,21,46
TX,75156,40,42,16,64
TX,75157,30,53,22,32
TX,75158,36,53,22,34
TX,75159,46,49,23,37
TX,75160,27,37,17,20
TX,75161,38,37,15,36
TX,75163,15,47,20,56
TX,75164,16,31,27,49
TX,75165,20,65,9,29
TX,75166,17,45,23,28
TX,75167,21,30,31,20
TX,75168,14,50,24,24
TX,75169,23,65,18,37
TX,75172,15,41,16,59
TX,75173,37,39,30,22
TX,75180,33,41,26,33
TX,75181,36,28,26,30
TX,75182,31,52,27,45
TX,75185,34,42,32,43
TX,75187,21,58,26,44
TX,75189,39,25,12,17
TX,75201,31,52,19,19
TX,75202,23,49,26,45
TX,75203,24,55,32,47
TX,75204,16,47,29,53
TX,75205,41,29,16,41
TX,75206,34,29,30,47
TX,75207,33,59,29,18
TX,75208,46,31,33,26
TX,75209,39,29,11,27
TX,75210,28,50,19,32
TX,75211,25,41,10,27
TX,75212,26,45,25,30
TX,75214,32,42,19,23
TX,75215,20,38,14,35
TX,75216,28,46,20,52
TX,75217,46,43,9,18
TX,75218,30,46,32,57
TX,75219,25,44,26,51
TX,75220,16,55,16,24
TX,75221,27,20,11,27
TX,75222,22,28,35,37
TX,75223,49,30,9,33
TX,75224,36,38,15,32
TX,75225,29,25,24,37
TX,75226,21,41,25,25
TX,75227,26,48,10,22
TX,75228,32,47,14,39
TX,75229,30,31,12,38
TX,75230,22,35,10,50
TX,75231,27,41,12,41
TX,75232,15,38,21,20
TX,75233,19,27,23,44
TX,75234,29,42,20,27
TX,75235,34,49,15,64
TX,75236,15,42,10,28
TX,75237,47,28,15,51
TX,75238,45,25,27,34
TX,75240,39,67,29,47
TX,75241,24,56,25,43
TX,75242,35,45,27,43
TX,75243,26,61,24,37
TX,75244,38,30,23,36
TX,75245,39,51,24,43
TX,75246,38,59,29,40
TX,75247,18,29,25,49
TX,75248,25,49,10,44
TX,75249,30,31,13,47
TX,75250,39,34,20,25
TX,75251,17,24,24,45
TX,75252,38,37,11,22
TX,75253,33,37,33,39
TX,75254,37,46,26,66
TX,75258,39,40,17,57
TX,75260,32,26,10,34
TX,75261,35,51,10,18
TX,75262,39,46,15,36
TX,75263,16,65,15,21
TX,75264,24,30,12,17
TX,75265,25,61,13,32
TX,75266,16,40,15,30
TX,75267,35,56,31,62
TX,75270,37,34,21,28
TX,75275,20,51,18,24
TX,75277,34,28,15,42
TX,75283,32,57,13,43
TX,75284,25,29,29,31
TX,75285,15,28,30,33
TX,75286,16,46,26,25
TX,75287,19,35,13,45
TX,75301,23,41,27,36
TX,75303,27,48,18,40
TX,75310,38,41,30,17
TX,75312,32,50,25,34
TX,75313,37,36,29,21
TX,75315,19,59,19,31
TX,75320,18,44,26,51
TX,75323,29,40,25,46
TX,75326,38,33,32,35
TX,75334,34,25,26,31
TX,75336,42,53,17,67
TX,75339,35,51,22,49
TX,75340,25,33,25,30
TX,75342,30,42,31,49
TX,75343,19,26,13,48
TX,75344,21,41,30,20
TX,75353,26,45,17,27
TX,75354,18,53,11,46
TX,75355,33,26,17,45
TX,75356,19,34,21,57
TX,75357,30,28,12,39
TX,75358,36,47,27,26
TX,75359,36,46,13,26
TX,75360,37,49,19,61
TX,75363,22,49,9,54
TX,75364,26,24,15,20
TX,75367,46,40,17,41
TX,75368,20,40,33,67
TX,75370,23,42,13,34
TX,75371,34,22,32,22
TX,75372,22,60,31,28
TX,75373,21,23,22,37
TX,75374,38,61,17,29
TX,75376,36,42,11,40
TX,75378,20,30,25,44
TX,75379,38,32,27,36
TX,75380,20,43,34,28
TX,75381,26,34,30,34
TX,75382,30,59,30,29
TX,75386,31,35,27,64
TX,75387,30,57,14,46
TX,75388,46,30,23,25
TX,75389,35,53,14,25
TX,75390,38,49,17,30
TX,75391,43,50,30,42
TX,75392,20,36,16,43
TX,75393,18,45,19,31
TX,75394,20,31,28,37
TX,75395,14,29,28,21
TX,75396,32,30,25,40
TX,75397,37,54,16,52
TX,75398,44,40,17,22
TX,75401,31,31,18,31
TX,75402,18,28,25,36
TX,75403,32,51,16,34
TX,75404,24,38,9,54
TX,75407,30,35,31,63
TX,75409,16,32,13,35
TX,75410,42,49,22,29
TX,75411,20,66,30,37
TX,75412,47,58,24,58
TX,75413,34,25,22,39
TX,75414,24,46,29,46
TX,75415,39,38,34,24
TX,75416,37,54,22,53
TX,75417,19,44,26,39
TX,75418,24,65,11,44
TX,75420,38,43,18,36
TX,75421,38,25,19,29
TX,75422,16,65,28,21
TX,75423,28,29,19,63
TX,75424,36,37,30,41
TX,75425,41,54,10,69
TX,75426,30,41,21,62
TX,75428,37,53,21,50
TX,75429,28,42,21,28
TX,75431,40,49,21,23
TX,75432,25,43,23,30
TX,75433,37,31,27,27
TX,75434,14,33,22,58
TX,75435,22,38,17,38
TX,75436,50,33,32,61
TX,75437,26,49,34,31
TX,75438,24,64,17,42
TX,75439,23,41,29,23
TX,75440,17,27,33,23
TX,75441,33,51,23,34
TX,75442,28,23,32,51
TX,75443,39,30,9,24
TX,75444,19,60,31,37
TX,75446,35,63,10,22
TX,75447,26,43,34,45
TX,75448,26,41,24,45
TX,75449,13,39,32,18
TX,75450,28,43,27,32
TX,75451,25,43,12,61
TX,75452,20,40,30,57
TX,75453,18,26,17,19
TX,75454,38,29,9,34
TX,75455,33,39,25,31
TX,75456,43,60,19,35
TX,75457,27,33,32,32
TX,75458,14,53,33,67
TX,75459,14,46,14,55
TX,75460,40,36,30,31
TX,75461,16,37,18,45
TX,75462,33,22,13,39
TX,75468,25,54,24,68
TX,75469,46,28,32,60
TX,75470,39,26,25,50
TX,75471,26,44,9,61
TX,75472,42,58,25,26
TX,75473,24,28,13,27
TX,75474,43,30,20,31
TX,75475,29,52,21,24
TX,75476,31,47,9,45
TX,75477,15,28,22,50
TX,75478,18,46,13,52
TX,75479,25,32,23,31
TX,75480,44,54,17,21
TX,75481,33,24,12,24
TX,75482,25,53,12,59
TX,75483,28,35,18,23
TX,75485,32,35,32,45
TX,75486,37,45,26,30
TX,75487,26,36,23,47
TX,75488,27,24,21,44
TX,75489,47,47,14,30
TX,75490,16,33,19,56
TX,75491,43,53,33,37
TX,75492,41,36,14,27
TX,75493,33,58,18,23
TX,75494,24,21,27,57
TX,75495,44,45,29,47
TX,75496,32,36,10,40
TX,75497,29,22,17,34
TX,75501,39,39,22,44
TX,75503,39,43,10,50
TX,75504,39,49,32,41
TX,75505,30,43,25,61
TX,75507,30,41,29,30
TX,75550,35,41,17,33
TX,75551,28,69,25,71
TX,75554,18,36,29,43
TX,75555,42,33,11,34
TX,75556,26,26,30,60
TX,75558,19,33,15,51
TX,75559,17,33,12,26
TX,75560,18,39,24,19
TX,75561,22,57,25,32
TX,75562,45,30,31,37
TX,75563,26,39,17,56
TX,75564,44,61,29,65
TX,75565,15,62,26,55
TX,75566,40,47,28,53
TX,75567,25,40,9,26
TX,75568,39,30,19,29
TX,75569,27,33,9,65
TX,75570,16,37,19,41
TX,75571,28,27,32,41
TX,75572,37,36,12,19
TX,75573,38,61,26,50
TX,75574,43,30,15,29
TX,75599,17,54,11,25
TX,75601,30,38,22,42
TX,75602,41,36,26,59
TX,75603,16,57,10,58
TX,75604,29,36,20,44
TX,75605,35,34,15,46
TX,75606,38,58,12,20
TX,75607,43,54,20,65
TX,75608,28,38,14,24
TX,75615,33,66,28,17
TX,75630,20,49,11,42
TX,75631,37,30,24,53
TX,75633,18,51,28,59
TX,75636,38,46,23,40
TX,75637,31,31,19,42
TX,75638,41,32,21,40
TX,75639,21,30,31,55
TX,75640,41,55,21,50
TX,75641,29,28,17,54
TX,75642,30,47,24,22
TX,75643,29,28,16,47
TX,75644,38,46,26,43
TX,75645,16,24,20,18
TX,75647,43,52,16,30
TX,75650,48,56,23,39
TX,75651,38,54,32,22
TX,75652,25,49,14,64
TX,75653,42,49,22,49
TX,75654,17,29,29,55
TX,75656,24,32,12,54
TX,75657,19,51,11,28
TX,75658,30,37,32,37
TX,75659,25,36,28,24
TX,75660,19,22,21,50
TX,75661,20,53,24,43
TX,75662,29,45,28,36
TX,75663,34,32,14,25
TX,75666,31,35,26,31
TX,75667,16,23,28,40
TX,75668,41,40,17,36
TX,75669,31,28,18,44
TX,75670,41,34,24,28
TX,75671,21,55,15,46
TX,75672,30,36,18,29
TX,75680,25,38,15,41
TX,75681,14,43,34,42
TX,75682,22,48,31,53
TX,75683,30,38,17,28
TX,75684,21,40,26,43
TX,75685,30,25,14,26
TX,75686,40,31,19,41
TX,75687,22,24,15,53
TX,75688,37,45,20,54
TX,75689,31,52,28,39
TX,75691,25,45,17,66
TX,75692,17,39,28,37
TX,75693,43,22,17,54
TX,75694,33,36,26,25
TX,75701,37,37,19,26
TX,75702,13,30,12,40
TX,75703,24,25,10,61
TX,75704,39,44,33,37
TX,75705,32,35,21,50
TX,75706,23,46,10,50
TX,75707,29,27,12,50
TX,75708,39,49,29,30
TX,75709,37,47,29,53
TX,75710,23,36,10,35
TX,75711,16,36,31,27
TX,75712,29,34,32,38
TX,75713,37,38,23,65
TX,75750,15,22,29,16
TX,75751,24,31,28,19
TX,75752,33,35,20,21
TX,75754,17,31,23,48
TX,75755,14,25,13,17
TX,75756,26,54,11,37
TX,75757,39,57,25,57
TX,75758,36,24,10,32
TX,75759,37,41,16,28
TX,75760,23,35,11,42
TX,75762,22,29,27,45
TX,75763,35,56,28,33
TX,75764,21,46,21,44
TX,75765,29,42,33,19
TX,75766,20,27,11,51
TX,75770,16,62,16,18
TX,75771,26,41,21,46
TX,75772,26,29,13,44
TX,75773,35,35,15,39
TX,75778,40,61,10,53
TX,75779,25,34,24,51
TX,75780,32,36,25,54
TX,75782,41,37,33,38
TX,75783,43,30,28,65
TX,75784,34,51,15,51
TX,75785,20,65,16,33
TX,75788,24,41,30,41
TX,75789,31,23,13,32
TX,75790,38,49,10,45
TX,75791,17,21,10,46
TX,75792,25,48,23,30
TX,75797,22,63,14,38
TX,75798,36,33,16,43
TX,75799,34,34,21,26
TX,75801,29,44,30,26
TX,75802,28,50,31,17
TX,75803,32,32,33,56
TX,75831,31,40,29,31
TX,75832,13,30,10,27
TX,75833,15,26,26,42
TX,75834,40,42,27,40
TX,75835,42,54,32,39
TX,75838,23,45,30,32
TX,75839,18,38,25,42
TX,75840,16,40,14,48
TX,75844,29,35,19,40
TX,75845,32,50,26,21
TX,75846,16,62,13,43
TX,75847,19,32,32,39
TX,75848,30,27,18,24
TX,75849,49,20,20,48
TX,75850,30,36,26,40
TX,75851,23,48,18,27
TX,75852,36,50,25,32
TX,75853,31,49,14,48
TX,75855,26,36,19,54
TX,75856,32,24,26,49
TX,75858,26,30,11,52
TX,75859,38,49,32,21
TX,75860,31,44,24,43
TX,75861,43,23,10,23
TX,75862,20,31,24,32
TX,75865,26,50,21,40
TX,75880,21,48,25,33
TX,75882,38,23,15,37
TX,75884,14,41,22,40
TX,75886,26,26,29,50
TX,75901,28,55,15,51
TX,75902,28,36,29,39
TX,75903,38,26,22,40
TX,75904,23,61,14,42
TX,75915,33,41,19,35
TX,75925,29,45,32,43
TX,75926,32,40,29,40
TX,75928,34,46,26,26
TX,75929,29,32,14,43
TX,75930,19,44,18,33
TX,75931,40,40,24,39
TX,75932,15,39,19,53
TX,75933,41,45,15,49
TX,75934,31,28,28,59
TX,75935,29,39,23,46
TX,75936,40,53,19,32
TX,75937,22,35,14,35
TX,75938,26,52,12,55
TX,75939,42,30,12,34
TX,75941,19,24,21,31
TX,75942,48,32,28,41
TX,75943,34,55,24,60
TX,75944,30,37,21,37
TX,75946,34,33,25,56
TX,75948,42,44,19,34
TX,75949,25,29,15,36
TX,75951,29,54,24,27
TX,75954,19,57,15,69
TX,75956,20,40,31,64
TX,75958,23,49,32,41
TX,75959,37,61,21,63
TX,75960,36,50,9,49
TX,75961,20,44,27,36
TX,75962,26,38,25,19
TX,75963,22,49,18,31
TX,75964,15,38,24,30
TX,75965,31,20,27,26
TX,75966,35,27,24,25
TX,75968,20,60,27,20
TX,75969,26,56,25,36
TX,75972,27,30,13,51
TX,75973,23,31,9,51
TX,75974,16,40,25,49
TX,75975,41,50,18,26
TX,75976,16,43,21,62
TX,75977,27,53,26,45
TX,75978,39,36,11,40
TX,75979,41,19,34,27
TX,75980,29,45,26,36
TX,75990,28,44,28,27
TX,76001,19,48,28,28
TX,76002,13,33,34,53
TX,76003,39,43,32,31
TX,76004,22,52,13,33
TX,76005,29,28,25,27
TX,76006,24,41,29,40
TX,76007,18,31,13,48
TX,76008,27,53,21,30
TX,76009,22,46,19,16
TX,76010,38,37,25,35
TX,76011,25,36,31,66
TX,76012,18,25,20,59
TX,76013,36,50,31,28
TX,76014,48,45,30,45
TX,76015,15,54,20,42
TX,76016,30,37,20,67
TX,76017,38,49,24,55
TX,76018,16,49,14,49
TX,76019,36,44,14,27
TX,76020,27,35,13,25
TX,76021,26,53,26,22
TX,76022,39,35,12,35
TX,76023,41,44,29,22
TX,76028,41,55,30,68
TX,76031,38,35,23,22
TX,76033,37,32,19,57
TX,76034,23,27,23,56
TX,76035,39,35,35,54
TX,76036,31,31,18,55
TX,76039,21,48,13,47
TX,76040,30,26,19,55
TX,76041,19,24,22,43
TX,76043,30,51,27,24
TX,76044,13,20,17,37
TX,76048,36,28,9,38
TX,76049,37,38,28,49
TX,76050,28,31,29,27
TX,76051,18,33,17,49
TX,76052,21,55,11,28
TX,76053,24,37,21,28
TX,76054,32,27,15,39
TX,76055,39,42,25,31
TX,76058,33,30,15,30
TX,76059,42,46,25,40
TX,76060,40,38,20,63
TX,76061,18,25,25,39
TX,76063,12,27,26,22
TX,76064,38,46,27,55
TX,76065,35,39,16,30
TX,76066,34,64,20,19
TX,76067,36,45,10,44
TX,76068,26,61,16,25
TX,76070,23,39,19,50
TX,76071,21,28,24,41
TX,76073,38,39,12,19
TX,76077,29,56,31,32
TX,76078,28,46,32,46
TX,76082,26,38,12,49
TX,76084,39,32,24,30
TX,76085,16,41,19,41
TX,76086,16,27,26,44
TX,76087,25,26,18,57
TX,76088,22,47,14,55
TX,76092,17,54,18,35
TX,76093,14,48,23,25
TX,76094,24,30,29,40
TX,76095,29,52,9,23
TX,76096,16,39,26,28
TX,76097,23,43,17,40
TX,76098,37,29,20,47
TX,76099,29,44,29,53
TX,76101,17,48,13,41
TX,76102,21,19,24,25
TX,76103,25,28,29,26
TX,76104,21,29,13,50
TX,76105,26,22,32,54
TX,76106,37,44,35,69
TX,76107,33,27,13,32
TX,76108,25,36,17,30
TX,76109,26,34,19,40
TX,76110,28,41,20,16
TX,76111,16,46,12,46
TX,76112,28,49,26,41
TX,76113,14,55,24,43
TX,76114,18,33,20,31
TX,76115,36,47,25,46
TX,76116,16,32,13,63
TX,76117,20,51,23,58
TX,76118,18,27,27,47
TX,76119,34,51,26,54
TX,76120,35,46,21,48
TX,76121,40,39,26,36
TX,76122,29,25,13,59
TX,76123,21,39,32,39
TX,76124,25,28,12,30
TX,76126,18,50,33,19
TX,76127,36,48,11,65
TX,76129,16,44,9,37
TX,76130,27,35,27,24
TX,76131,34,24,28,21
TX,76132,20,30,11,33
TX,76133,37,49,14,34
TX,76134,16,26,21,45
TX,76135,32,43,13,27
TX,76136,40,36,22,22
TX,76137,15,68,28,30
TX,76140,22,42,21,30
TX,76147,26,27,9,21
TX,76148,30,36,28,31
TX,76150,41,32,27,37
TX,76155,14,41,13,35
TX,76161,23,41,26,52
TX,76162,26,33,24,41
TX,76163,29,41,29,34
TX,76164,29,35,16,50
TX,76166,17,29,16,37
TX,76177,28,36,24,33
TX,76179,26,51,21,42
TX,76180,24,32,11,45
TX,76181,14,48,10,31
TX,76182,35,41,16,37
TX,76185,33,48,11,36
TX,76190,36,31,32,41
TX,76191,41,25,10,34
TX,76192,22,31,29,67
TX,76193,18,42,29,31
TX,76195,15,41,22,51
TX,76196,39,34,17,52
TX,76197,18,68,17,60
TX,76198,33,48,17,30
TX,76199,34,44,16,51
TX,76201,37,52,33,48
TX,76202,16,29,12,41
TX,76203,35,27,15,21
TX,76204,21,45,11,34
TX,76205,42,60,25,45
TX,76206,17,36,15,27
TX,76207,32,65,15,44
TX,76208,21,36,14,52
TX,76209,29,45,24,43
TX,76210,17,57,23,44
TX,76225,47,66,16,34
TX,76226,22,43,16,48
TX,76227,21,41,15,24
TX,76228,37,57,13,31
TX,76230,35,51,10,43
TX,76233,15,57,19,58
TX,76234,40,20,33,17
TX,76238,39,28,13,28
TX,76239,39,39,24,36
TX,76240,44,37,17,39
TX,76241,29,43,19,32
TX,76244,39,34,29,31
TX,76245,17,38,22,26
TX,76246,20,48,29,41
TX,76247,21,54,20,45
TX,76248,29,31,15,37
TX,76249,24,30,24,49
TX,76250,42,31,9,50
TX,76251,24,31,12,31
TX,76252,44,51,10,46
TX,76253,24,52,19,33
TX,76255,44,52,20,26
TX,76258,21,50,18,24
TX,76259,34,33,12,17
TX,76261,25,36,9,40
TX,76262,17,41,19,23
TX,76263,35,62,18,67
TX,76264,41,37,31,44
TX,76265,29,51,28,41
TX,76266,16,33,11,52
TX,76267,23,52,16,59
TX,76268,34,40,14,46
TX,76270,39,63,22,49
TX,76271,45,43,24,47
TX,76272,33,41,31,51
TX,76273,43,34,14,22
TX,76299,15,29,24,59
TX,76301,19,25,12,30
TX,76302,40,49,15,30
TX,76305,29,51,22,63
TX,76306,36,35,18,46
TX,76307,45,41,26,50
TX,76308,15,58,24,53
TX,76309,38,40,16,21
TX,76310,18,27,20,57
TX,76311,30,29,22,39
TX,76351,24,42,21,26
TX,76352,38,41,15,39
TX,76354,34,55,15,39
TX,76357,36,31,24,33
TX,76360,19,49,30,46
TX,76363,28,31,12,41
TX,76364,19,44,25,23
TX,76365,21,36,18,30
TX,76366,38,50,21,41
TX,76367,28,43,17,23
TX,76369,31,44,26,40
TX,76370,40,32,19,24
TX,76371,32,54,14,58
TX,76372,17,51,21,41
TX,76373,33,25,29,59
TX,76374,43,59,18,64
TX,76377,27,47,19,18
TX,76379,39,23,34,25
TX,76380,37,48,13,21
TX,76384,26,45,17,53
TX,76385,16,43,22,44
TX,76388,32,35,31,42
TX,76389,35,41,11,27
TX,76401,30,33,15,48
TX,76402,47,28,10,18
TX,76424,39,57,25,39
TX,76426,24,32,15,55
TX,76427,27,28,30,56
TX,76429,32,58,24,35
TX,76430,30,64,21,28
TX,76431,30,56,26,39
TX,76432,39,41,19,30
TX,76433,16,44,14,35
TX,76435,29,37,13,35
TX,76436,40,45,17,23
TX,76437,26,48,20,28
TX,76439,41,27,25,28
TX,76442,24,29,12,51
TX,76443,34,41,15,20
TX,76444,44,46,15,35
TX,76445,39,40,14,20
TX,76446,30,54,32,28
TX,76448,37,42,30,46
TX,76449,17,22,30,48
TX,76450,24,29,12,27
TX,76452,46,44,16,44
TX,76453,43,47,10,47
TX,76454,35,39,32,27
TX,76455,43,63,29,26
TX,76457,37,44,24,38
TX,76458,49,41,24,54
TX,76459,16,44,10,29
TX,76460,25,46,18,41
TX,76461,19,63,26,40
TX,76462,28,53,33,60
TX,76463,19,36,20,41
TX,76464,14,38,29,37
TX,76465,17,62,26,20
TX,76466,29,37,17,24
TX,76467,40,53,17,44
TX,76468,40,46,20,44
TX,76469,44,24,12,63
TX,76470,44,21,27,44
TX,76471,33,36,23,55
TX,76472,29,49,32,27
TX,76474,44,24,18,28
TX,76475,18,43,30,47
TX,76476,22,40,16,40
TX,76481,15,36,15,52
TX,76483,33,27,15,56
TX,76484,40,62,25,41
TX,76485,27,34,33,37
TX,76486,21,40,12,55
TX,76487,26,50,17,42
TX,76490,30,28,13,27
TX,76491,19,39,12,30
TX,76501,15,46,30,40
TX,76502,44,27,31,24
TX,76503,42,32,11,23
TX,76504,33,24,29,44
TX,76505,34,46,18,23
TX,76508,45,33,10,25
TX,76511,35,57,16,43
TX,76513,31,49,26,26
TX,76518,13,34,20,63
TX,76519,27,53,11,33
TX,76520,42,30,18,38
TX,76522,45,23,22,28
TX,76523,29,29,23,47
TX,76524,28,35,30,35
TX,76525,16,42,13,45
TX,76526,48,24,15,33
TX,76527,15,42,24,21
TX,76528,33,45,26,21
TX,76530,38,36,14,22
TX,76531,21,20,27,61
TX,76533,29,52,12,54
TX,76534,16,39,30,32
TX,76537,25,41,19,22
TX,76538,31,55,24,19
TX,76539,34,35,19,62
TX,76540,35,50,12,36
TX,76541,20,45,12,47
TX,76542,18,29,28,56
TX,76543,30,38,14,67
TX,76544,18,50,14,47
TX,76545,13,29,13,29
TX,76546,30,33,19,37
TX,76547,25,46,17,25
TX,76548,20,23,23,43
TX,76549,31,55,29,22
TX,76550,17,33,16,58
TX,76554,30,24,34,62
TX,76556,18,32,30,42
TX,76557,41,32,18,42
TX,76558,31,53,32,33
TX,76559,17,55,20,39
TX,76561,21,42,12,41
TX,76564,40,53,21,44
TX,76565,25,44,19,51
TX,76566,40,28,21,40
TX,76567,43,47,32,19
TX,76569,32,33,18,48
TX,76570,24,40,26,48
TX,76571,30,50,21,53
TX,76573,31,38,32,23
TX,76574,45,29,18,26
TX,76577,36,42,19,22
TX,76578,41,43,24,53
TX,76579,32,44,19,46
TX,76596,13,57,25,27
TX,76597,25,33,12,44
TX,76598,38,39,19,23
TX,76599,15,32,33,52
TX,76621,15,52,25,45
TX,76622,13,46,13,48
TX,76623,16,44,22,28
TX,76624,48,35,33,20
TX,76626,28,21,15,58
TX,76627,29,32,9,41
TX,76628,30,33,11,21
TX,76629,35,26,16,30
TX,76630,28,44,27,17
TX,76631,36,43,23,42
TX,76632,37,45,26,60
TX,76633,13,28,23,20
TX,76634,37,65,11,59
TX,76635,16,32,23,39
TX,76636,41,43,15,41
TX,76637,22,65,29,44
TX,76638,27,32,17,19
TX,76639,19,24,22,46
TX,76640,23,40,27,67
TX,76641,15,21,21,29
TX,76642,27,25,29,50
TX,76643,37,38,19,48
TX,76644,17,31,28,49
TX,76645,18,40,28,30
TX,76648,17,35,23,20
TX,76649,21,33,25,36
TX,76650,14,50,27,32
TX,76651,22,59,25,36
TX,76652,16,33,19,32
TX,76653,16,39,21,30
TX,76654,16,33,16,35
TX,76655,27,28,31,43
TX,76656,38,26,19,45
TX,76657,39,30,22,40
TX,76660,36,34,28,34
TX,76661,30,54,24,24
TX,76664,35,27,13,32
TX,76665,17,46,11,54
TX,76666,26,49,31,46
TX,76667,24,38,22,39
TX,76670,44,35,11,26
TX,76671,39,32,16,42
TX,76673,39,28,32,48
TX,76676,14,38,16,43
TX,76678,17,32,13,24
TX,76679,33,54,21,31
TX,76680,26,39,16,26
TX,76681,29,53,34,46
TX,76682,38,55,31,48
TX,76684,26,32,10,44
TX,76685,18,37,35,33
TX,76686,19,68,13,46
TX,76687,35,31,14,36
TX,76689,19,41,23,24
TX,76690,13,22,27,32
TX,76691,18,22,19,33
TX,76692,27,32,31,62
TX,76693,34,43,28,53
TX,76701,27,64,12,68
TX,76702,31,65,34,60
TX,76703,44,45,27,36
TX,76704,33,57,31,54
TX,76705,44,41,20,38
TX,76706,14,47,23,24
TX,76707,40,26,26,41
TX,76708,29,30,27,57
TX,76710,36,54,26,27
TX,76711,38,51,15,34
TX,76712,24,28,19,25
TX,76714,41,55,28,50
TX,76715,40,53,28,26
TX,76716,21,43,18,32
TX,76795,40,55,11,50
TX,76797,39,41,21,39
TX,76798,29,57,27,38
TX,76799,31,53,31,51
TX,76801,37,26,10,34
TX,76802,20,58,10,54
TX,76803,40,60,16,34
TX,76804,30,27,34,24
TX,76820,40,45,25,26
TX,76821,31,23,12,22
TX,76823,42,47,26,23
TX,76824,38,33,28,36
TX,76825,41,45,24,39
TX,76827,18,31,24,24
TX,76828,17,28,11,53
TX,76831,24,44,21,20
TX,76832,28,62,14,31
TX,76834,44,54,28,29
TX,76836,18,46,30,26
TX,76837,24,25,9,44
TX,76841,35,38,16,37
TX,76842,14,29,18,37
TX,76844,29,40,14,45
TX,76845,40,49,19,64
TX,76848,18,33,23,33
TX,76849,25,50,18,62
TX,76852,20,48,21,55
TX,76853,35,31,16,20
TX,76854,14,31,15,19
TX,76855,42,37,29,25
TX,76856,30,41,15,44
TX,76857,30,65,15,28
TX,76858,34,58,21,44
TX,76859,39,26,25,61
TX,76861,34,63,13,36
TX,76862,16,50,30,27
TX,76864,32,28,30,36
TX,76865,28,46,22,31
TX,76866,22,32,22,35
TX,76869,48,41,27,46
TX,76870,35,34,24,41
TX,76871,26,33,10,30
TX,76872,24,22,24,54
TX,76873,32,47,24,17
TX,76874,30,47,28,58
TX,76875,41,23,32,50
TX,76877,25,40,30,40
TX,76878,35,37,23,27
TX,76880,41,50,21,25
TX,76882,47,42,23,39
TX,76883,38,30,12,43
TX,76884,45,34,23,52
TX,76885,35,42,25,47
TX,76886,28,51,22,34
TX,76887,39,48,35,43
TX,76888,35,39,34,40
TX,76890,42,30,11,26
TX,76901,19,37,21,29
TX,76902,42,35,25,48
TX,76903,44,55,9,27
TX,76904,33,31,11,59
TX,76905,40,43,23,19
TX,76906,25,34,30,49
TX,76908,18,36,21,56
TX,76909,25,47,20,33
TX,76930,24,31,15,48
TX,76932,40,38,29,55
TX,76933,45,19,30,30
TX,76934,33,40,13,38
TX,76935,38,31,16,34
TX,76936,31,27,35,30
TX,76937,21,21,11,41
TX,76939,31,28,26,37
TX,76940,39,46,22,48
TX,76941,40,42,32,26
TX,76943,15,53,30,44
TX,76945,34,65,14,66
TX,76949,20,26,18,40
TX,76950,22,37,11,29
TX,76951,28,66,18,26
TX,76953,38,37,20,24
TX,76955,41,48,9,38
TX,76957,39,55,25,56
TX,76958,23,56,21,28
TX,77001,38,42,27,51
TX,77002,60,53,46,95
TX,77003,61,54,34,81
TX,77004,33,32,33,77
TX,77005,55,89,20,46
TX,77006,71,50,26,71
TX,77007,58,63,52,34
TX,77008,39,56,20,66
TX,77009,70,60,21,71
TX,77010,60,52,17,69
TX,77011,33,50,40,89
TX,77012,64,70,42,35
TX,77013,29,50,34,72
TX,77014,61,72,46,52
TX,77015,29,73,54,73
TX,77016,57,87,24,68
TX,77017,64,78,43,67
TX,77018,68,55,25,50
TX,77019,42,67,52,44
TX,77020,44,62,22,49
TX,77021,41,83,50,34
TX,77022,65,71,35,43
TX,77023,39,83,46,64
TX,77024,26,63,21,50
TX,77025,53,75,30,69
TX,77026,76,60,20,84
TX,77027,70,49,44,76
TX,77028,30,68,31,40
TX,77029,39,76,38,67
TX,77030,27,90,48,45
TX,77031,72,58,46,47
TX,77032,21,59,45,95
TX,77033,65,33,44,37
TX,77034,48,69,47,62
TX,77035,25,59,41,51
TX,77036,57,73,36,43
TX,77037,31,57,30,37
TX,77038,36,66,44,61
TX,77039,44,41,41,34
TX,77040,39,61,19,73
TX,77041,49,76,40,60
TX,77042,29,32,54,41
TX,77043,27,51,28,37
TX,77044,57,82,27,43
TX,77045,57,51,38,49
TX,77046,39,68,45,80
TX,77047,26,90,15,50
TX,77048,77,72,16,53
TX,77049,52,85,17,44
TX,77050,42,40,44,42
TX,77051,50,42,37,72
TX,77052,51,90,46,91
TX,77053,47,40,54,95
TX,77054,50,84,28,95
TX,77055,50,57,31,56
TX,77056,34,44,15,63
TX,77057,24,90,46,53
TX,77058,67,39,40,37
TX,77059,58,90,24,95
TX,77060,32,69,20,83
TX,77061,29,42,48,39
TX,77062,64,59,28,25
TX,77063,26,57,42,41
TX,77064,24,75,40,68
TX,77065,51,80,40,91
TX,77066,30,87,21,81
TX,77067,66,51,35,30
TX,77068,35,77,23,76
TX,77069,37,53,28,49
TX,77070,57,77,25,62
TX,77071,53,62,39,65
TX,77072,51,38,40,59
TX,77073,39,76,24,31
TX,77074,55,90,44,87
TX,77075,74,84,36,79
TX,77076,47,73,34,56
TX,77077,68,89,51,54
TX,77078,68,90,44,68
TX,77079,37,90,22,84
TX,77080,53,90,20,67
TX,77081,35,77,46,95
TX,77082,40,90,35,76
TX,77083,62,88,18,78
TX,77084,23,80,24,49
TX,77085,54,33,47,63
TX,77086,62,67,50,46
TX,77087,36,84,35,55
TX,77088,61,80,54,57
TX,77089,63,40,29,72
TX,77090,42,83,43,45
TX,77091,49,69,42,84
TX,77092,70,57,21,51
TX,77093,43,37,20,32
TX,77094,32,61,24,39
TX,77095,29,61,43,32
TX,77096,50,72,45,33
TX,77097,72,57,30,92
TX,77098,48,90,16,95
TX,77099,55,57,21,76
TX,77201,61,77,24,80
TX,77202,41,30,17,80
TX,77203,59,72,41,76
TX,77204,34,76,15,91
TX,77205,60,48,17,62
TX,77206,54,90,16,38
TX,77207,31,64,36,74
TX,77208,53,61,29,56
TX,77209,55,49,29,54
TX,77210,64,42,25,95
TX,77212,35,54,17,41
TX,77213,43,43,23,59
TX,77215,31,46,28,53
TX,77216,58,85,44,65
TX,77217,54,75,25,59
TX,77218,58,66,24,73
TX,77219,67,77,44,66
TX,77220,51,62,51,92
TX,77221,31,58,38,45
TX,77222,49,68,31,49
TX,77223,75,79,35,45
TX,77224,50,45,32,95
TX,77225,41,64,40,80
TX,77226,40,79,43,45
TX,77227,67,74,17,71
TX,77228,39,59,48,76
TX,77229,47,68,40,76
TX,77230,49,46,17,70
TX,77231,46,55,23,66
TX,77233,44,48,25,74
TX,77234,50,90,36,54
TX,77235,75,48,26,70
TX,77236,33,48,15,45
TX,77237,38,72,31,62
TX,77238,57,64,54,71
TX,77240,44,64,51,65
TX,77241,48,50,15,53
TX,77242,28,74,17,40
TX,77243,68,77,34,72
TX,77244,44,40,34,50
TX,77245,65,69,51,49
TX,77246,26,87,19,47
TX,77247,62,90,27,58
TX,77248,45,80,26,83
TX,77249,71,51,22,39
TX,77250,52,57,24,72
TX,77251,58,56,43,52
TX,77252,57,67,22,41
TX,77253,76,80,47,56
TX,77254,25,59,26,92
TX,77255,49,72,20,68
TX,77256,50,78,36,47
TX,77257,46,78,28,58
TX,77258,71,67,40,79
TX,77259,72,84,21,43
TX,77260,35,63,24,85
TX,77261,24,77,46,95
TX,77262,25,73,27,34
TX,77263,35,65,43,66
TX,77265,62,51,50,62
TX,77266,44,87,32,69
TX,77267,42,69,25,33
TX,77268,26,72,40,59
TX,77269,23,43,36,62
TX,77270,57,38,17,61
TX,77271,64,76,24,53
TX,77272,45,55,15,95
TX,77273,49,72,15,45
TX,77274,72,79,35,55
TX,77275,65,79,17,75
TX,77276,33,58,45,62
TX,77277,67,78,51,91
TX,77278,31,55,19,35
TX,77279,28,82,53,88
TX,77280,76,54,17,62
TX,77282,57,73,20,40
TX,77284,44,68,25,57
TX,77285,72,39,27,67
TX,77286,43,46,47,33
TX,77287,37,48,18,87
TX,77288,67,48,48,73
TX,77289,53,48,36,75
TX,77290,28,44,31,75
TX,77291,62,90,38,76
TX,77292,60,90,40,36
TX,77293,65,46,34,46
TX,77294,29,54,40,93
TX,77296,50,82,47,41
TX,77297,44,47,29,63
TX,77298,70,84,45,59
TX,77299,39,41,36,68
TX,77301,22,43,14,62
TX,77302,20,24,9,43
TX,77303,21,28,30,34
TX,77304,22,37,25,40
TX,77305,34,59,27,39
TX,77306,35,31,28,26
TX,77315,51,51,30,25
TX,77316,36,29,22,39
TX,77318,39,44,30,29
TX,77320,22,43,29,25
TX,77325,26,33,17,40
TX,77326,25,48,19,27
TX,77327,39,51,10,56
TX,77328,22,27,29,26
TX,77331,27,33,10,40
TX,77332,20,50,21,23
TX,77333,24,34,27,43
TX,77334,37,42,12,40
TX,77335,22,46,34,36
TX,77336,29,48,18,38
TX,77337,31,65,22,35
TX,77338,28,53,13,25
TX,77339,21,38,9,19
TX,77340,26,41,16,51
TX,77341,15,57,13,33
TX,77342,45,39,11,32
TX,77343,22,55,33,50
TX,77344,32,48,24,27
TX,77345,18,34,30,39
TX,77346,31,37,12,46
TX,77347,19,28,26,17
TX,77348,29,58,27,36
TX,77349,22,36,21,44
TX,77350,37,25,19,52
TX,77351,26,32,14,29
TX,77353,35,30,26,15
TX,77354,16,43,27,50
TX,77355,42,42,14,37
TX,77356,16,40,30,28
TX,77357,48,44,18,33
TX,77358,22,63,24,37
TX,77359,20,43,25,29
TX,77360,18,40,30,42
TX,77362,40,34,23,54
TX,77363,38,56,28,20
TX,77364,20,49,33,22
TX,77365,34,40,29,37
TX,77367,43,21,15,38
TX,77368,43,19,9,45
TX,77369,43,58,18,36
TX,77371,30,39,19,45
TX,77372,45,53,23,70
TX,77373,19,55,26,46
TX,77374,14,66,22,39
TX,77375,15,43,16,29
TX,77376,27,45,27,49
TX,77377,14,42,29,24
TX,77378,16,48,16,17
TX,77379,33,37,22,17
TX,77380,25,38,32,40
TX,77381,35,46,27,27
TX,77382,38,41,18,30
TX,77383,34,41,26,46
TX,77384,23,30,16,40
TX,77385,24,32,20,48
TX,77386,38,50,10,33
TX,77387,46,34,31,45
TX,77388,37,53,22,30
TX,77389,24,43,28,26
TX,77391,43,33,32,27
TX,77393,26,65,14,49
TX,77396,20,40,19,50
TX,77399,17,33,32,41
TX,77401,37,56,30,20
TX,77402,28,40,28,26
TX,77404,24,30,22,64
TX,77406,32,44,17,36
TX,77407,34,29,25,57
TX,77410,30,50,19,40
TX,77411,37,49,18,44
TX,77412,34,51,13,30
TX,77413,42,53,24,67
TX,77414,17,35,16,27
TX,77415,21,51,23,70
TX,77417,22,44,31,37
TX,77418,33,66,22,28
TX,77419,31,28,14,44
TX,77420,19,28,35,31
TX,77422,31,48,15,52
TX,77423,26,60,15,65
TX,77426,39,36,14,37
TX,77428,29,26,29,21
TX,77429,36,51,14,45
TX,77430,20,43,27,46
TX,77431,23,52,17,51
TX,77432,24,48,14,24
TX,77433,14,61,32,47
TX,77434,33,27,20,20
TX,77435,39,42,15,30
TX,77436,32,31,31,43
TX,77437,28,30,25,39
TX,77440,27,43,21,47
TX,77441,18,60,28,28
TX,77442,25,52,23,29
TX,77443,25,28,28,29
TX,77444,43,26,24,52
TX,77445,13,48,30,51
TX,77446,17,39,24,58
TX,77447,30,56,19,46
TX,77448,25,34,26,41
TX,77449,34,36,11,49
TX,77450,47,38,29,52
TX,77451,37,40,22,43
TX,77452,18,25,14,44
TX,77453,23,23,29,22
TX,77454,36,34,17,49
TX,77455,48,45,27,25
TX,77456,29,47,21,18
TX,77457,15,29,25,50
TX,77458,19,31,14,21
TX,77459,44,44,19,17
TX,77460,23,36,20,52
TX,77461,30,34,10,38
TX,77463,33,43,25,44
TX,77464,37,46,14,34
TX,77465,28,45,25,29
TX,77466,36,33,33,37
TX,77467,34,45,20,53
TX,77468,25,42,12,23
TX,77469,47,24,15,46
TX,77470,14,20,14,58
TX,77471,28,30,19,29
TX,77473,28,57,26,65
TX,77474,16,48,29,55
TX,77475,44,39,22,19
TX,77476,32,42,29,47
TX,77477,47,31,22,36
TX,77478,26,38,26,52
TX,77479,24,47,18,31
TX,77480,27,39,20,50
TX,77481,29,41,14,39
TX,77482,35,49,19,49
TX,77483,21,44,11,62
TX,77484,40,42,17,28
TX,77485,40,38,20,17
TX,77486,36,38,16,49
TX,77487,33,38,21,21
TX,77488,32,49,28,42
TX,77489,24,46,11,48
TX,77491,38,22,15,22
TX,77492,18,28,32,44
TX,77493,15,43,13,22
TX,77494,37,33,19,26
TX,77496,28,23,16,28
TX,77497,26,39,10,24
TX,77498,45,27,32,29
TX,77501,43,55,28,48
TX,77502,19,53,32,51
TX,77503,30,24,24,32
TX,77504,13,42,22,32
TX,77505,25,39,25,33
TX,77506,39,59,19,43
TX,77507,23,53,19,52
TX,77508,32,23,18,33
TX,77510,40,38,18,20
TX,77511,28,55,23,27
TX,77512,30,53,28,29
TX,77514,22,42,34,43
TX,77515,45,34,17,28
TX,77516,37,61,23,27
TX,77517,18,31,19,27
TX,77518,30,37,11,40
TX,77519,38,36,19,25
TX,77520,35,25,10,29
TX,77521,46,55,27,50
TX,77522,37,57,29,42
TX,77523,25,57,34,23
TX,77530,29,35,15,29
TX,77531,26,43,20,40
TX,77532,25,56,19,60
TX,77533,29,49,31,58
TX,77534,24,29,13,30
TX,77535,23,27,11,39
TX,77536,16,30,17,53
TX,77538,30,23,9,22
TX,77539,17,63,29,40
TX,77541,22,31,29,38
TX,77542,40,40,22,33
TX,77545,19,30,25,47
TX,77546,36,49,25,25
TX,77547,39,38,18,25
TX,77549,27,36,20,51
TX,77550,43,22,22,37
TX,77551,19,51,28,47
TX,77552,16,33,13,35
TX,77553,23,36,24,43
TX,77554,14,48,11,23
TX,77555,29,44,20,43
TX,77560,21,34,30,24
TX,77561,24,41,16,53
TX,77562,37,45,29,64
TX,77563,20,55,14,37
TX,77564,42,42,16,28
TX,77565,31,38,19,36
TX,77566,33,30,28,31
TX,77568,19,23,25,31
TX,77571,23,36,18,34
TX,77572,17,52,18,33
TX,77573,28,54,29,42
TX,77574,14,42,24,36
TX,77575,32,48,23,42
TX,77577,34,57,27,36
TX,77578,32,23,22,26
TX,77580,31,51,10,57
TX,77581,26,56,26,20
TX,77582,23,28,9,33
TX,77583,20,26,26,41
TX,77584,24,35,30,63
TX,77585,25,40,24,39
TX,77586,40,58,25,17
TX,77587,23,42,32,54
TX,77588,31,47,16,34
TX,77590,31,33,31,31
TX,77591,27,59,23,33
TX,77592,34,31,22,20
TX,77597,15,50,18,35
TX,77598,15,38,18,24
TX,77611,20,42,33,38
TX,77612,19,25,25,47
TX,77613,41,54,21,25
TX,77614,28,33,21,70
TX,77615,18,46,10,26
TX,77616,37,43,11,28
TX,77617,16,44,11,37
TX,77619,36,30,21,29
TX,77622,24,66,17,66
TX,77623,14,36,31,44
TX,77624,33,35,19,23
TX,77625,40,37,23,30
TX,77626,43,46,18,36
TX,77627,38,52,28,43
TX,77629,27,42,20,27
TX,77630,14,47,28,54
TX,77631,41,30,14,27
TX,77632,22,26,11,42
TX,77639,35,26,19,28
TX,77640,26,38,22,26
TX,77641,36,41,31,38
TX,77642,27,27,13,55
TX,77643,13,29,31,42
TX,77650,38,41,10,19
TX,77651,27,48,35,29
TX,77655,26,48,22,45
TX,77656,30,55,30,53
TX,77657,46,48,21,34
TX,77659,22,21,25,31
TX,77660,28,34,19,56
TX,77661,19,45,22,25
TX,77662,39,55,19,34
TX,77663,28,49,26,36
TX,77664,22,40,30,26
TX,77665,32,38,32,20
TX,77670,16,52,11,52
TX,77701,29,48,31,33
TX,77702,29,66,29,43
TX,77703,23,26,10,38
TX,77704,38,22,18,51
TX,77705,29,40,10,58
TX,77706,24,46,19,23
TX,77707,27,62,31,37
TX,77708,31,58,16,38
TX,77709,24,40,15,44
TX,77710,29,51,21,35
TX,77713,31,24,22,50
TX,77720,15,51,23,44
TX,77725,46,43,17,56
TX,77726,21,40,16,40
TX,77801,21,63,13,44
TX,77802,20,27,26,28
TX,77803,26,36,16,40
TX,77805,22,40,11,48
TX,77806,21,60,26,41
TX,77807,17,30,12,21
TX,77808,44,32,31,51
TX,77830,23,51,14,21
TX,77831,20,22,28,41
TX,77833,26,42,14,52
TX,77834,40,39,20,22
TX,77835,34,37,12,29
TX,77836,30,56,29,44
TX,77837,42,24,9,51
TX,77838,16,37,30,62
TX,77840,25,25,16,26
TX,77841,31,35,26,27
TX,77842,17,32,12,29
TX,77843,38,44,14,27
TX,77844,29,41,35,33
TX,77845,16,33,28,30
TX,77850,39,36,20,43
TX,77852,36,32,24,26
TX,77853,28,44,16,56
TX,77855,25,37,32,33
TX,77856,38,38,12,56
TX,77857,26,36,24,70
TX,77859,32,34,27,23
TX,77861,26,43,12,45
TX,77862,22,41,10,65
TX,77863,29,42,14,52
TX,77864,26,42,27,35
TX,77865,25,36,18,35
TX,77866,39,66,32,19
TX,77867,44,37,15,56
TX,77868,27,43,29,22
TX,77869,27,49,13,39
TX,77870,41,55,28,54
TX,77871,44,38,15,52
TX,77872,25,45,33,47
TX,77873,22,31,18,20
TX,77875,20,64,15,48
TX,77876,26,26,17,17
TX,77878,26,28,20,25
TX,77879,26,34,22,54
TX,77880,26,52,26,26
TX,77881,49,37,29,48
TX,77882,37,39,28,51
TX,77901,15,27,20,46
TX,77902,15,64,24,40
TX,77903,33,32,22,67
TX,77904,25,42,23,41
TX,77905,16,33,17,34
TX,77950,44,49,18,45
TX,77951,29,28,23,51
TX,77954,27,65,10,41
TX,77957,28,39,25,37
TX,77960,36,59,9,45
TX,77961,31,38,22,37
TX,77962,43,29,26,50
TX,77963,29,63,26,22
TX,77964,20,29,13,55
TX,77967,15,66,20,28
TX,77968,27,42,27,35
TX,77969,36,55,27,41
TX,77970,38,35,12,35
TX,77971,44,39,29,19
TX,77973,22,50,20,65
TX,77974,13,35,19,27
TX,77975,31,39,26,36
TX,77976,33,22,14,26
TX,77977,45,54,16,35
TX,77978,45,63,30,39
TX,77979,17,57,9,38
TX,77982,18,26,33,23
TX,77983,27,42,34,47
TX,77984,21,38,31,68
TX,77986,36,46,35,53
TX,77987,35,34,15,62
TX,77988,22,28,32,38
TX,77989,34,50,22,27
TX,77990,15,39,29,30
TX,77991,18,23,29,37
TX,77993,16,23,12,66
TX,77994,36,26,12,46
TX,77995,14,31,19,35
TX,78001,28,42,12,24
TX,78002,35,50,21,20
TX,78003,31,59,19,22
TX,78004,37,41,14,60
TX,78005,20,35,23,60
TX,78006,16,46,28,25
TX,78007,30,35,32,30
TX,78008,34,30,10,30
TX,78009,37,36,10,32
TX,78010,34,44,28,51
TX,78011,18,50,19,56
TX,78012,34,42,21,44
TX,78013,44,23,25,34
TX,78014,41,47,28,40
TX,78015,40,34,22,28
TX,78016,38,50,21,50
TX,78017,22,35,23,37
TX,78019,38,25,13,41
TX,78021,44,32,10,41
TX,78022,19,47,20,54
TX,78023,16,42,23,32
TX,78024,40,44,30,64
TX,78025,15,31,33,44
TX,78026,22,44,16,29
TX,78027,34,45,34,55
TX,78028,31,21,31,68
TX,78029,14,56,18,23
TX,78039,31,36,28,27
TX,78040,33,30,27,38
TX,78041,34,49,26,35
TX,78042,16,56,9,29
TX,78043,17,43,29,25
TX,78044,17,58,12,25
TX,78045,43,60,11,29
TX,78046,25,60,33,44
TX,78049,31,32,17,54
TX,78050,15,34,16,47
TX,78052,30,51,9,37
TX,78054,20,29,17,29
TX,78055,39,55,29,34
TX,78056,25,26,21,46
TX,78057,21,44,18,20
TX,78058,16,55,10,57
TX,78059,24,31,33,24
TX,78060,28,37,18,64
TX,78061,34,42,23,46
TX,78062,15,51,26,42
TX,78063,26,33,19,57
TX,78064,24,41,29,29
TX,78065,15,42,10,28
TX,78066,34,21,11,21
TX,78067,14,40,27,29
TX,78069,50,32,17,20
TX,78070,31,23,31,48
TX,78071,25,52,21,44
TX,78072,15,21,23,64
TX,78073,26,22,16,20
TX,78074,25,37,12,71
TX,78075,37,47,14,27
TX,78076,24,31,20,19
TX,78101,17,45,16,62
TX,78102,31,59,20,40
TX,78104,25,51,30,33
TX,78107,29,39,22,54
TX,78108,41,44,10,43
TX,78109,20,49,31,47
TX,78111,16,49,31,64
TX,78112,25,50,25,48
TX,78113,36,59,12,30
TX,78114,30,64,24,61
TX,78115,46,38,23,38
TX,78116,44,64,21,40
TX,78117,36,44,25,26
TX,78118,40,56,11,20
TX,78119,17,42,27,24
TX,78121,24,50,28,57
TX,78122,32,20,10,28
TX,78123,41,57,28,49
TX,78124,15,25,16,36
TX,78125,16,55,21,63
TX,78130,27,27,34,59
TX,78131,32,33,30,27
TX,78132,19,42,22,41
TX,78133,38,53,29,63
TX,78135,36,30,29,22
TX,78140,39,46,9,59
TX,78141,36,38,11,46
TX,78142,31,28,30,68
TX,78143,18,49,20,28
TX,78144,37,35,15,41
TX,78145,17,40,23,31
TX,78146,32,31,34,49
TX,78147,17,29,12,36
TX,78148,16,29,9,35
TX,78150,31,30,27,47
TX,78151,30,62,22,40
TX,78152,44,39,14,47
TX,78154,21,29,14,27
TX,78155,26,47,16,20
TX,78156,21,40,22,40
TX,78159,30,33,21,22
TX,78160,35,37,25,58
TX,78161,25,28,25,57
TX,78162,38,46,10,24
TX,78163,24,44,29,23
TX,78164,29,48,20,44
TX,78201,22,38,20,28
TX,78202,34,22,24,30
TX,78203,37,25,16,28
TX,78204,30,67,19,46
TX,78205,42,40,13,28
TX,78206,29,62,10,48
TX,78207,27,19,15,61
TX,78208,28,40,28,22
TX,78209,16,37,29,53
TX,78210,28,30,22,21
TX,78211,35,50,21,44
TX,78212,26,34,25,62
TX,78213,27,60,10,43
TX,78214,43,37,25,50
TX,78215,14,52,26,35
TX,78216,40,67,33,38
TX,78217,46,24,29,40
TX,78218,40,24,29,43
TX,78219,35,35,16,35
TX,78220,36,28,15,33
TX,78221,18,35,19,51
TX,78222,41,21,21,26
TX,78223,35,61,19,47
TX,78224,19,21,30,43
TX,78225,42,38,27,57
TX,78226,32,30,20,60
TX,78227,39,39,24,36
TX,78228,24,34,12,27
TX,78229,25,44,26,42
TX,78230,36,46,16,35
TX,78231,46,38,22,64
TX,78232,16,38,10,48
TX,78233,26,24,20,35
TX,78234,49,84,15,75
TX,78235,29,25,14,69
TX,78236,20,54,22,42
TX,78237,35,32,23,25
TX,78238,16,40,18,45
TX,78239,16,33,24,67
TX,78240,23,57,28,22
TX,78241,18,37,27,50
TX,78242,32,40,29,41
TX,78243,27,38,30,52
TX,78244,36,50,12,35
TX,78245,13,35,33,41
TX,78246,40,50,19,27
TX,78247,27,42,21,24
TX,78248,34,28,29,20
TX,78249,17,65,27,48
TX,78250,25,60,11,29
TX,78251,30,29,10,46
TX,78252,44,36,12,43
TX,78253,40,61,22,46
TX,78254,28,53,13,36
TX,78255,23,40,9,29
TX,78256,21,58,27,37
TX,78257,17,55,17,30
TX,78258,40,37,11,29
TX,78259,36,33,17,37
TX,78260,40,26,25,20
TX,78261,22,45,13,52
TX,78262,19,30,20,38
TX,78263,19,46,21,46
TX,78264,35,24,30,41
TX,78265,38,60,31,24
TX,78266,31,33,31,25
TX,78268,19,51,15,34
TX,78269,28,37,13,55
TX,78270,44,55,18,46
TX,78275,31,27,29,55
TX,78278,15,55,22,28
TX,78279,22,30,31,49
TX,78280,34,31,22,28
TX,78283,27,56,26,61
TX,78284,27,29,22,60
TX,78285,16,39,15,23
TX,78286,17,36,17,21
TX,78287,20,54,25,29
TX,78288,15,32,12,20
TX,78289,19,30,20,52
TX,78291,30,35,14,49
TX,78292,29,33,17,30
TX,78293,32,58,30,49
TX,78294,24,42,23,30
TX,78295,22,39,28,17
TX,78296,39,40,25,41
TX,78297,22,24,27,42
TX,78298,17,40,18,19
TX,78299,25,43,17,20
TX,78330,28,29,25,31
TX,78332,21,40,17,61
TX,78333,25,56,14,34
TX,78335,48,58,17,54
TX,78336,22,43,19,33
TX,78338,17,45,24,37
TX,78339,37,29,24,59
TX,78340,49,35,16,45
TX,78341,34,28,17,16
TX,78342,22,60,13,45
TX,78343,38,33,10,28
TX,78344,28,31,18,45
TX,78347,15,58,18,21
TX,78349,48,31,28,40
TX,78350,18,48,22,35
TX,78351,23,34,16,33
TX,78352,32,47,12,32
TX,78353,36,21,28,29
TX,78355,15,44,30,49
TX,78357,44,36,30,32
TX,78358,29,34,15,42
TX,78359,13,46,20,34
TX,78360,42,36,28,33
TX,78361,33,56,26,62
TX,78362,46,36,25,42
TX,78363,24,39,24,59
TX,78364,23,56,11,46
TX,78368,24,56,28,41
TX,78369,38,49,14,42
TX,78370,22,28,17,44
TX,78371,30,47,18,37
TX,78372,21,41,15,28
TX,78373,31,42,24,30
TX,78374,24,36,25,32
TX,78375,28,50,17,62
TX,78376,18,61,17,32
TX,78377,15,44,28,26
TX,78379,26,63,24,44
TX,78380,43,35,18,44
TX,78381,35,32,11,15
TX,78382,26,44,23,51
TX,78383,18,67,15,41
TX,78384,29,23,23,49
TX,78385,40,41,12,22
TX,78387,44,31,16,34
TX,78389,16,52,19,38
TX,78390,23,31,12,53
TX,78391,23,61,30,36
TX,78393,23,28,15,45
TX,78401,35,44,17,38
TX,78402,45,61,13,30
TX,78403,16,39,11,18
TX,78404,38,35,11,16
TX,78405,20,26,27,34
TX,78406,40,47,23,45
TX,78407,37,32,28,20
TX,78408,29,23,28,27
TX,78409,42,46,32,49
TX,78410,26,31,11,19
TX,78411,43,47,16,31
TX,78412,30,47,29,26
TX,78413,38,35,17,60
TX,78414,34,24,30,28
TX,78415,25,50,23,42
TX,78416,36,29,17,59
TX,78417,41,40,32,31
TX,78418,31,45,23,35
TX,78419,37,26,11,62
TX,78426,19,56,18,47
TX,78427,21,21,31,57
TX,78460,25,36,30,29
TX,78461,29,29,13,29
TX,78463,43,25,28,57
TX,78465,18,31,18,47
TX,78466,35,36,15,35
TX,78467,34,21,21,36
TX,78468,30,44,20,55
TX,78469,40,41,19,43
TX,78470,30,64,10,70
TX,78471,30,44,16,36
TX,78472,40,37,11,22
TX,78473,20,21,10,54
TX,78474,31,46,21,38
TX,78475,35,31,21,37
TX,78476,35,21,31,28
TX,78477,24,45,22,39
TX,78478,35,56,15,22
TX,78480,19,32,19,30
TX,78501,41,39,29,60
TX,78502,46,42,11,36
TX,78503,28,52,25,41
TX,78504,26,43,24,43
TX,78505,36,23,27,36
TX,78516,29,38,33,52
TX,78520,23,38,13,39
TX,78521,20,29,33,23
TX,78522,35,34,31,32
TX,78523,45,50,15,56
TX,78526,34,35,18,23
TX,78535,31,35,28,59
TX,78536,19,36,25,39
TX,78537,34,42,28,26
TX,78538,25,47,25,37
TX,78539,34,28,34,31
TX,78540,22,36,28,37
TX,78541,20,37,31,36
TX,78542,14,51,13,57
TX,78543,30,56,22,32
TX,78545,20,51,32,34
TX,78547,43,55,24,32
TX,78548,20,45,13,52
TX,78549,30,41,17,40
TX,78550,16,47,17,30
TX,78551,37,40,29,31
TX,78552,40,34,31,21
TX,78553,21,60,31,36
TX,78557,45,35,22,40
TX,78558,45,47,29,30
TX,78559,18,29,31,23
TX,78560,43,27,18,38
TX,78561,13,44,18,57
TX,78562,42,29,12,40
TX,78563,30,42,27,56
TX,78564,23,52,14,51
TX,78565,20,43,23,48
TX,78566,37,51,22,56
TX,78567,19,68,16,34
TX,78568,38,65,30,27
TX,78569,30,36,26,55
TX,78570,31,43,22,41
TX,78572,33,23,33,34
TX,78573,29,57,24,46
TX,78574,40,31,24,30
TX,78575,31,28,22,31
TX,78576,20,23,19,72
TX,78577,38,50,14,17
TX,78578,32,31,17,39
TX,78579,38,34,16,49
TX,78580,14,62,10,34
TX,78582,29,35,12,33
TX,78583,19,39,29,37
TX,78584,20,37,29,34
TX,78585,22,23,11,51
TX,78586,31,39,35,33
TX,78588,24,38,26,26
TX,78589,16,45,15,47
TX,78590,25,46,16,38
TX,78591,31,39,20,32
TX,78592,34,42,31,61
TX,78593,41,51,14,23
TX,78594,31,58,26,35
TX,78595,27,25,9,45
TX,78596,17,29,22,55
TX,78597,17,55,18,43
TX,78598,37,25,34,38
TX,78599,30,53,34,16
TX,78602,46,28,11,42
TX,78604,17,25,19,62
TX,78605,19,49,27,46
TX,78606,18,62,14,56
TX,78607,38,24,22,53
TX,78608,18,19,20,40
TX,78609,19,40,28,23
TX,78610,27,63,31,34
TX,78611,14,32,22,66
TX,78612,26,26,19,68
TX,78613,41,42,23,29
TX,78614,44,27,9,44
TX,78615,21,40,14,24
TX,78616,29,54,19,49
TX,78617,13,49,21,47
TX,78618,14,26,17,43
TX,78619,23,36,31,59
TX,78620,27,56,19,28
TX,78621,13,52,30,30
TX,78622,29,21,11,56
TX,78623,34,29,27,62
TX,78624,27,31,10,58
TX,78626,19,35,16,62
TX,78627,29,44,24,39
TX,78628,29,30,28,28
TX,78629,20,49,22,23
TX,78630,17,30,10,40
TX,78631,28,34,13,25
TX,78632,28,37,10,32
TX,78633,29,38,19,61
TX,78634,36,33,10,28
TX,78635,39,40,17,43
TX,78636,37,49,32,30
TX,78638,29,36,28,35
TX,78639,27,48,13,29
TX,78640,39,42,17,64
TX,78641,17,34,10,66
TX,78642,20,52,22,33
TX,78643,18,42,28,27
TX,78644,25,40,16,31
TX,78645,27,41,25,37
TX,78646,33,33,18,62
TX,78648,21,37,14,40
TX,78650,26,26,25,53
TX,78651,37,43,31,20
TX,78652,45,40,32,19
TX,78653,17,37,23,54
TX,78654,28,40,29,51
TX,78655,26,23,27,21
TX,78656,32,36,26,42
TX,78657,15,40,12,20
TX,78658,27,54,17,39
TX,78659,35,44,20,34
TX,78660,44,46,12,25
TX,78661,24,36,32,44
TX,78662,19,25,28,56
TX,78663,30,32,21,42
TX,78664,36,43,11,50
TX,78665,46,47,27,59
TX,78666,29,33,30,47
TX,78667,38,37,18,37
TX,78669,18,28,13,28
TX,78670,20,64,12,39
TX,78671,26,45,14,54
TX,78672,29,28,27,29
TX,78673,16,33,23,20
TX,78674,17,58,27,52
TX,78675,38,31,27,57
TX,78676,34,27,24,52
TX,78677,16,43,12,31
TX,78680,22,32,29,50
TX,78681,25,59,13,23
TX,78682,36,33,31,45
TX,78683,24,43,20,40
TX,78691,38,30,31,44
TX,78701,21,54,12,20
TX,78702,16,29,13,21
TX,78703,18,43,23,48
TX,78704,33,43,16,43
TX,78705,17,60,28,25
TX,78708,46,46,17,57
TX,78709,32,32,28,27
TX,78710,30,33,27,28
TX,78711,24,25,13,64
TX,78712,36,34,17,22
TX,78713,20,28,27,53
TX,78714,20,24,27,26
TX,78715,24,55,21,45
TX,78716,29,38,18,42
TX,78717,22,50,30,37
TX,78718,38,38,27,28
TX,78719,40,31,12,27
TX,78720,19,56,11,34
TX,78721,32,37,12,26
TX,78722,29,38,12,43
TX,78723,16,35,33,32
TX,78724,43,34,26,34
TX,78725,32,39,17,28
TX,78726,16,54,12,42
TX,78727,32,43,24,24
TX,78728,18,27,12,50
TX,78729,19,30,21,18
TX,78730,22,26,21,47
TX,78731,27,45,29,52
TX,78732,24,45,18,54
TX,78733,27,40,16,43
TX,78734,17,26,22,28
TX,78735,24,52,12,39
TX,78736,49,35,10,31
TX,78737,44,36,23,40
TX,78738,38,49,12,59
TX,78739,15,56,32,26
TX,78741,16,34,28,55
TX,78742,24,52,28,45
TX,78744,38,19,28,39
TX,78745,34,39,20,54
TX,78746,40,30,28,34
TX,78747,31,32,9,18
TX,78748,27,30,23,54
TX,78749,45,39,26,34
TX,78750,22,58,24,41
TX,78751,13,32,33,23
TX,78752,28,44,28,20
TX,78753,28,50,16,36
TX,78754,31,29,16,29
TX,78755,39,50,20,41
TX,78756,36,54,26,42
TX,78757,27,44,24,37
TX,78758,19,38,14,54
TX,78759,46,62,27,33
TX,78760,17,66,25,20
TX,78761,19,24,28,42
TX,78762,26,56,15,30
TX,78763,18,39,33,36
TX,78764,24,51,16,35
TX,78765,16,44,11,27
TX,78766,42,48,13,65
TX,78767,32,26,11,20
TX,78768,17,39,29,29
TX,78769,22,40,21,44
TX,78772,41,32,12,20
TX,78773,16,46,22,24
TX,78774,26,31,18,66
TX,78778,30,37,11,38
TX,78779,24,50,11,23
TX,78780,18,49,16,40
TX,78781,19,46,11,20
TX,78783,46,62,28,28
TX,78785,47,39,23,65
TX,78786,33,37,17,58
TX,78788,39,59,18,62
TX,78789,38,51,28,25
TX,78798,19,46,33,49
TX,78799,20,28,28,48
TX,78801,39,24,9,48
TX,78802,40,33,12,22
TX,78827,31,44,18,24
TX,78828,16,27,19,22
TX,78829,34,64,18,37
TX,78830,35,59,19,36
TX,78832,26,62,15,33
TX,78833,34,29,20,36
TX,78834,33,31,20,52
TX,78836,16,43,16,41
TX,78837,28,33,18,52
TX,78838,32,49,33,54
TX,78839,16,49,27,48
TX,78840,36,60,25,44
TX,78841,38,47,12,26
TX,78842,24,49,33,43
TX,78843,17,48,14,24
TX,78847,31,61,33,31
TX,78850,40,47,15,61
TX,78851,16,26,29,59
TX,78852,20,42,17,35
TX,78853,16,47,30,32
TX,78860,49,36,10,43
TX,78861,38,40,24,39
TX,78870,33,45,20,46
TX,78871,34,40,29,48
TX,78872,33,59,26,64
TX,78873,34,40,17,37
TX,78877,33,36,18,41
TX,78879,35,39,17,37
TX,78880,26,64,12,28
TX,78881,37,25,27,66
TX,78883,26,40,23,46
TX,78884,46,36,23,24
TX,78885,37,49,12,50
TX,78886,36,52,15,44
TX,78931,23,46,14,24
TX,78932,35,28,12,21
TX,78933,20,68,20,28
TX,78934,39,41,13,48
TX,78935,21,37,13,35
TX,78938,33,33,34,27
TX,78940,40,35,19,30
TX,78941,22,26,13,37
TX,78942,36,60,29,37
TX,78943,44,38,29,49
TX,78944,21,34,19,37
TX,78945,35,26,19,61
TX,78946,31,28,28,35
TX,78947,17,38,30,43
TX,78948,41,53,24,37
TX,78949,47,28,13,44
TX,78950,42,60,18,23
TX,78951,20,38,9,31
TX,78952,36,43,25,54
TX,78953,16,35,12,19
TX,78954,31,66,14,24
TX,78956,17,39,24,22
TX,78957,39,42,33,50
TX,78959,20,47,13,36
TX,78960,26,30,14,26
TX,78961,45,21,11,27
TX,78962,28,32,28,50
TX,78963,40,21,15,63
TX,79001,19,22,11,22
TX,79002,30,23,17,26
TX,79003,30,37,11,27
TX,79005,26,32,17,24
TX,79007,27,44,19,25
TX,79008,25,31,27,30
TX,79009,46,38,14,42
TX,79010,43,46,17,39
TX,79011,28,39,14,44
TX,79012,41,33,13,42
TX,79013,17,37,24,33
TX,79014,42,33,19,27
TX,79015,41,29,13,30
TX,79016,38,26,20,25
TX,79018,24,30,16,52
TX,79019,45,37,23,23
TX,79021,31,58,24,47
TX,79022,22,48,27,29
TX,79024,20,47,16,49
TX,79025,13,38,25,39
TX,79027,33,44,19,54
TX,79029,33,36,24,25
TX,79031,18,57,11,29
TX,79032,26,44,10,58
TX,79033,45,55,17,39
TX,79034,30,51,18,44
TX,79035,24,42,9,40
TX,79036,36,48,11,56
TX,79039,35,32,14,51
TX,79040,32,26,22,35
TX,79041,25,63,16,24
TX,79042,32,62,18,25
TX,79043,22,47,14,47
TX,79044,30,44,10,19
TX,79045,26,38,14,49
TX,79046,38,37,31,56
TX,79051,24,65,17,40
TX,79052,31,23,22,44
TX,79053,31,42,19,51
TX,79054,27,46,22,45
TX,79056,48,30,22,20
TX,79057,38,22,31,43
TX,79058,27,28,14,45
TX,79059,59,48,47,75
TX,79061,20,28,20,27
TX,79062,43,45,20,31
TX,79063,33,53,24,37
TX,79064,32,45,12,49
TX,79065,26,52,23,34
TX,79066,44,46,21,41
TX,79068,22,38,25,65
TX,79070,25,40,29,43
TX,79072,17,60,13,36
TX,79073,29,28,10,46
TX,79077,38,36,29,46
TX,79078,37,35,27,65
TX,79079,41,38,30,30
TX,79080,15,47,20,44
TX,79081,26,35,20,58
TX,79082,14,46,17,30
TX,79083,35,67,20,32
TX,79084,19,58,35,49
TX,79085,28,47,23,44
TX,79086,44,31,19,28
TX,79087,30,43,18,40
TX,79088,29,38,23,35
TX,79091,26,57,10,33
TX,79092,36,26,19,36
TX,79093,41,45,14,34
TX,79094,47,31,32,26
TX,79095,13,35,21,17
TX,79096,32,44,29,41
TX,79097,22,34,30,50
TX,79098,44,61,27,50
TX,79101,33,39,28,22
TX,79102,41,31,12,17
TX,79103,35,44,19,43
TX,79104,31,32,11,21
TX,79105,33,57,26,48
TX,79106,19,33,29,33
TX,79107,24,57,34,59
TX,79108,45,47,20,60
TX,79109,24,54,16,25
TX,79110,28,49,29,26
TX,79111,40,56,14,47
TX,79114,34,53,20,35
TX,79116,18,47,35,27
TX,79117,17,58,20,24
TX,79118,39,23,14,48
TX,79119,20,34,21,41
TX,79120,16,56,18,59
TX,79121,19,33,24,29
TX,79124,19,21,28,44
TX,79159,47,26,29,28
TX,79166,27,64,13,35
TX,79168,22,33,30,40
TX,79172,46,23,12,17
TX,79174,16,22,21,54
TX,79178,28,45,20,28
TX,79185,28,40,9,34
TX,79187,16,41,25,59
TX,79189,23,47,24,23
TX,79201,44,45,15,27
TX,79220,16,44,13,41
TX,79221,44,32,15,22
TX,79223,29,37,24,39
TX,79225,34,45,16,29
TX,79226,29,28,15,40
TX,79227,33,48,31,17
TX,79229,37,43,18,28
TX,79230,14,31,13,26
TX,79231,32,64,25,40
TX,79233,35,26,27,47
TX,79234,44,20,9,40
TX,79235,22,27,23,54
TX,79236,33,51,28,46
TX,79237,18,45,18,58
TX,79239,30,41,11,30
TX,79240,30,32,21,42
TX,79241,38,42,25,34
TX,79243,14,44,22,60
TX,79244,21,46,28,31
TX,79245,15,31,19,72
TX,79247,36,56,14,42
TX,79248,37,49,17,57
TX,79250,17,30,9,33
TX,79251,46,26,22,37
TX,79252,29,39,27,59
TX,79255,30,30,10,49
TX,79256,30,37,10,17
TX,79257,17,29,21,49
TX,79258,24,62,24,40
TX,79259,19,44,29,54
TX,79261,47,53,21,33
TX,79311,19,38,33,30
TX,79312,19,32,15,26
TX,79313,29,58,15,34
TX,79314,23,48,10,34
TX,79316,26,33,30,40
TX,79320,37,24,28,38
TX,79322,35,53,18,61
TX,79323,41,82,36,60
TX,79324,29,50,32,44
TX,79325,25,68,11,47
TX,79326,21,34,18,48
TX,79329,41,32,20,34
TX,79330,33,51,29,40
TX,79331,42,44,15,32
TX,79336,24,58,15,49
TX,79338,46,36,32,31
TX,79339,35,56,14,38
TX,79342,42,43,11,64
TX,79343,34,39,11,49
TX,79344,32,49,33,67
TX,79345,21,23,23,53
TX,79346,15,49,19,44
TX,79347,28,22,27,41
TX,79350,32,59,18,61
TX,79351,32,54,27,32
TX,79353,29,31,21,32
TX,79355,30,27,33,44
TX,79356,31,38,26,45
TX,79357,33,35,21,38
TX,79358,24,28,21,39
TX,79359,36,51,33,17
TX,79360,31,41,10,44
TX,79363,18,42,16,28
TX,79364,29,24,19,43
TX,79366,30,45,11,27
TX,79367,43,46,20,20
TX,79369,34,35,24,34
TX,79370,24,46,12,59
TX,79371,22,55,28,41
TX,79372,35,39,12,30
TX,79373,23,27,25,40
TX,79376,24,28,26,48
TX,79377,19,47,12,26
TX,79378,25,34,19,40
TX,79379,18,45,15,26
TX,79380,29,28,26,21
TX,79381,23,44,29,41
TX,79382,40,34,9,45
TX,79383,19,20,16,52
TX,79401,29,52,21,45
TX,79402,24,28,21,48
TX,79403,16,55,28,53
TX,79404,27,58,9,32
TX,79405,14,48,29,27
TX,79406,28,39,27,50
TX,79407,21,68,16,61
TX,79408,32,23,14,50
TX,79409,30,35,25,19
TX,79410,21,51,21,44
TX,79411,26,32,26,33
TX,79412,22,25,29,46
TX,79413,30,51,25,27
TX,79414,35,56,30,49
TX,79415,24,23,11,32
TX,79416,20,47,12,44
TX,79423,37,47,11,32
TX,79424,18,23,21,41
TX,79430,22,45,25,63
TX,79452,21,32,16,30
TX,79453,35,40,13,35
TX,79457,15,28,15,44
TX,79464,26,42,13,46
TX,79490,45,31,28,37
TX,79491,14,30,28,50
TX,79493,46,40,18,45
TX,79499,29,25,22,28
TX,79501,34,38,20,38
TX,79502,31,26,20,39
TX,79503,32,32,29,23
TX,79504,16,39,22,48
TX,79505,35,31,12,27
TX,79506,31,33,25,24
TX,79508,31,36,15,56
TX,79510,27,43,15,44
TX,79511,49,58,25,52
TX,79512,19,48,26,39
TX,79516,27,22,23,30
TX,79517,43,33,9,26
TX,79518,20,48,19,59
TX,79519,19,36,16,43
TX,79520,38,25,28,30
TX,79521,34,45,24,34
TX,79525,48,31,15,52
TX,79526,38,31,19,27
TX,79527,32,54,26,30
TX,79528,18,30,12,41
TX,79529,31,32,12,59
TX,79530,19,49,24,24
TX,79532,18,46,19,20
TX,79533,47,33,28,26
TX,79534,21,52,17,29
TX,79535,25,47,9,27
TX,79536,38,24,18,59
TX,79537,19,25,19,56
TX,79538,21,64,30,46
TX,79539,18,34,26,20
TX,79540,25,38,29,46
TX,79541,31,33,15,31
TX,79543,36,43,28,52
TX,79544,28,38,28,63
TX,79545,22,24,19,24
TX,79546,16,65,17,57
TX,79547,28,25,14,18
TX,79548,36,27,12,45
TX,79549,41,33,29,48
TX,79550,35,44,12,58
TX,79553,15,26,28,52
TX,79556,33,43,24,39
TX,79560,26,55,21,35
TX,79561,21,26,9,38
TX,79562,27,43,16,38
TX,79563,45,62,21,59
TX,79565,18,27,24,33
TX,79566,34,27,9,27
TX,79567,18,47,12,43
TX,79601,17,52,24,24
TX,79602,35,27,14,21
TX,79603,36,58,12,42
TX,79604,34,44,24,35
TX,79605,18,48,19,21
TX,79606,34,30,17,34
TX,79607,29,36,19,50
TX,79608,31,42,29,19
TX,79697,41,33,17,64
TX,79698,20,45,22,61
TX,79699,34,39,28,34
TX,79701,33,35,11,46
TX,79702,19,36,29,30
TX,79703,16,45,21,40
TX,79704,35,52,21,37
TX,79705,15,23,27,18
TX,79706,26,21,10,27
TX,79707,43,50,19,24
TX,79708,26,42,32,46
TX,79710,16,36,30,54
TX,79711,22,37,29,20
TX,79712,14,28,27,35
TX,79713,22,43,13,20
TX,79714,38,50,25,51
TX,79718,22,54,28,27
TX,79719,20,37,22,40
TX,79720,36,24,25,39
TX,79721,16,51,16,36
TX,79730,46,29,11,49
TX,79731,26,25,22,34
TX,79733,32,48,11,44
TX,79734,20,40,11,28
TX,79735,18,28,22,30
TX,79738,31,31,12,41
TX,79739,35,20,21,35
TX,79740,31,26,24,59
TX,79741,43,53,13,41
TX,79742,28,29,16,19
TX,79743,40,59,20,38
TX,79744,47,33,30,55
TX,79745,41,39,30,37
TX,79748,20,30,17,28
TX,79749,33,31,9,28
TX,79752,39,31,33,66
TX,79754,23,51,11,46
TX,79755,47,47,11,22
TX,79756,45,24,17,43
TX,79758,21,36,27,45
TX,79759,14,35,13,55
TX,79760,20,27,20,44
TX,79761,17,51,30,49
TX,79762,44,28,11,29
TX,79763,31,31,17,17
TX,79764,27,33,12,37
TX,79765,38,40,13,35
TX,79766,33,38,18,22
TX,79768,24,33,19,30
TX,79769,29,52,29,69
TX,79770,23,32,14,36
TX,79772,41,40,13,19
TX,79776,43,33,31,62
TX,79777,34,53,30,65
TX,79778,19,46,9,38
TX,79780,17,55,9,25
TX,79781,18,51,20,48
TX,79782,35,24,24,64
TX,79783,21,34,14,54
TX,79785,27,31,24,27
TX,79786,21,45,23,26
TX,79788,38,36,23,24
TX,79789,14,34,30,59
TX,79821,34,49,24,41
TX,79830,20,44,24,34
TX,79831,23,30,21,50
TX,79832,33,31,21,36
TX,79834,23,50,26,67
TX,79835,47,24,25,54
TX,79836,15,55,26,29
TX,79837,18,41,29,67
TX,79838,16,52,29,53
TX,79839,34,32,17,55
TX,79842,14,46,31,18
TX,79843,18,45,21,51
TX,79845,38,40,21,21
TX,79846,33,34,33,31
TX,79847,42,56,22,17
TX,79848,37,50,31,36
TX,79849,33,29,19,32
TX,79851,22,50,33,39
TX,79852,38,26,25,34
TX,79853,27,31,30,61
TX,79854,18,41,15,56
TX,79855,24,49,28,22
TX,79901,23,34,20,38
TX,79902,28,37,32,41
TX,79903,29,54,34,37
TX,79904,15,37,16,70
TX,79905,31,42,19,23
TX,79906,19,53,19,23
TX,79907,22,32,16,46
TX,79908,18,30,12,38
TX,79910,32,52,33,26
TX,79911,27,62,26,58
TX,79912,13,25,12,40
TX,79913,20,51,23,49
TX,79914,26,44,19,29
TX,79915,36,61,15,16
TX,79916,32,52,20,66
TX,79917,18,53,20,21
TX,79918,26,23,22,23
TX,79920,28,30,30,44
TX,79922,37,50,19,65
TX,79923,15,25,13,41
TX,79924,13,25,35,23
TX,79925,33,44,29,36
TX,79926,29,29,23,61
TX,79927,31,52,27,56
TX,79928,36,48,25,26
TX,79929,27,42,11,44
TX,79930,20,45,20,47
TX,79931,30,24,31,26
TX,79932,39,56,11,48
TX,79934,41,60,22,48
TX,79935,20,30,17,60
TX,79936,42,36,18,27
TX,79937,15,48,17,28
TX,79938,28,47,16,35
TX,79940,26,41,24,49
TX,79941,30,45,28,28
TX,79942,30,41,16,22
TX,79943,36,60,31,27
TX,79944,22,37,31,23
TX,79945,20,36,19,39
TX,79946,29,49,17,24
TX,79947,26,41,17,62
TX,79948,21,27,17,53
TX,79949,43,37,28,48
TX,79950,38,47,21,32
TX,79951,27,19,17,21
TX,79952,30,29,11,25
TX,79953,46,42,27,48
TX,79954,38,31,28,23
TX,79955,39,60,22,38
TX,79958,34,59,13,21
TX,79960,29,35,18,55
TX,79961,28,32,10,29
TX,79968,34,19,23,63
TX,79976,24,53,20,28
TX,79978,22,31,29,32
TX,79980,23,49,20,39
TX,79990,34,24,31,42
TX,79995,24,58,25,33
TX,79996,23,59,28,40
TX,79997,35,47,15,22
TX,79998,41,51,17,30
TX,79999,23,38,29,33
CO,80001,14,17,25,33
CO,80002,15,46,17,26
CO,80003,23,37,14,17
CO,80004,31,31,16,30
CO,80005,34,51,22,40
CO,80006,22,33,25,22
CO,80007,32,23,24,26
CO,80010,28,30,10,40
CO,80011,26,20,8,19
CO,80012,33,31,12,33
CO,80013,27,26,19,47
CO,80014,28,23,13,28
CO,80015,23,23,20,40
CO,80016,34,32,18,24
CO,80017,17,39,16,39
CO,80018,14,51,23,22
CO,80019,31,55,22,38
CO,80020,27,44,16,19
CO,80021,38,28,13,28
CO,80022,26,43,15,49
CO,80023,27,44,24,18
CO,80024,11,16,10,52
CO,80025,35,47,19,27
CO,80026,16,44,14,16
CO,80027,24,51,13,16
CO,80028,18,45,10,18
CO,80030,40,34,9,42
CO,80031,24,27,12,35
CO,80033,38,20,10,20
CO,80034,12,40,13,22
CO,80035,27,18,21,20
CO,80036,23,41,11,29
CO,80037,18,32,9,34
CO,80038,34,24,24,15
CO,80040,24,33,20,46
CO,80041,16,27,23,19
CO,80042,32,18,13,19
CO,80044,13,43,9,30
CO,80045,15,31,10,48
CO,80046,30,18,9,33
CO,80047,13,29,13,19
CO,80101,28,32,15,35
CO,80102,24,27,11,25
CO,80103,40,29,8,19
CO,80104,18,23,9,34
CO,80105,11,27,22,20
CO,80106,29,33,20,16
CO,80107,19,28,18,26
CO,80108,18,44,12,16
CO,80109,29,21,13,19
CO,80110,19,40,19,34
CO,80111,29,31,13,13
CO,80112,35,19,10,44
CO,80113,30,50,10,32
CO,80116,14,21,26,37
CO,80117,20,23,17,39
CO,80118,21,17,19,43
CO,80120,22,50,19,33
CO,80121,20,23,14,31
CO,80122,22,26,21,55
CO,80123,28,16,25,42
CO,80124,15,32,17,23
CO,80125,29,29,24,35
CO,80126,13,18,9,41
CO,80127,24,21,10,20
CO,80128,22,21,23,23
CO,80129,31,45,21,25
CO,80130,33,27,23,18
CO,80131,28,36,16,19
CO,80132,12,32,22,22
CO,80133,15,43,20,31
CO,80134,22,32,25,40
CO,80135,17,29,15,26
CO,80136,13,28,18,24
CO,80137,28,35,25,48
CO,80138,14,26,17,46
CO,80150,28,35,11,24
CO,80151,29,24,12,23
CO,80155,34,26,15,17
CO,80160,27,26,8,24
CO,80161,25,31,20,31
CO,80162,19,34,8,32
CO,80163,22,41,18,25
CO,80165,37,48,26,20
CO,80166,28,31,11,22
CO,80201,37,62,31,55
CO,80202,24,49,33,40
CO,80203,38,49,27,48
CO,80204,19,42,26,34
CO,80205,21,29,20,42
CO,80206,58,55,19,28
CO,80207,30,31,14,34
CO,80208,32,51,17,42
CO,80209,42,30,16,21
CO,80210,48,53,30,28
CO,80211,36,53,14,29
CO,80212,41,61,28,26
CO,80214,40,49,17,18
CO,80215,43,54,17,37
CO,80216,35,46,31,28
CO,80217,52,42,27,43
CO,80218,48,51,23,62
CO,80219,22,75,33,65
CO,80220,33,55,33,27
CO,80221,23,33,11,48
CO,80222,22,61,27,48
CO,80223,43,42,35,36
CO,80224,27,46,14,49
CO,80225,37,43,14,45
CO,80226,26,46,13,42
CO,80227,41,54,16,40
CO,80228,25,27,25,29
CO,80229,44,35,14,54
CO,80230,35,48,29,59
CO,80231,49,74,20,40
CO,80232,30,62,28,38
CO,80233,41,61,25,27
CO,80234,22,57,22,39
CO,80235,53,63,17,57
CO,80236,24,52,31,24
CO,80237,47,63,15,42
CO,80238,19,49,24,42
CO,80239,46,63,13,62
CO,80241,18,28,21,14
CO,80243,26,44,24,38
CO,80244,24,47,31,33
CO,80246,33,43,28,59
CO,80247,28,45,27,54
CO,80248,33,61,26,42
CO,80249,38,50,19,37
CO,80250,49,47,16,23
CO,80251,31,47,26,35
CO,80252,24,35,26,42
CO,80256,46,59,25,24
CO,80257,52,76,16,18
CO,80259,23,38,11,21
CO,80260,42,29,12,51
CO,80261,29,66,31,55
CO,80262,47,39,26,42
CO,80263,15,42,13,34
CO,80264,39,63,32,68
CO,80265,33,69,21,38
CO,80266,40,40,36,18
CO,80271,24,40,17,66
CO,80273,24,24,31,51
CO,80274,15,57,24,54
CO,80279,22,75,11,45
CO,80280,24,49,35,38
CO,80281,30,28,24,28
CO,80290,46,41,33,38
CO,80291,33,44,30,59
CO,80293,19,50,20,30
CO,80294,46,53,25,26
CO,80295,38,34,26,68
CO,80299,58,44,22,57
CO,80301,14,18,7,18
CO,80302,20,34,16,13
CO,80303,13,23,27,33
CO,80304,19,30,8,14
CO,80305,17,36,19,31
CO,80306,27,50,18,27
CO,80307,27,24,19,50
CO,80308,15,28,7,36
CO,80309,30,51,11,47
CO,80310,15,27,8,34
CO,80314,11,25,12,46
CO,80321,30,45,25,39
CO,80322,22,28,17,32
CO,80323,14,22,24,15
CO,80328,30,47,8,30
CO,80329,30,27,17,22
CO,80401,22,41,23,21
CO,80402,26,22,24,25
CO,80403,34,47,16,40
CO,80419,30,43,11,28
CO,80420,19,27,13,29
CO,80421,13,26,23,22
CO,80422,22,27,26,18
CO,80423,28,44,13,13
CO,80424,15,36,20,20
CO,80425,20,23,8,30
CO,80426,35,41,18,22
CO,80427,32,52,8,40
CO,80428,32,48,21,42
CO,80429,18,54,14,43
CO,80430,16,27,14,32
CO,80432,17,35,24,26
CO,80433,36,25,15,24
CO,80434,20,51,16,37
CO,80435,27,42,19,44
CO,80436,24,38,20,39
CO,80437,16,49,17,34
CO,80438,34,30,16,44
CO,80439,31,48,20,15
CO,80440,20,41,19,34
CO,80442,16,26,15,34
CO,80443,23,54,24,39
CO,80444,21,34,9,52
CO,80446,13,32,7,47
CO,80447,36,39,22,42
CO,80448,27,32,20,27
CO,80449,33,36,9,32
CO,80451,12,35,9,28
CO,80452,32,30,7,36
CO,80453,23,29,15,33
CO,80454,25,49,14,37
CO,80455,18,41,9,34
CO,80456,32,26,14,28
CO,80457,21,33,13,31
CO,80459,31,27,18,29
CO,80461,18,51,20,37
CO,80463,25,50,19,30
CO,80465,21,33,18,26
CO,80466,11,23,19,46
CO,80467,28,31,13,37
CO,80468,25,20,9,23
CO,80469,26,23,23,25
CO,80470,31,40,20,26
CO,80471,32,33,18,28
CO,80473,20,42,16,22
CO,80474,34,29,12,31
CO,80475,28,24,21,50
CO,80476,31,34,16,13
CO,80477,15,27,13,32
CO,80478,28,34,16,43
CO,80479,25,51,13,19
CO,80480,18,38,23,34
CO,80481,17,29,16,34
CO,80482,30,30,13,34
CO,80483,20,21,26,27
CO,80487,12,27,16,23
CO,80488,24,23,14,16
CO,80497,18,20,12,27
CO,80498,23,32,20,45
CO,80501,13,31,12,40
CO,80502,33,41,10,34
CO,80503,31,36,12,24
CO,80504,26,28,26,17
CO,80510,15,42,26,17
CO,80511,33,28,24,26
CO,80512,17,38,10,47
CO,80513,30,39,18,29
CO,80514,13,38,15,48
CO,80515,32,24,10,35
CO,80516,32,33,10,37
CO,80517,12,54,15,44
CO,80520,30,33,26,18
CO,80521,22,34,17,39
CO,80522,22,32,17,41
CO,80523,19,51,19,45
CO,80524,26,24,8,27
CO,80525,23,48,15,20
CO,80526,28,36,16,36
CO,80527,40,48,9,14
CO,80528,23,26,9,18
CO,80530,32,23,13,39
CO,80532,24,23,24,18
CO,80533,35,48,13,29
CO,80534,13,27,9,49
CO,80535,22,32,18,21
CO,80536,25,28,11,27
CO,80537,23,38,9,31
CO,80538,27,29,19,21
CO,80539,23,21,23,26
CO,80540,27,33,7,39
CO,80541,25,22,10,31
CO,80542,28,25,13,30
CO,80543,36,48,9,19
CO,80544,11,37,22,21
CO,80545,20,22,14,13
CO,80546,36,37,10,20
CO,80547,14,29,10,30
CO,80549,32,29,19,44
CO,80550,22,23,14,33
CO,80551,31,34,16,18
CO,80553,32,23,19,46
CO,80601,26,30,8,17
CO,80602,31,29,11,44
CO,80603,35,16,22,32
CO,80610,34,40,9,35
CO,80611,19,25,20,42
CO,80612,33,29,20,47
CO,80614,23,29,11,39
CO,80615,28,44,12,45
CO,80620,12,40,21,25
CO,80621,19,40,14,32
CO,80622,26,39,12,31
CO,80623,18,22,26,42
CO,80624,25,28,9,19
CO,80631,21,33,15,14
CO,80632,37,23,14,52
CO,80633,28,39,20,20
CO,80634,25,23,27,38
CO,80638,22,22,15,21
CO,80639,30,33,13,40
CO,80640,22,24,16,23
CO,80642,23,29,25,47
CO,80643,27,35,24,20
CO,80644,35,30,9,39
CO,80645,35,48,10,31
CO,80646,34,53,21,15
CO,80648,14,38,15,28
CO,80649,32,39,11,42
CO,80650,14,35,17,32
CO,80651,24,27,22,40
CO,80652,23,36,20,22
CO,80653,33,36,25,28
CO,80654,25,36,24,40
CO,80701,38,55,17,39
CO,80705,28,27,20,36
CO,80720,22,35,14,20
CO,80721,24,27,14,44
CO,80722,18,37,8,26
CO,80723,18,42,12,28
CO,80726,16,20,8,24
CO,80727,26,23,22,38
CO,80728,33,29,9,19
CO,80729,30,42,19,20
CO,80731,14,16,17,34
CO,80732,36,39,16,45
CO,80733,17,23,22,29
CO,80734,38,23,24,16
CO,80735,23,45,10,28
CO,80736,35,34,11,33
CO,80737,34,22,16,31
CO,80740,36,23,17,35
CO,80741,14,32,14,51
CO,80742,14,33,19,33
CO,80743,21,50,14,34
CO,80744,14,29,19,25
CO,80745,13,31,14,33
CO,80746,34,36,18,27
CO,80747,16,39,8,25
CO,80749,23,36,24,23
CO,80750,11,29,11,31
CO,80751,30,21,27,44
CO,80754,10,29,11,13
CO,80755,27,48,13,34
CO,80757,26,49,11,47
CO,80758,27,33,26,17
CO,80759,33,37,23,35
CO,80801,23,22,14,33
CO,80802,27,31,12,40
CO,80804,14,42,11,22
CO,80805,16,30,17,36
CO,80807,37,20,14,23
CO,80808,35,24,26,34
CO,80809,20,35,13,24
CO,80810,16,31,13,22
CO,80812,22,39,16,22
CO,80813,27,44,11,29
CO,80814,16,34,24,39
CO,80815,27,22,22,18
CO,80816,39,39,18,19
CO,80817,15,41,8,31
CO,80818,24,52,14,23
CO,80819,32,39,14,32
CO,80820,13,31,12,16
CO,80821,23,22,11,41
CO,80822,12,28,25,29
CO,80823,33,51,9,44
CO,80824,33,21,10,26
CO,80825,18,25,20,50
CO,80826,39,20,18,28
CO,80827,40,42,9,34
CO,80828,19,44,10,25
CO,80829,33,22,13,33
CO,80830,23,17,20,27
CO,80831,35,27,8,37
CO,80832,33,34,19,28
CO,80833,11,25,24,33
CO,80834,33,41,11,19
CO,80835,14,37,16,46
CO,80836,32,23,15,40
CO,80840,16,25,19,30
CO,80841,23,43,25,53
CO,80860,30,33,16,20
CO,80861,13,30,11,24
CO,80862,31,29,12,21
CO,80863,21,28,11,21
CO,80864,12,21,23,28
CO,80866,17,44,17,32
CO,80901,17,34,11,21
CO,80902,29,49,13,24
CO,80903,23,26,12,29
CO,80904,29,24,12,15
CO,80905,28,51,16,47
CO,80906,25,22,25,36
CO,80907,40,24,10,44
CO,80908,32,31,10,24
CO,80909,31,38,10,19
CO,80910,15,41,13,20
CO,80911,19,36,16,33
CO,80912,21,52,10,20
CO,80913,16,23,14,27
CO,80914,27,33,15,34
CO,80915,38,24,10,20
CO,80916,13,51,18,16
CO,80917,12,39,17,19
CO,80918,18,24,14,35
CO,80919,20,52,14,44
CO,80920,26,22,17,13
CO,80921,21,29,16,51
CO,80922,18,21,14,25
CO,80923,37,36,9,16
CO,80924,35,44,25,28
CO,80925,31,30,21,32
CO,80926,36,28,19,33
CO,80927,13,41,18,36
CO,80928,30,33,16,29
CO,80929,37,53,21,31
CO,80930,20,44,12,29
CO,80931,21,36,12,22
CO,80932,30,50,21,24
CO,80933,28,48,17,50
CO,80934,29,50,7,23
CO,80935,14,29,18,34
CO,80936,21,41,14,29
CO,80937,34,32,19,22
CO,80938,33,36,11,26
CO,80939,21,31,17,26
CO,80940,17,29,23,30
CO,80941,26,41,17,23
CO,80942,30,37,20,18
CO,80943,24,45,7,28
CO,80944,21,34,17,33
CO,80945,32,26,10,15
CO,80946,21,45,16,36
CO,80947,33,35,9,34
CO,80949,32,25,24,25
CO,80950,30,23,8,31
CO,80951,18,29,9,30
CO,80960,18,37,15,36
CO,80962,24,35,14,43
CO,80970,15,41,15,37
CO,80977,37,21,16,34
CO,80995,23,42,8,24
CO,80997,26,25,19,27
CO,81001,27,47,13,15
CO,81002,26,34,16,19
CO,81003,23,34,10,21
CO,81004,17,30,21,21
CO,81005,22,24,11,25
CO,81006,35,52,14,48
CO,81007,24,31,18,34
CO,81008,22,24,17,21
CO,81009,14,23,19,33
CO,81010,16,50,13,18
CO,81011,25,35,16,20
CO,81012,37,32,18,31
CO,81019,24,39,20,18
CO,81020,17,45,25,38
CO,81021,20,36,20,18
CO,81022,15,40,15,44
CO,81023,32,28,9,24
CO,81024,32,23,8,20
CO,81025,34,22,19,39
CO,81027,31,46,20,40
CO,81029,28,31,19,29
CO,81030,15,21,13,27
CO,81033,31,22,10,28
CO,81034,33,19,8,21
CO,81036,13,42,18,22
CO,81038,13,45,21,32
CO,81039,29,27,17,23
CO,81040,38,40,17,40
CO,81041,29,25,20,17
CO,81043,19,36,17,34
CO,81044,23,18,15,32
CO,81045,19,26,10,12
CO,81046,22,32,26,37
CO,81047,21,20,12,36
CO,81049,27,18,10,35
CO,81050,14,48,21,26
CO,81052,38,24,25,14
CO,81054,20,34,7,17
CO,81055,30,23,12,25
CO,81057,13,44,26,29
CO,81058,35,46,21,22
CO,81059,15,45,18,16
CO,81062,20,26,10,18
CO,81063,18,36,22,31
CO,81064,15,35,12,33
CO,81067,16,19,20,22
CO,81069,31,24,26,33
CO,81071,30,23,19,29
CO,81073,32,31,23,31
CO,81075,16,22,13,23
CO,81076,25,34,8,18
CO,81077,24,31,13,32
CO,81081,23,34,13,52
CO,81082,21,28,10,38
CO,81084,31,38,18,37
CO,81087,30,41,13,13
CO,81089,14,27,7,35
CO,81090,24,19,14,38
CO,81091,24,27,23,36
CO,81092,19,49,23,19
CO,81101,25,31,23,38
CO,81102,14,33,14,18
CO,81120,34,39,18,31
CO,81121,23,36,13,30
CO,81122,22,24,9,37
CO,81123,24,26,8,34
CO,81124,19,33,15,22
CO,81125,31,34,22,18
CO,81126,15,33,8,32
CO,81127,26,33,18,20
CO,81128,24,21,21,27
CO,81129,22,27,24,41
CO,81130,24,27,8,36
CO,81131,27,20,27,31
CO,81132,24,24,15,25
CO,81133,19,33,9,24
CO,81134,15,20,11,34
CO,81135,22,45,10,25
CO,81136,18,49,8,27
CO,81137,15,30,15,25
CO,81138,25,28,13,15
CO,81140,32,33,17,23
CO,81141,14,38,19,39
CO,81143,17,48,21,25
CO,81144,26,22,9,39
CO,81146,40,37,19,25
CO,81147,22,36,15,38
CO,81148,21,25,9,41
CO,81149,34,34,13,35
CO,81151,17,44,12,20
CO,81152,23,27,21,31
CO,81153,22,28,15,20
CO,81154,12,46,19,27
CO,81155,21,40,19,31
CO,81157,14,35,23,23
CO,81201,18,24,9,14
CO,81210,38,48,10,40
CO,81211,20,35,22,35
CO,81212,23,17,8,30
CO,81215,29,34,22,32
CO,81220,30,25,16,48
CO,81221,22,19,24,23
CO,81222,26,31,18,16
CO,81223,25,51,11,21
CO,81224,12,28,20,15
CO,81225,15,34,25,40
CO,81226,38,48,13,22
CO,81227,19,26,15,31
CO,81228,18,17,9,26
CO,81230,21,33,19,31
CO,81231,17,39,17,31
CO,81232,23,32,8,19
CO,81233,17,29,21,14
CO,81235,40,24,22,17
CO,81236,23,27,17,42
CO,81237,21,31,8,41
CO,81239,31,30,20,20
CO,81240,28,39,8,17
CO,81241,13,39,10,17
CO,81242,37,47,22,28
CO,81243,16,22,12,47
CO,81244,37,23,23,16
CO,81247,30,31,21,48
CO,81248,26,38,20,19
CO,81251,24,18,15,17
CO,81252,15,28,8,22
CO,81253,27,39,15,17
CO,81290,24,55,8,26
CO,81301,22,38,11,22
CO,81302,27,43,24,18
CO,81303,32,39,18,40
CO,81320,21,27,11,30
CO,81321,23,55,9,47
CO,81323,33,39,15,32
CO,81324,31,41,8,31
CO,81325,28,32,16,45
CO,81326,17,52,26,21
CO,81327,16,45,20,42
CO,81328,17,37,25,14
CO,81329,20,31,21,24
CO,81330,33,20,13,33
CO,81331,36,30,26,24
CO,81332,16,22,19,37
CO,81334,22,53,12,24
CO,81335,37,28,25,25
CO,81401,16,36,13,29
CO,81402,19,37,14,18
CO,81403,30,27,8,27
CO,81410,23,35,22,29
CO,81411,33,37,13,45
CO,81413,23,27,12,31
CO,81414,39,23,14,33
CO,81415,18,25,23,23
CO,81416,32,22,15,26
CO,81418,19,25,20,37
CO,81419,39,32,19,23
CO,81420,35,42,20,30
CO,81422,36,44,12,44
CO,81423,32,49,14,21
CO,81424,15,37,12,54
CO,81425,28,28,16,40
CO,81426,33,39,21,36
CO,81427,26,35,16,18
CO,81428,30,29,16,31
CO,81429,15,18,10,30
CO,81430,28,31,19,19
CO,81431,26,29,22,26
CO,81432,29,34,26,38
CO,81433,15,40,15,21
CO,81434,31,31,22,24
CO,81435,30,49,15,26
CO,81501,28,51,9,18
CO,81502,32,32,15,35
CO,81503,28,31,18,14
CO,81504,38,21,10,25
CO,81505,14,19,8,31
CO,81506,30,22,19,27
CO,81507,28,28,18,34
CO,81520,18,45,12,38
CO,81521,17,24,11,36
CO,81522,12,41,23,21
CO,81523,11,32,19,34
CO,81524,39,28,8,15
CO,81525,24,41,16,15
CO,81526,18,33,10,18
CO,81527,35,34,14,19
CO,81601,21,41,13,18
CO,81602,28,18,13,34
CO,81610,15,39,17,14
CO,81611,37,45,14,17
CO,81612,19,23,14,25
CO,81615,30,17,22,27
CO,81620,29,45,8,15
CO,81621,38,30,9,23
CO,81623,30,32,11,24
CO,81624,22,41,18,41
CO,81625,15,30,11,14
CO,81626,18,43,20,25
CO,81630,17,35,16,32
CO,81631,20,31,17,29
CO,81632,36,42,15,40
CO,81633,33,46,15,32
CO,81635,26,22,16,40
CO,81636,28,42,21,25
CO,81637,34,35,23,39
CO,81638,31,29,18,15
CO,81639,18,20,19,31
CO,81640,17,24,13,24
CO,81641,26,41,16,25
CO,81642,27,23,9,22
CO,81643,29,43,17,14
CO,81645,22,38,15,29
CO,81646,12,25,9,30
CO,81647,29,27,9,23
CO,81648,28,22,27,45
CO,81649,17,36,13,26
CO,81650,20,37,14,20
CO,81652,16,32,20,45
CO,81653,27,20,10,31
CO,81654,22,22,25,18
CO,81655,15,41,17,37
CO,81656,24,30,21,26
CO,81657,27,27,9,39
CO,81658,19,42,12,41
WY,82001,21,34,15,28
WY,82002,13,17,11,12
WY,82003,13,34,13,15
WY,82005,15,19,12,17
WY,82006,23,15,8,11
WY,82007,11,22,7,15
WY,82008,14,18,13,20
WY,82009,22,25,7,13
WY,82010,22,15,7,22
WY,82050,10,25,12,28
WY,82051,20,32,12,13
WY,82052,13,31,7,21
WY,82053,23,21,14,21
WY,82054,23,35,9,28
WY,82055,11,19,9,14
WY,82058,15,15,13,13
WY,82059,14,26,7,16
WY,82060,23,37,13,16
WY,82061,26,17,14,22
WY,82063,18,17,8,25
WY,82070,10,24,14,24
WY,82071,21,30,14,15
WY,82072,18,16,8,24
WY,82073,14,18,8,22
WY,82081,14,20,13,19
WY,82082,21,15,6,23
WY,82083,15,18,5,28
WY,82084,18,29,5,21
WY,82190,24,25,12,27
WY,82201,29,20,9,14
WY,82210,18,32,10,13
WY,82212,19,27,5,27
WY,82213,22,16,5,13
WY,82214,10,18,7,26
WY,82215,10,35,14,27
WY,82217,26,20,6,27
WY,82218,18,29,7,16
WY,82219,11,23,15,12
WY,82221,21,15,15,28
WY,82222,14,20,14,9
WY,82223,21,25,13,14
WY,82224,18,21,7,11
WY,82225,18,24,10,12
WY,82227,17,24,13,23
WY,82229,16,30,7,31
WY,82240,13,24,13,24
WY,82242,13,33,11,13
WY,82243,10,30,14,14
WY,82244,19,32,16,22
WY,82301,10,32,10,13
WY,82310,14,15,10,11
WY,82321,21,15,5,16
WY,82322,10,32,10,27
WY,82323,17,24,6,13
WY,82324,27,25,7,16
WY,82325,11,21,8,18
WY,82327,27,19,7,31
WY,82329,20,17,13,22
WY,82331,26,20,11,24
WY,82332,20,20,15,16
WY,82334,23,24,13,27
WY,82335,12,22,11,13
WY,82336,23,28,8,18
WY,82401,27,25,13,14
WY,82410,21,40,7,12
WY,82411,10,27,5,9
WY,82412,20,19,9,9
WY,82414,28,28,10,28
WY,82420,23,30,7,21
WY,82421,18,31,6,19
WY,82422,17,29,10,18
WY,82423,19,24,13,21
WY,82426,22,25,11,19
WY,82428,20,23,15,20
WY,82430,20,31,13,16
WY,82431,23,25,8,22
WY,82432,18,15,13,15
WY,82433,13,29,12,18
WY,82434,25,20,8,14
WY,82435,17,36,5,14
WY,82440,12,25,5,17
WY,82441,15,24,6,13
WY,82442,20,30,5,21
WY,82443,10,31,9,19
WY,82450,10,19,15,22
WY,82501,23,23,7,18
WY,82510,14,16,9,20
WY,82512,21,16,5,8
WY,82513,23,19,6,15
WY,82514,10,24,7,20
WY,82515,20,21,9,8
WY,82516,14,30,9,13
WY,82520,25,31,8,12
WY,82523,24,23,6,13
WY,82524,24,33,13,17
WY,82601,14,18,7,20
WY,82602,14,29,6,11
WY,82604,19,25,8,15
WY,82605,10,16,13,18
WY,82609,15,24,12,12
WY,82615,20,28,8,18
WY,82620,13,28,8,16
WY,82630,11,26,10,9
WY,82633,15,33,5,8
WY,82635,25,35,6,26
WY,82636,28,30,6,19
WY,82637,23,25,13,10
WY,82638,13,24,5,9
WY,82639,24,36,13,31
WY,82640,19,19,8,19
WY,82642,18,37,13,13
WY,82643,12,31,13,9
WY,82644,24,15,5,21
WY,82646,15,28,6,14
WY,82648,12,15,11,11
WY,82649,15,22,7,16
WY,82701,21,26,5,17
WY,82710,24,17,12,14
WY,82711,16,16,11,28
WY,82712,18,32,12,18
WY,82714,16,18,7,12
WY,82715,15,28,7,17
WY,82716,18,18,5,9
WY,82717,24,18,15,28
WY,82718,27,18,9,14
WY,82720,19,18,5,13
WY,82721,10,21,7,19
WY,82723,10,21,11,21
WY,82725,17,20,6,11
WY,82727,12,30,13,24
WY,82729,10,18,15,12
WY,82730,23,22,14,21
WY,82731,20,24,12,8
WY,82732,20,19,5,20
WY,82801,10,22,5,18
WY,82831,26,22,11,21
WY,82832,21,29,6,10
WY,82833,16,33,8,13
WY,82834,22,37,10,20
WY,82835,20,15,8,17
WY,82836,24,37,16,21
WY,82837,10,33,13,12
WY,82838,13,26,13,12
WY,82839,10,17,10,14
WY,82840,18,33,11,14
WY,82842,16,17,12,13
WY,82844,12,24,9,9
WY,82845,10,32,9,14
WY,82901,27,18,5,29
WY,82902,20,21,9,18
WY,82922,21,29,7,22
WY,82923,10,18,13,12
WY,82925,20,15,6,11
WY,82929,10,28,5,9
WY,82930,16,20,12,24
WY,82931,17,24,5,17
WY,82932,20,26,8,23
WY,82933,21,35,5,21
WY,82934,17,27,10,30
WY,82935,27,36,11,21
WY,82936,12,30,12,20
WY,82937,10,22,5,19
WY,82938,22,32,6,15
WY,82939,17,25,5,24
WY,82941,21,30,11,20
WY,82942,13,28,10,10
WY,82943,18,20,6,14
WY,82944,14,18,10,19
WY,82945,16,19,9,18
WY,83001,16,18,9,31
WY,83002,14,20,13,11
WY,83011,10,17,11,11
WY,83012,22,17,15,25
WY,83013,10,25,15,21
WY,83014,11,15,8,13
WY,83025,10,19,11,28
WY,83101,19,33,6,21
WY,83110,11,22,6,12
WY,83111,18,23,12,30
WY,83112,16,22,5,10
WY,83113,16,34,13,16
WY,83114,12,19,5,19
WY,83115,24,27,11,17
WY,83116,19,36,5,11
WY,83118,19,21,9,25
WY,83119,15,19,5,10
WY,83120,25,29,6,12
WY,83121,11,31,10,11
WY,83122,13,18,5,20
WY,83123,16,23,14,24
WY,83124,22,38,9,18
WY,83126,18,15,13,28
WY,83127,16,20,5,11
WY,83128,24,22,6,20
ID,83201,12,44,9,29
ID,83202,16,49,15,46
ID,83203,25,26,14,30
ID,83204,36,35,16,24
ID,83205,32,27,21,47
ID,83206,25,40,21,25
ID,83209,15,44,10,16
ID,83210,15,37,15,48
ID,83211,19,45,20,29
ID,83212,14,42,18,26
ID,83213,30,32,15,54
ID,83214,39,50,25,37
ID,83215,23,47,24,34
ID,83217,20,57,21,40
ID,83218,25,22,8,19
ID,83220,35,39,11,28
ID,83221,38,27,18,49
ID,83223,27,26,24,42
ID,83226,20,25,18,31
ID,83227,14,44,25,15
ID,83228,34,21,15,19
ID,83229,36,22,13,33
ID,83230,33,36,14,48
ID,83232,40,32,14,31
ID,83233,13,27,16,34
ID,83234,28,27,16,41
ID,83235,35,33,21,42
ID,83236,31,27,20,40
ID,83237,25,41,20,28
ID,83238,37,39,21,13
ID,83239,28,32,17,41
ID,83241,36,28,21,16
ID,83243,23,43,13,43
ID,83244,32,32,10,46
ID,83245,26,41,21,25
ID,83246,30,16,11,25
ID,83250,27,31,17,26
ID,83251,30,40,21,26
ID,83252,15,29,19,46
ID,83253,20,36,10,27
ID,83254,28,22,24,21
ID,83255,14,30,23,21
ID,83256,27,41,18,51
ID,83261,21,24,25,24
ID,83262,11,36,18,50
ID,83263,15,34,10,47
ID,83271,28,33,17,36
ID,83272,37,36,9,16
ID,83274,31,45,16,34
ID,83276,25,36,15,37
ID,83277,27,26,18,13
ID,83278,30,35,19,23
ID,83281,17,36,10,25
ID,83283,36,39,25,20
ID,83285,13,27,19,32
ID,83286,28,27,9,37
ID,83287,35,18,21,49
ID,83301,27,34,14,15
ID,83302,12,27,10,24
ID,83303,32,22,14,33
ID,83311,32,24,20,27
ID,83312,34,49,19,30
ID,83313,29,33,23,34
ID,83314,26,35,21,25
ID,83316,15,53,20,20
ID,83318,13,28,10,23
ID,83320,25,33,14,34
ID,83321,27,21,24,24
ID,83322,38,46,15,37
ID,83323,34,30,24,48
ID,83324,24,26,21,30
ID,83325,28,27,23,16
ID,83327,33,36,23,22
ID,83328,26,21,12,32
ID,83330,17,32,8,16
ID,83332,30,51,14,27
ID,83333,20,54,15,20
ID,83334,26,40,19,33
ID,83335,37,36,15,21
ID,83336,18,52,17,30
ID,83337,27,33,12,28
ID,83338,34,35,22,31
ID,83340,34,34,18,26
ID,83341,14,53,16,33
ID,83342,28,37,8,44
ID,83343,21,49,16,21
ID,83344,13,32,14,31
ID,83346,17,50,7,35
ID,83347,15,29,7,27
ID,83348,18,38,12,25
ID,83349,23,42,11,25
ID,83350,24,53,26,19
ID,83352,30,26,9,19
ID,83353,22,25,12,18
ID,83354,25,40,7,40
ID,83355,29,32,12,31
ID,83401,32,45,9,32
ID,83402,30,34,26,35
ID,83403,20,44,12,26
ID,83404,18,46,23,27
ID,83405,35,25,11,41
ID,83406,23,18,14,41
WY,83414,10,36,8,20
ID,83415,27,34,27,29
ID,83420,35,28,8,47
ID,83421,16,33,15,41
ID,83422,33,25,23,33
ID,83423,32,39,24,18
ID,83424,37,39,16,20
ID,83425,29,37,14,31
ID,83427,30,34,21,32
ID,83428,22,18,15,22
ID,83429,31,41,20,28
ID,83431,12,47,8,37
ID,83433,19,33,18,24
ID,83434,13,44,8,39
ID,83435,27,21,22,24
ID,83436,14,18,20,27
ID,83438,36,32,20,33
ID,83440,20,26,10,24
ID,83441,14,19,9,38
ID,83442,33,28,23,33
ID,83443,24,37,8,31
ID,83444,20,35,23,41
ID,83445,20,20,13,24
ID,83446,28,46,13,24
ID,83448,38,23,8,33
ID,83449,30,31,15,30
ID,83450,31,21,18,26
ID,83451,26,30,14,27
ID,83452,21,48,19,50
ID,83454,35,21,9,20
ID,83455,33,41,25,17
ID,83460,36,24,8,25
ID,83462,13,29,10,23
ID,83463,33,41,16,13
ID,83464,34,25,14,43
ID,83465,33,29,22,20
ID,83466,30,39,21,35
ID,83467,31,22,23,37
ID,83468,14,30,26,17
ID,83469,12,30,21,35
ID,83501,28,29,20,45
ID,83520,24,27,20,34
ID,83522,36,39,18,28
ID,83523,11,30,10,42
ID,83524,21,22,22,41
ID,83525,24,43,15,23
ID,83526,31,30,21,24
ID,83530,27,31,13,49
ID,83531,25,29,10,23
ID,83533,16,29,11,41
ID,83535,34,16,11,21
ID,83536,24,35,23,28
ID,83537,25,44,10,33
ID,83539,18,49,13,25
ID,83540,14,16,16,32
ID,83541,16,43,25,32
ID,83542,22,46,8,28
ID,83543,19,21,10,32
ID,83544,21,28,24,33
ID,83545,16,24,24,47
ID,83546,18,21,18,18
ID,83547,11,46,24,24
ID,83548,35,25,9,26
ID,83549,21,18,19,32
ID,83552,34,25,12,38
ID,83553,29,37,18,42
ID,83554,14,29,8,32
ID,83555,17,27,11,28
ID,83601,21,49,27,34
ID,83602,24,45,24,15
ID,83604,31,21,14,19
ID,83605,15,26,14,24
ID,83606,21,51,11,25
ID,83607,14,21,13,17
ID,83610,32,36,18,30
ID,83611,12,25,12,36
ID,83612,35,34,12,27
ID,83615,13,38,14,22
ID,83616,16,39,21,44
ID,83617,10,27,13,19
ID,83619,28,23,19,37
ID,83622,24,39,11,34
ID,83623,28,26,13,39
ID,83624,23,33,23,27
ID,83626,12,39,23,35
ID,83627,20,36,12,17
ID,83628,29,49,10,23
ID,83629,20,23,9,29
ID,83630,19,30,20,28
ID,83631,27,31,12,34
ID,83632,11,25,14,23
ID,83633,26,48,15,22
ID,83634,16,32,13,36
ID,83635,26,20,17,39
ID,83636,32,20,9,44
ID,83637,21,34,17,36
ID,83638,34,47,26,43
ID,83639,26,30,9,27
ID,83641,41,33,18,47
ID,83642,38,17,13,29
ID,83643,16,34,18,37
ID,83644,28,46,18,31
ID,83645,16,40,18,38
ID,83646,23,30,22,26
ID,83647,16,45,26,28
ID,83648,33,36,12,41
ID,83650,32,25,22,36
ID,83651,22,28,26,30
ID,83652,21,50,18,19
ID,83653,17,43,10,27
ID,83654,24,32,13,44
ID,83655,21,44,18,37
ID,83656,36,25,23,53
ID,83657,20,31,10,19
ID,83660,13,44,17,43
ID,83661,29,49,14,32
ID,83666,32,34,20,29
ID,83669,27,38,14,18
ID,83670,13,36,17,30
ID,83671,32,29,15,27
ID,83672,11,20,18,33
ID,83676,30,37,16,12
ID,83677,27,26,17,30
ID,83680,39,49,10,41
ID,83686,24,27,18,35
ID,83687,40,20,19,20
ID,83701,17,50,18,31
ID,83702,13,25,12,27
ID,83703,32,44,16,38
ID,83704,19,24,19,40
ID,83705,32,27,20,31
ID,83706,17,26,12,14
ID,83707,14,36,20,17
ID,83708,26,40,14,22
ID,83709,24,22,7,33
ID,83711,23,26,9,21
ID,83712,25,46,14,14
ID,83713,18,37,22,40
ID,83714,23,39,9,19
ID,83715,14,31,9,23
ID,83716,25,47,23,25
ID,83717,35,32,26,50
ID,83719,21,27,18,38
ID,83720,36,30,21,53
ID,83721,22,40,17,36
ID,83722,34,25,12,38
ID,83724,27,37,10,35
ID,83725,16,18,17,30
ID,83726,31,38,8,47
ID,83727,15,43,16,40
ID,83728,31,24,13,21
ID,83729,24,26,22,28
ID,83730,35,22,20,28
ID,83731,27,38,13,25
ID,83732,30,40,22,42
ID,83733,21,21,11,29
ID,83735,39,36,18,21
ID,83756,27,34,18,34
ID,83757,18,33,17,27
ID,83799,29,23,24,37
ID,83801,13,24,20,36
ID,83802,40,37,23,17
ID,83803,28,32,20,22
ID,83804,12,19,14,38
ID,83805,28,23,23,29
ID,83806,13,23,10,27
ID,83808,14,36,13,23
ID,83809,33,18,17,41
ID,83810,25,23,14,15
ID,83811,39,28,24,23
ID,83812,16,53,8,46
ID,83813,15,31,12,33
ID,83814,12,43,17,16
ID,83815,27,30,18,37
ID,83816,36,33,21,31
ID,83821,23,27,11,21
ID,83822,19,21,14,26
ID,83823,19,39,10,22
ID,83824,25,26,20,52
ID,83825,14,27,17,35
ID,83826,29,22,9,22
ID,83827,35,19,27,14
ID,83830,30,48,10,24
ID,83832,19,29,8,19
ID,83833,16,23,24,35
ID,83834,20,34,9,30
ID,83835,15,41,14,23
ID,83836,27,43,22,30
ID,83837,26,28,16,21
ID,83839,19,32,16,31
ID,83840,17,37,8,21
ID,83841,25,34,11,23
ID,83842,31,22,11,40
ID,83843,28,36,18,12
ID,83844,29,43,11,30
ID,83845,29,35,19,49
ID,83846,17,48,22,46
ID,83847,25,23,9,41
ID,83848,29,30,8,41
ID,83849,31,39,22,32
ID,83850,37,34,19,54
ID,83851,13,18,20,46
ID,83852,30,44,18,17
ID,83853,31,37,18,23
ID,83854,25,52,16,27
ID,83855,22,24,18,20
ID,83856,32,44,19,32
ID,83857,13,31,15,20
ID,83858,12,39,8,16
ID,83860,33,46,20,30
ID,83861,16,37,7,18
ID,83864,11,21,9,22
ID,83865,26,34,10,33
ID,83866,13,47,19,35
ID,83867,22,28,18,12
ID,83868,38,39,9,32
ID,83869,23,23,12,16
ID,83870,29,32,18,17
ID,83871,29,23,15,32
ID,83872,13,39,15,42
ID,83873,13,25,8,21
ID,83874,17,18,22,32
ID,83876,38,33,13,20
ID,83877,23,27,24,17
UT,84001,34,21,24,31
UT,84002,30,54,14,25
UT,84003,27,22,15,37
UT,84004,40,37,20,55
UT,84005,32,45,19,31
UT,84006,16,45,19,21
UT,84007,14,42,16,18
UT,84008,24,28,17,32
UT,84009,27,30,9,27
UT,84010,12,21,21,18
UT,84011,17,32,16,35
UT,84013,15,36,19,26
UT,84014,37,38,12,36
UT,84015,13,31,20,43
UT,84016,14,22,10,49
UT,84017,36,30,19,38
UT,84018,17,28,26,17
UT,84020,36,37,9,33
UT,84021,13,33,19,18
UT,84022,16,21,9,30
UT,84023,23,49,19,42
UT,84024,25,23,17,25
UT,84025,17,50,23,22
UT,84026,25,34,17,15
UT,84027,21,25,12,33
UT,84028,27,32,14,29
UT,84029,16,34,12,29
UT,84031,22,40,16,39
UT,84032,33,41,8,21
UT,84033,13,33,21,19
UT,84034,27,33,15,15
UT,84035,17,35,19,31
UT,84036,15,27,12,16
UT,84037,25,40,7,14
UT,84038,25,37,16,40
UT,84039,31,37,16,30
UT,84040,23,35,8,22
UT,84041,20,26,26,43
UT,84042,19,23,16,22
UT,84043,37,50,14,16
UT,84044,22,36,12,26
UT,84045,27,18,25,22
UT,84046,18,23,19,35
UT,84047,32,28,9,30
UT,84049,29,22,10,33
UT,84050,17,38,15,45
UT,84051,32,41,7,18
UT,84052,25,40,25,42
UT,84053,35,16,23,42
UT,84054,26,39,8,26
UT,84055,20,45,23,25
UT,84056,30,31,12,45
UT,84057,28,26,17,42
UT,84058,11,25,20,31
UT,84059,26,21,24,33
UT,84060,20,28,11,26
UT,84061,16,17,18,36
UT,84062,36,37,24,27
UT,84063,23,27,11,20
UT,84064,15,24,12,40
UT,84065,36,48,15,35
UT,84066,31,46,7,26
UT,84067,23,38,23,12
UT,84068,36,19,10,23
UT,84069,23,46,10,34
UT,84070,18,19,16,24
UT,84071,25,34,19,25
UT,84072,30,33,10,42
UT,84073,33,40,20,19
UT,84074,37,52,20,33
UT,84075,31,35,21,21
UT,84076,23,35,22,18
UT,84078,38,41,21,25
UT,84079,20,46,12,39
UT,84080,29,37,13,31
UT,84081,19,53,19,19
UT,84082,29,24,11,14
UT,84083,30,37,8,41
UT,84084,37,39,13,26
UT,84085,12,23,22,34
UT,84086,13,37,20,28
UT,84087,32,32,20,31
UT,84088,29,20,15,14
UT,84089,14,23,18,35
UT,84090,36,24,9,44
UT,84091,15,43,11,42
UT,84092,34,34,21,27
UT,84093,32,53,11,37
UT,84094,23,46,21,25
UT,84095,30,35,8,19
UT,84096,19,39,19,19
UT,84097,13,34,20,48
UT,84098,22,26,19,39
UT,84101,26,48,12,27
UT,84102,32,25,25,18
UT,84103,31,53,20,25
UT,84104,22,28,16,20
UT,84105,17,25,23,19
UT,84106,29,32,23,47
UT,84107,24,36,20,25
UT,84108,34,50,17,30
UT,84109,41,28,8,31
UT,84110,23,39,10,19
UT,84111,14,40,23,38
UT,84112,12,42,14,34
UT,84113,30,25,20,39
UT,84114,22,48,15,21
UT,84115,26,32,11,26
UT,84116,34,43,19,28
UT,84117,14,32,23,23
UT,84118,19,32,13,40
UT,84119,24,39,14,36
UT,84120,34,29,11,20
UT,84121,19,34,18,53
UT,84122,31,33,20,40
UT,84123,26,38,18,26
UT,84124,12,27,22,27
UT,84125,30,33,12,50
UT,84126,21,41,16,26
UT,84127,13,40,10,18
UT,84128,24,19,9,22
UT,84129,17,27,8,27
UT,84130,33,54,8,25
UT,84131,24,38,23,23
UT,84132,40,28,9,32
UT,84133,23,25,17,32
UT,84134,31,53,15,21
UT,84136,32,30,22,37
UT,84138,26,41,8,22
UT,84139,15,26,20,20
UT,84141,33,29,15,17
UT,84143,24,25,12,23
UT,84144,13,49,15,35
UT,84145,18,36,27,18
UT,84147,31,25,12,25
UT,84148,15,41,21,33
UT,84150,41,27,26,15
UT,84151,34,24,21,12
UT,84152,34,25,11,22
UT,84157,17,37,21,39
UT,84158,21,34,24,33
UT,84165,17,46,13,22
UT,84170,32,25,22,43
UT,84171,34,44,23,32
UT,84180,27,42,14,24
UT,84184,40,23,18,40
UT,84189,27,19,21,19
UT,84190,29,45,7,28
UT,84199,16,31,18,18
UT,84201,34,23,19,47
UT,84244,19,32,13,22
UT,84301,24,40,18,29
UT,84302,18,48,15,34
UT,84304,25,55,14,34
UT,84305,21,38,18,43
UT,84306,27,36,9,39
UT,84307,25,42,12,24
UT,84308,23,36,11,25
UT,84309,13,38,23,44
UT,84310,19,20,22,20
UT,84311,26,26,8,31
UT,84312,36,21,12,20
UT,84313,17,16,10,50
UT,84314,26,33,9,29
UT,84315,14,42,21,31
UT,84316,26,42,7,31
UT,84317,16,25,17,41
UT,84318,24,47,19,29
UT,84319,15,30,23,22
UT,84320,12,37,9,18
UT,84321,16,45,13,19
UT,84322,26,24,15,31
UT,84323,32,30,21,16
UT,84324,37,28,17,40
UT,84325,25,36,14,23
UT,84326,25,41,13,36
UT,84327,27,40,9,50
UT,84328,31,34,17,38
UT,84329,38,36,12,31
UT,84330,32,20,14,33
UT,84331,26,23,20,37
UT,84332,31,47,8,35
UT,84333,18,42,22,33
UT,84334,19,27,20,20
UT,84335,36,36,23,37
UT,84336,16,26,17,27
UT,84337,13,16,9,33
UT,84338,16,25,14,21
UT,84339,17,47,25,25
UT,84340,37,30,17,33
UT,84341,12,26,21,27
UT,84401,21,29,19,27
UT,84402,16,34,16,45
UT,84403,18,32,18,19
UT,84404,38,44,15,19
UT,84405,28,38,8,47
UT,84407,19,26,21,37
UT,84408,19,23,7,20
UT,84409,21,24,20,33
UT,84412,17,22,24,13
UT,84414,15,37,21,29
UT,84415,29,29,16,44
UT,84501,18,44,18,47
UT,84510,11,29,21,41
UT,84511,25,44,13,23
UT,84512,33,43,16,20
UT,84513,22,32,18,26
UT,84515,14,52,23,19
UT,84516,22,27,21,24
UT,84518,19,50,12,27
UT,84520,30,43,20,48
UT,84521,30,20,7,36
UT,84522,15,25,19,29
UT,84523,27,27,21,18
UT,84525,26,40,24,43
UT,84526,19,21,10,13
UT,84528,31,31,8,22
UT,84529,23,17,15,39
UT,84530,39,31,18,14
UT,84531,31,21,12,32
UT,84532,25,42,17,30
UT,84533,21,31,14,17
UT,84534,34,22,26,29
UT,84535,37,21,21,16
UT,84536,16,36,10,44
UT,84537,16,45,21,22
UT,84539,15,30,17,29
UT,84540,34,35,16,38
UT,84542,27,46,20,24
UT,84601,15,47,11,53
UT,84602,27,17,22,20
UT,84603,18,30,19,24
UT,84604,15,30,20,36
UT,84605,26,27,22,42
UT,84606,13,26,23,24
UT,84620,15,34,12,18
UT,84621,23,21,24,22
UT,84622,20,41,19,49
UT,84623,26,38,16,21
UT,84624,19,30,14,32
UT,84626,16,33,13,22
UT,84627,29,45,23,38
UT,84628,15,49,22,19
UT,84629,21,39,17,41
UT,84630,16,25,20,32
UT,84631,20,27,18,28
UT,84632,21,26,17,33
UT,84633,15,20,8,42
UT,84634,34,33,25,30
UT,84635,15,47,17,52
UT,84636,20,26,19,46
UT,84637,23,46,12,42
UT,84638,19,35,26,38
UT,84639,24,20,21,26
UT,84640,17,43,22,29
UT,84642,19,24,15,28
UT,84643,27,23,21,31
UT,84644,26,25,23,33
UT,84645,30,55,11,22
UT,84646,30,22,23,29
UT,84647,31,33,12,31
UT,84648,20,38,23,28
UT,84649,27,25,10,19
UT,84651,17,37,22,20
UT,84652,21,52,10,15
UT,84653,37,27,12,17
UT,84654,23,31,18,45
UT,84655,12,38,15,28
UT,84656,29,23,14,24
UT,84657,16,26,17,50
UT,84660,16,23,14,19
UT,84662,25,25,8,28
UT,84663,19,21,20,40
UT,84664,25,53,20,15
UT,84665,12,35,20,14
UT,84667,12,30,20,41
UT,84701,19,40,15,42
UT,84710,34,19,25,28
UT,84711,16,24,19,33
UT,84712,12,34,18,28
UT,84713,14,21,8,34
UT,84714,14,40,19,20
UT,84715,15,21,8,39
UT,84716,27,28,17,38
UT,84717,25,25,24,33
UT,84718,38,17,8,30
UT,84719,21,48,23,34
UT,84720,25,33,15,27
UT,84721,31,19,14,55
UT,84722,21,27,24,43
UT,84723,24,23,16,32
UT,84724,18,29,17,31
UT,84725,30,26,23,23
UT,84726,17,26,17,19
UT,84728,22,32,13,50
UT,84729,30,41,8,12
UT,84730,33,49,18,24
UT,84731,26,28,14,22
UT,84732,22,19,10,20
UT,84733,35,18,14,23
UT,84734,17,39,17,32
UT,84735,16,42,16,44
UT,84736,25,23,11,41
UT,84737,31,28,22,52
UT,84738,39,30,22,45
UT,84739,33,34,15,15
UT,84740,26,30,22,47
UT,84741,23,36,16,31
UT,84742,20,37,9,13
UT,84743,25,37,7,41
UT,84744,26,25,15,27
UT,84745,28,25,11,28
UT,84746,31,31,13,35
UT,84747,12,34,20,27
UT,84749,35,30,11,41
UT,84750,20,36,10,34
UT,84751,11,39,13,30
UT,84752,26,31,19,42
UT,84753,14,17,21,14
UT,84754,41,31,13,29
UT,84755,32,37,25,43
UT,84756,17,42,13,32
UT,84757,18,24,21,22
UT,84758,13,22,11,22
UT,84759,34,47,26,41
UT,84760,30,44,15,25
UT,84761,17,48,15,13
UT,84762,28,26,10,33
UT,84763,19,18,19,34
UT,84764,38,43,19,32
UT,84765,11,46,12,41
UT,84766,11,45,8,17
UT,84767,39,26,25,24
UT,84770,21,35,13,20
UT,84771,23,41,8,36
UT,84772,29,54,10,27
UT,84773,13,34,12,24
UT,84774,17,52,23,22
UT,84775,12,44,12,28
UT,84776,39,28,10,47
UT,84779,27,20,10,45
UT,84780,36,28,18,31
UT,84781,28,26,11,42
UT,84782,19,28,8,38
UT,84783,36,43,17,29
UT,84784,20,28,27,38
UT,84790,21,45,17,33
UT,84791,20,19,20,44
AZ,85001,24,43,11,23
AZ,85002,35,59,14,43
AZ,85003,32,37,17,32
AZ,85004,28,67,19,27
AZ,85005,18,45,25,26
AZ,85006,29,52,20,63
AZ,85007,17,36,14,44
AZ,85008,28,42,15,35
AZ,85009,51,44,20,70
AZ,85010,54,64,32,48
AZ,85011,24,75,37,24
AZ,85012,52,57,22,61
AZ,85013,58,57,12,23
AZ,85014,37,31,19,56
AZ,85015,42,39,12,27
AZ,85016,39,59,13,34
AZ,85017,41,33,19,64
AZ,85018,40,56,27,60
AZ,85019,52,67,26,80
AZ,85020,32,57,34,49
AZ,85021,31,39,37,37
AZ,85022,36,43,24,56
AZ,85023,57,59,28,69
AZ,85024,42,66,20,43
AZ,85025,37,51,26,37
AZ,85026,50,49,32,28
AZ,85027,26,26,29,56
AZ,85028,32,39,31,64
AZ,85029,25,63,18,38
AZ,85030,37,58,20,53
AZ,85031,22,48,25,20
AZ,85032,40,72,21,62
AZ,85033,19,72,16,62
AZ,85034,40,47,24,50
AZ,85035,51,63,21,23
AZ,85036,34,43,30,50
AZ,85037,39,32,15,22
AZ,85038,53,38,30,56
AZ,85039,29,77,22,73
AZ,85040,27,51,22,34
AZ,85041,29,33,22,58
AZ,85042,28,39,22,20
AZ,85043,23,64,17,57
AZ,85044,25,45,29,66
AZ,85045,35,38,29,44
AZ,85046,39,60,31,46
AZ,85048,21,33,25,46
AZ,85050,38,52,29,55
AZ,85051,44,62,33,65
AZ,85053,44,55,17,71
AZ,85054,49,46,23,54
AZ,85055,35,46,35,30
AZ,85060,44,48,28,53
AZ,85061,35,24,27,35
AZ,85062,26,36,14,45
AZ,85063,42,47,13,51
AZ,85064,39,43,21,26
AZ,85065,35,69,24,27
AZ,85066,22,43,31,28
AZ,85067,22,46,19,38
AZ,85068,42,40,17,19
AZ,85069,29,64,18,34
AZ,85070,43,35,33,53
AZ,85071,32,44,19,33
AZ,85072,38,55,29,31
AZ,85073,21,64,27,25
AZ,85074,24,67,14,61
AZ,85075,17,68,13,69
AZ,85076,33,48,31,40
AZ,85077,38,49,28,43
AZ,85078,38,43,35,58
AZ,85079,51,57,35,55
AZ,85080,46,75,25,24
AZ,85082,55,41,35,58
AZ,85083,19,65,26,77
AZ,85085,44,47,32,29
AZ,85086,33,32,32,34
AZ,85087,31,16,17,35
AZ,85096,45,24,23,73
AZ,85097,21,49,22,25
AZ,85098,21,33,37,37
AZ,85099,48,55,15,31
AZ,85117,14,46,20,16
AZ,85118,33,45,11,28
AZ,85119,29,21,21,33
AZ,85120,17,31,20,20
AZ,85121,21,18,9,43
AZ,85122,28,52,23,22
AZ,85123,16,24,20,23
AZ,85127,31,17,8,35
AZ,85128,18,40,11,39
AZ,85130,16,24,17,21
AZ,85131,12,20,13,20
AZ,85132,21,32,11,31
AZ,85135,24,39,14,34
AZ,85137,32,43,15,17
AZ,85138,11,47,11,22
AZ,85139,13,22,27,21
AZ,85140,17,27,15,17
AZ,85141,30,29,17,26
AZ,85142,34,31,12,34
AZ,85143,32,24,21,16
AZ,85145,23,45,20,40
AZ,85147,13,40,20,20
AZ,85172,30,33,20,26
AZ,85173,28,18,14,26
AZ,85178,12,39,23,27
AZ,85190,28,44,18,24
AZ,85191,28,20,20,31
AZ,85192,36,29,21,31
AZ,85193,39,46,14,33
AZ,85194,11,36,9,21
AZ,85201,23,44,8,16
AZ,85202,32,34,15,14
AZ,85203,27,27,9,46
AZ,85204,37,31,11,40
AZ,85205,31,39,7,29
AZ,85206,29,29,21,28
AZ,85207,20,27,17,34
AZ,85208,20,23,23,20
AZ,85209,25,24,9,25
AZ,85210,26,30,22,20
AZ,85211,34,20,15,16
AZ,85212,30,34,18,20
AZ,85213,28,29,9,35
AZ,85214,14,36,22,29
AZ,85215,14,26,11,47
AZ,85216,32,38,13,26
AZ,85217,39,45,12,43
AZ,85218,16,25,17,18
AZ,85219,28,54,11,30
AZ,85220,26,55,20,34
AZ,85221,26,29,18,31
AZ,85222,29,41,18,45
AZ,85223,20,23,19,23
AZ,85224,31,35,11,21
AZ,85225,21,52,11,46
AZ,85226,26,24,26,46
AZ,85227,12,42,21,16
AZ,85228,14,30,16,28
AZ,85230,35,24,18,51
AZ,85231,30,31,13,19
AZ,85232,22,30,9,17
AZ,85233,30,18,22,17
AZ,85234,21,32,24,40
AZ,85235,15,31,17,19
AZ,85236,37,19,10,13
AZ,85237,12,30,11,39
AZ,85238,37,44,26,35
AZ,85239,24,31,21,39
AZ,85240,15,18,21,38
AZ,85241,12,40,24,44
AZ,85242,16,35,15,20
AZ,85243,17,46,10,26
AZ,85244,28,40,23,28
AZ,85245,34,23,23,34
AZ,85246,25,26,10,24
AZ,85247,24,27,13,25
AZ,85248,26,37,17,38
AZ,85249,27,45,25,39
AZ,85250,18,28,7,34
AZ,85251,41,34,11,36
AZ,85252,30,42,15,44
AZ,85253,16,34,15,27
AZ,85254,22,46,13,22
AZ,85255,35,35,15,36
AZ,85256,13,40,24,17
AZ,85257,14,35,9,46
AZ,85258,32,40,20,30
AZ,85259,25,41,12,23
AZ,85260,22,19,11,27
AZ,85261,36,25,13,36
AZ,85262,22,24,15,31
AZ,85263,24,34,17,42
AZ,85264,14,27,9,15
AZ,85266,25,56,21,41
AZ,85267,36,21,15,31
AZ,85268,28,57,26,22
AZ,85269,18,48,15,32
AZ,85271,18,20,11,31
AZ,85272,34,25,16,49
AZ,85273,26,29,24,40
AZ,85274,22,28,10,21
AZ,85275,18,23,9,27
AZ,85277,12,26,15,28
AZ,85278,31,38,18,36
AZ,85279,40,36,7,23
AZ,85280,22,38,19,19
AZ,85281,22,50,14,21
AZ,85282,25,51,21,18
AZ,85283,22,37,8,24
AZ,85284,28,22,24,19
AZ,85285,29,24,24,38
AZ,85286,31,38,21,36
AZ,85287,14,39,22,25
AZ,85288,21,34,25,22
AZ,85289,24,42,7,26
AZ,85290,22,46,13,19
AZ,85291,24,42,22,23
AZ,85292,21,39,16,32
AZ,85293,14,34,14,32
AZ,85294,17,27,18,48
AZ,85295,24,53,12,38
AZ,85296,31,44,25,22
AZ,85297,32,29,22,40
AZ,85298,31,43,17,50
AZ,85299,20,28,9,26
AZ,85301,26,43,19,40
AZ,85302,21,30,14,35
AZ,85303,34,36,15,16
AZ,85304,30,28,13,33
AZ,85305,13,23,12,18
AZ,85306,38,38,23,17
AZ,85307,13,31,13,28
AZ,85308,32,37,11,17
AZ,85309,30,45,13,28
AZ,85310,29,50,14,48
AZ,85311,30,48,14,21
AZ,85312,21,41,14,18
AZ,85313,12,37,11,18
AZ,85318,29,43,25,37
AZ,85320,39,35,13,24
AZ,85321,33,34,21,15
AZ,85322,27,45,20,36
AZ,85323,31,41,8,28
AZ,85324,13,47,10,37
AZ,85325,20,41,15,35
AZ,85326,25,51,16,20
AZ,85327,13,49,19,16
AZ,85328,17,35,10,24
AZ,85329,27,35,15,36
AZ,85331,18,41,21,29
AZ,85332,22,28,15,15
AZ,85333,31,30,14,18
AZ,85334,20,44,12,45
AZ,85335,33,40,23,21
AZ,85336,20,45,8,42
AZ,85337,14,25,16,15
AZ,85338,24,41,10,35
AZ,85339,13,28,13,28
AZ,85340,32,22,20,18
AZ,85341,11,25,24,27
AZ,85342,19,28,14,14
AZ,85343,23,21,22,34
AZ,85344,31,45,12,46
AZ,85345,22,24,25,40
AZ,85346,26,26,8,38
AZ,85347,33,29,11,17
AZ,85348,17,32,25,24
AZ,85349,25,57,9,33
AZ,85350,31,28,19,36
AZ,85351,31,54,19,19
AZ,85352,30,48,24,31
AZ,85353,14,39,9,21
AZ,85354,13,17,11,31
AZ,85355,22,16,15,35
AZ,85356,21,26,19,41
AZ,85357,13,19,13,23
AZ,85358,14,43,14,21
AZ,85359,29,37,13,31
AZ,85360,26,23,8,17
AZ,85361,34,47,19,36
AZ,85362,27,21,14,26
AZ,85363,12,41,9,34
AZ,85364,18,24,12,36
AZ,85365,17,20,11,31
AZ,85366,14,40,16,35
AZ,85367,19,28,8,31
AZ,85369,20,42,7,44
AZ,85371,37,25,20,35
AZ,85372,11,28,16,37
AZ,85373,18,46,18,20
AZ,85374,30,39,15,23
AZ,85375,13,25,16,28
AZ,85376,24,57,23,41
AZ,85377,13,29,17,38
AZ,85378,19,38,10,19
AZ,85379,29,34,8,51
AZ,85380,27,36,14,20
AZ,85381,13,35,8,22
AZ,85382,15,49,26,29
AZ,85383,19,28,14,23
AZ,85385,14,38,20,18
AZ,85387,26,37,16,40
AZ,85388,31,38,8,42
AZ,85390,32,28,10,27
AZ,85392,12,20,12,21
AZ,85395,24,31,9,35
AZ,85396,36,43,15,29
AZ,85501,21,43,9,32
AZ,85502,21,49,16,16
AZ,85530,16,25,12,20
AZ,85531,25,32,8,28
AZ,85532,17,39,18,35
AZ,85533,31,33,12,18
AZ,85534,23,32,26,18
AZ,85535,26,18,15,19
AZ,85536,31,39,18,29
AZ,85539,23,59,10,31
AZ,85540,25,38,9,23
AZ,85541,18,26,20,15
AZ,85542,21,33,12,25
AZ,85543,29,18,18,40
AZ,85544,31,41,7,55
AZ,85545,24,36,22,25
AZ,85546,20,25,15,25
AZ,85547,17,39,7,17
AZ,85548,22,39,14,20
AZ,85550,21,28,20,25
AZ,85551,32,33,21,23
AZ,85552,16,29,14,46
AZ,85553,16,31,23,14
AZ,85554,24,25,8,55
AZ,85601,13,37,24,18
AZ,85602,26,33,17,28
AZ,85603,17,40,17,25
AZ,85605,32,30,8,34
AZ,85606,33,23,11,45
AZ,85607,16,52,17,17
AZ,85608,26,27,12,37
AZ,85609,32,30,15,24
AZ,85610,30,34,19,44
AZ,85611,22,39,11,38
AZ,85613,19,23,26,20
AZ,85614,26,33,8,38
AZ,85615,26,42,8,29
AZ,85616,33,49,12,18
AZ,85617,30,37,17,18
AZ,85618,32,29,7,31
AZ,85619,29,29,25,30
AZ,85620,22,46,19,17
AZ,85621,13,49,18,38
AZ,85622,25,39,24,27
AZ,85623,26,22,15,33
AZ,85624,38,46,20,55
AZ,85625,14,38,10,32
AZ,85626,16,22,20,22
AZ,85627,29,35,10,21
AZ,85628,29,29,19,38
AZ,85629,13,38,7,40
AZ,85630,22,34,23,33
AZ,85631,37,18,16,29
AZ,85632,24,22,21,29
AZ,85633,25,40,13,43
AZ,85634,28,37,18,26
AZ,85635,15,29,26,21
AZ,85636,34,37,24,23
AZ,85637,23,32,21,33
AZ,85638,29,36,9,22
AZ,85639,18,19,17,43
AZ,85640,19,45,11,29
AZ,85641,29,32,15,27
AZ,85643,32,42,10,45
AZ,85644,30,43,15,42
AZ,85645,34,44,23,28
AZ,85646,30,22,8,28
AZ,85648,30,35,16,23
AZ,85650,18,28,12,28
AZ,85652,18,38,19,23
AZ,85653,15,29,25,24
AZ,85654,32,23,17,31
AZ,85655,25,28,12,26
AZ,85658,14,40,19,21
AZ,85662,31,20,8,40
AZ,85670,18,35,22,27
AZ,85671,17,29,22,51
AZ,85701,40,22,18,36
AZ,85702,17,23,20,40
AZ,85703,17,27,11,34
AZ,85704,29,52,23,27
AZ,85705,31,17,11,25
AZ,85706,38,35,12,41
AZ,85707,18,46,22,26
AZ,85708,29,26,18,36
AZ,85709,23,23,23,42
AZ,85710,28,25,10,22
AZ,85711,16,22,12,26
AZ,85712,26,29,10,27
AZ,85713,13,34,14,45
AZ,85714,27,18,13,33
AZ,85715,34,23,9,17
AZ,85716,19,26,8,21
AZ,85717,25,25,18,39
AZ,85718,17,29,20,30
AZ,85719,14,21,12,19
AZ,85720,19,28,11,51
AZ,85721,22,49,20,26
AZ,85722,19,31,9,38
AZ,85723,21,38,18,27
AZ,85724,31,53,23,21
AZ,85725,28,42,17,24
AZ,85726,25,51,22,49
AZ,85728,27,51,21,16
AZ,85730,24,36,22,19
AZ,85731,34,37,21,13
AZ,85732,12,27,9,43
AZ,85733,26,35,13,17
AZ,85734,20,30,16,30
AZ,85735,16,39,23,39
AZ,85736,32,39,7,48
AZ,85737,11,39,21,13
AZ,85738,11,25,9,41
AZ,85739,16,26,14,33
AZ,85740,32,24,26,46
AZ,85741,19,33,20,39
AZ,85742,24,28,16,28
AZ,85743,32,46,18,25
AZ,85744,26,36,18,19
AZ,85745,28,37,8,26
AZ,85746,19,24,19,30
AZ,85747,29,32,25,23
AZ,85748,35,48,16,40
AZ,85749,18,34,18,32
AZ,85750,26,32,14,47
AZ,85751,31,35,11,22
AZ,85752,21,36,21,38
AZ,85754,35,26,16,37
AZ,85755,21,34,8,34
AZ,85756,25,44,10,37
AZ,85757,26,51,8,27
AZ,85775,15,37,19,23
AZ,85777,26,24,11,31
AZ,85901,20,46,11,25
AZ,85902,26,28,15,24
AZ,85911,26,27,14,40
AZ,85912,13,40,14,27
AZ,85920,35,36,19,23
AZ,85922,12,38,17,32
AZ,85923,18,40,18,25
AZ,85924,31,16,16,20
AZ,85925,31,41,12,17
AZ,85926,22,33,20,31
AZ,85927,34,47,9,30
AZ,85928,30,50,22,30
AZ,85929,12,45,22,37
AZ,85930,24,28,21,52
AZ,85931,25,48,10,20
AZ,85932,26,40,20,16
AZ,85933,21,20,18,20
AZ,85934,29,46,25,42
AZ,85935,14,24,24,50
AZ,85936,22,25,14,40
AZ,85937,13,35,17,20
AZ,85938,34,50,20,17
AZ,85939,26,34,12,32
AZ,85940,12,26,10,34
AZ,85941,31,35,21,50
AZ,85942,18,51,15,19
AZ,86001,25,41,11,21
AZ,86002,24,36,16,27
AZ,86003,25,24,20,45
AZ,86004,35,40,16,27
AZ,86005,31,36,20,36
AZ,86011,25,22,23,46
AZ,86015,27,41,21,44
AZ,86016,13,26,23,31
AZ,86017,35,45,16,34
AZ,86018,18,28,10,20
AZ,86020,30,42,8,15
AZ,86021,26,40,17,19
AZ,86022,30,40,13,38
AZ,86023,21,46,13,23
AZ,86024,12,33,13,45
AZ,86025,31,35,27,33
AZ,86028,30,25,14,22
AZ,86029,17,23,18,39
AZ,86030,11,34,8,29
AZ,86031,25,48,17,23
AZ,86032,24,39,19,32
AZ,86033,38,26,10,34
AZ,86034,16,32,14,40
AZ,86035,26,27,15,47
AZ,86036,11,24,17,34
AZ,86038,27,29,10,24
AZ,86039,24,22,13,32
AZ,86040,11,20,21,36
AZ,86042,28,34,20,12
AZ,86043,13,53,14,23
AZ,86044,23,44,8,21
AZ,86045,27,31,12,33
AZ,86046,31,51,21,23
AZ,86047,15,39,13,27
AZ,86052,23,21,13,42
AZ,86053,25,31,9,34
AZ,86054,19,19,26,28
AZ,86301,11,29,7,27
AZ,86302,35,23,9,43
AZ,86303,18,28,25,27
AZ,86304,38,31,10,43
AZ,86305,31,25,17,16
AZ,86312,20,26,15,16
AZ,86313,27,22,8,38
AZ,86314,14,26,23,24
AZ,86315,27,36,10,36
AZ,86320,12,48,21,36
AZ,86321,20,43,11,20
AZ,86322,12,46,20,25
AZ,86323,31,17,10,38
AZ,86324,40,40,24,35
AZ,86325,12,42,19,17
AZ,86326,14,26,11,29
AZ,86327,30,24,7,35
AZ,86329,20,33,16,43
AZ,86330,17,38,23,16
AZ,86331,19,32,21,43
AZ,86332,30,46,13,25
AZ,86333,14,23,23,53
AZ,86334,36,24,21,45
AZ,86335,32,46,15,49
AZ,86336,32,38,19,49
AZ,86337,13,31,23,41
AZ,86338,35,24,22,23
AZ,86339,26,33,18,21
AZ,86340,26,43,16,19
AZ,86341,32,35,11,29
AZ,86342,20,36,22,37
AZ,86343,31,28,14,28
AZ,86351,17,27,8,27
AZ,86401,24,35,26,43
AZ,86402,17,50,22,46
AZ,86403,16,26,23,53
AZ,86404,29,25,14,14
AZ,86405,13,49,8,29
AZ,86406,16,45,18,14
AZ,86409,21,36,11,28
AZ,86411,18,28,23,33
AZ,86412,22,23,12,24
AZ,86413,26,29,15,31
AZ,86426,20,31,10,32
AZ,86427,16,27,24,23
AZ,86429,32,31,14,22
AZ,86430,38,23,9,34
AZ,86431,20,54,21,44
AZ,86432,41,42,20,44
AZ,86433,32,37,17,34
AZ,86434,31,43,21,29
AZ,86435,37,41,13,55
AZ,86436,12,34,21,30
AZ,86437,28,50,9,27
AZ,86438,20,39,10,35
AZ,86439,28,22,13,32
AZ,86440,25,20,12,22
AZ,86441,21,42,23,15
AZ,86442,30,29,21,23
AZ,86443,33,55,11,32
AZ,86444,37,37,26,35
AZ,86445,15,37,17,21
AZ,86446,21,28,14,34
AZ,86502,28,36,21,25
AZ,86503,35,37,17,29
AZ,86504,32,40,24,36
AZ,86505,14,27,23,24
AZ,86506,23,23,21,14
AZ,86507,29,27,21,34
AZ,86508,25,26,8,36
AZ,86510,29,23,24,34
AZ,86511,12,29,22,50
AZ,86512,36,31,19,30
AZ,86514,19,27,22,46
AZ,86515,19,50,8,18
AZ,86520,26,41,10,18
AZ,86535,30,33,20,36
AZ,86538,21,24,22,38
AZ,86540,26,21,26,32
AZ,86544,32,35,11,16
AZ,86545,29,25,13,25
AZ,86547,21,31,17,48
AZ,86555,13,29,16,26
AZ,86556,29,28,20,21
NM,87001,32,42,14,39
NM,87002,16,47,22,25
NM,87004,25,39,13,14
NM,87005,34,31,11,49
NM,87006,29,16,19,31
NM,87007,19,35,19,18
NM,87008,15,30,24,25
NM,87009,27,37,19,28
NM,87010,15,28,17,29
NM,87011,33,25,23,32
NM,87012,17,41,17,22
NM,87013,27,25,11,29
NM,87014,16,28,14,32
NM,87015,23,40,13,23
NM,87016,14,21,23,42
NM,87017,18,18,23,27
NM,87018,18,34,12,27
NM,87020,25,21,21,21
NM,87021,21,34,24,45
NM,87022,10,29,20,22
NM,87023,24,38,24,40
NM,87024,13,37,14,23
NM,87025,13,38,10,31
NM,87026,32,32,24,39
NM,87027,12,24,19,20
NM,87028,20,40,22,25
NM,87029,28,29,11,43
NM,87031,17,24,12,30
NM,87032,21,23,14,44
NM,87034,26,26,22,39
NM,87035,24,32,9,18
NM,87036,19,25,7,23
NM,87037,16,32,13,30
NM,87038,20,25,26,16
NM,87040,30,27,21,16
NM,87041,17,40,9,18
NM,87042,26,32,13,22
NM,87043,17,48,13,49
NM,87044,33,26,8,40
NM,87045,23,41,15,36
NM,87046,16,46,16,31
NM,87047,20,33,16,24
NM,87048,16,22,12,14
NM,87049,16,28,13,43
NM,87051,18,30,10,17
NM,87052,33,46,21,42
NM,87053,24,27,20,53
NM,87056,25,44,9,15
NM,87059,26,30,16,43
NM,87060,27,19,16,22
NM,87061,24,26,13,15
NM,87062,24,37,14,29
NM,87063,27,34,22,13
NM,87064,29,18,21,27
NM,87068,13,29,17,32
NM,87070,30,35,12,25
NM,87072,17,47,18,30
NM,87083,12,38,15,19
NM,87101,22,35,7,23
NM,87102,37,30,20,28
NM,87103,19,49,21,24
NM,87104,24,34,15,39
NM,87105,25,36,25,24
NM,87106,36,52,12,17
NM,87107,19,27,8,29
NM,87108,37,21,10,44
NM,87109,19,25,22,26
NM,87110,16,28,23,31
NM,87111,28,23,19,42
NM,87112,11,47,27,19
NM,87113,13,34,13,43
NM,87114,11,24,13,28
NM,87115,11,45,13,24
NM,87116,38,28,23,14
NM,87117,14,22,21,27
NM,87119,24,32,19,30
NM,87120,19,35,22,35
NM,87121,33,40,17,51
NM,87122,29,19,25,32
NM,87123,37,24,17,31
NM,87124,28,27,13,33
NM,87125,38,21,12,44
NM,87131,25,34,17,23
NM,87144,25,29,17,14
NM,87151,34,45,11,53
NM,87153,16,43,13,21
NM,87154,23,40,19,44
NM,87158,36,43,20,43
NM,87165,37,30,26,39
NM,87174,36,25,16,26
NM,87176,16,29,17,36
NM,87181,33,30,10,26
NM,87184,20,17,22,21
NM,87185,36,32,17,27
NM,87187,33,51,18,19
NM,87190,27,30,12,24
NM,87191,17,29,25,24
NM,87192,31,37,16,31
NM,87193,28,25,21,23
NM,87194,15,26,20,36
NM,87195,28,38,18,30
NM,87196,13,28,21,25
NM,87197,31,23,16,15
NM,87198,31,48,22,35
NM,87199,24,34,10,28
NM,87301,33,43,18,28
NM,87302,33,26,11,18
NM,87305,26,37,11,46
NM,87310,31,34,19,20
NM,87311,29,28,17,38
NM,87312,12,18,20,29
NM,87313,24,27,9,28
NM,87315,15,24,12,24
NM,87316,21,52,19,34
NM,87317,36,39,19,26
NM,87319,31,35,19,43
NM,87320,31,37,20,19
NM,87321,16,16,16,40
NM,87322,18,44,16,41
NM,87323,34,26,17,29
NM,87325,38,55,7,20
NM,87326,25,38,11,15
NM,87327,31,46,16,14
NM,87328,16,28,20,17
NM,87347,20,29,24,29
NM,87357,15,35,24,31
NM,87364,22,26,24,23
NM,87365,29,35,14,47
NM,87375,19,29,8,27
NM,87401,30,37,8,38
NM,87402,33,19,25,29
NM,87410,27,25,11,15
NM,87412,16,33,20,39
NM,87413,21,35,9,42
NM,87415,38,27,21,28
NM,87416,24,34,23,25
NM,87417,21,25,10,45
NM,87418,40,24,20,38
NM,87419,16,34,17,33
NM,87420,31,28,23,18
NM,87421,16,28,25,54
NM,87455,32,37,8,25
NM,87461,15,36,17,31
NM,87499,24,37,7,24
NM,87501,26,26,8,21
NM,87502,32,37,24,31
NM,87503,28,45,21,22
NM,87504,16,32,13,40
NM,87505,23,27,20,23
NM,87506,13,23,12,31
NM,87507,36,35,12,17
NM,87508,38,28,16,40
NM,87509,15,39,19,35
NM,87510,27,24,23,19
NM,87511,24,20,12,22
NM,87512,23,31,16,29
NM,87513,31,20,13,18
NM,87514,26,30,7,48
NM,87515,25,33,15,29
NM,87516,22,26,13,44
NM,87517,12,32,22,25
NM,87518,34,27,15,14
NM,87519,25,34,8,22
NM,87520,33,38,12,20
NM,87521,41,26,15,28
NM,87522,26,33,10,25
NM,87523,35,29,16,41
NM,87524,35,47,15,35
NM,87525,20,37,21,35
NM,87527,32,49,8,43
NM,87528,17,36,16,19
NM,87529,28,26,22,27
NM,87530,33,33,9,22
NM,87531,21,54,13,30
NM,87532,21,26,20,36
NM,87533,19,29,16,27
NM,87535,38,53,23,22
NM,87537,38,28,14,22
NM,87538,29,43,10,44
NM,87539,11,33,17,42
NM,87540,32,34,8,18
NM,87543,27,38,24,18
NM,87544,37,43,16,32
NM,87545,20,27,15,43
NM,87547,14,27,15,21
NM,87548,13,34,7,20
NM,87549,25,40,15,17
NM,87551,19,49,17,22
NM,87552,26,34,19,38
NM,87553,19,31,12,37
NM,87554,15,33,22,38
NM,87556,28,39,14,35
NM,87557,28,18,20,23
NM,87558,26,47,23,20
NM,87560,21,32,11,24
NM,87562,35,19,12,27
NM,87564,15,43,11,44
NM,87565,31,35,12,30
NM,87566,28,26,13,20
NM,87567,14,40,18,51
NM,87569,29,31,11,17
NM,87571,18,29,21,17
NM,87573,24,39,24,37
NM,87574,19,45,18,14
NM,87575,36,24,19,23
NM,87576,21,46,11,33
NM,87577,21,32,17,41
NM,87578,21,25,24,32
NM,87579,22,44,12,38
NM,87580,20,44,13,26
NM,87581,32,38,20,22
NM,87582,19,35,21,18
NM,87583,26,19,17,22
NM,87592,27,26,17,25
NM,87594,17,24,22,24
NM,87654,15,25,20,36
NM,87701,26,42,25,36
NM,87710,32,52,26,36
NM,87711,28,54,21,19
NM,87712,34,19,9,29
NM,87713,11,51,13,26
NM,87714,39,26,9,40
NM,87715,23,42,10,16
NM,87718,14,27,23,15
NM,87722,20,35,22,12
NM,87723,33,35,13,54
NM,87724,32,28,21,28
NM,87728,17,31,21,30
NM,87729,18,45,13,57
NM,87730,26,17,21,17
NM,87731,28,29,15,24
NM,87732,35,40,13,29
NM,87733,20,38,22,24
NM,87734,23,31,21,34
NM,87735,15,52,10,31
NM,87736,39,25,17,38
NM,87740,34,30,15,41
NM,87742,24,17,18,35
NM,87743,16,23,16,20
NM,87745,30,43,13,17
NM,87746,21,27,9,21
NM,87747,14,49,17,20
NM,87749,21,26,10,18
NM,87750,28,30,23,21
NM,87752,30,37,9,40
NM,87753,25,21,17,43
NM,87801,17,25,21,39
NM,87820,33,30,7,20
NM,87821,14,19,20,43
NM,87823,21,39,18,22
NM,87824,11,54,11,33
NM,87825,12,50,14,32
NM,87827,31,29,16,16
NM,87828,17,17,12,23
NM,87829,11,20,11,32
NM,87830,27,51,11,12
NM,87831,23,27,27,28
NM,87832,36,37,20,17
NM,87901,29,52,19,33
NM,87930,19,29,12,23
NM,87931,22,31,9,34
NM,87933,32,30,10,32
NM,87935,27,28,18,33
NM,87936,40,33,15,33
NM,87937,38,41,9,27
NM,87939,22,35,22,15
NM,87940,12,38,22,34
NM,87941,24,27,10,26
NM,87942,28,26,13,43
NM,87943,34,19,9,13
NM,88001,26,29,21,36
NM,88002,14,44,9,23
NM,88003,30,17,20,21
NM,88004,37,55,23,49
NM,88005,29,36,9,32
NM,88006,10,26,9,24
NM,88007,11,38,26,31
NM,88008,29,35,9,34
NM,88009,24,23,18,45
NM,88011,28,40,13,14
NM,88012,13,30,8,12
NM,88013,23,23,22,31
NM,88020,27,39,13,25
NM,88021,14,21,24,35
NM,88022,38,32,15,20
NM,88023,26,43,16,28
NM,88024,23,28,15,36
NM,88025,28,35,24,27
NM,88026,16,23,19,32
NM,88027,35,21,8,15
NM,88028,19,23,11,32
NM,88029,22,25,19,39
NM,88030,30,33,21,33
NM,88031,16,32,22,22
NM,88032,13,31,18,36
NM,88033,33,27,7,29
NM,88034,21,34,22,32
NM,88036,31,37,13,32
NM,88038,14,43,20,31
NM,88039,28,27,10,16
NM,88040,17,32,7,26
NM,88041,21,48,16,20
NM,88042,31,37,12,39
NM,88043,24,49,23,20
NM,88044,19,20,15,37
NM,88045,25,25,15,20
NM,88046,38,55,16,52
NM,88047,15,35,12,46
NM,88048,37,35,17,33
NM,88049,24,30,19,41
NM,88051,18,48,9,31
NM,88052,21,37,16,46
NM,88053,17,32,10,17
NM,88054,33,24,20,24
NM,88055,31,25,10,19
NM,88056,20,34,21,24
NM,88058,13,32,20,36
NM,88061,14,29,15,21
NM,88062,34,49,9,16
NM,88063,19,36,8,32
NM,88065,35,24,20,47
NM,88072,18,26,13,42
NM,88081,21,35,22,49
NM,88101,18,33,21,14
NM,88102,33,30,10,29
NM,88103,13,26,9,14
NM,88112,18,42,10,39
NM,88113,35,25,22,41
NM,88114,22,30,20,38
NM,88115,34,25,19,22
NM,88116,18,42,26,30
NM,88118,27,41,8,30
NM,88119,32,36,25,38
NM,88120,23,49,15,34
NM,88121,33,26,16,17
NM,88122,30,32,13,20
NM,88123,14,24,9,35
NM,88124,13,30,23,21
NM,88125,18,18,17,30
NM,88126,25,34,10,26
NM,88130,23,25,18,23
NM,88132,11,29,16,23
NM,88133,30,19,11,25
NM,88134,16,25,24,47
NM,88135,17,41,14,26
NM,88136,37,22,16,30
NM,88201,16,37,22,42
NM,88202,24,42,9,23
NM,88203,14,43,15,35
NM,88210,37,26,9,26
NM,88211,27,38,12,31
NM,88213,10,22,8,42
NM,88220,29,28,17,34
NM,88221,29,47,26,17
NM,88230,21,30,12,50
NM,88231,29,25,8,25
NM,88232,29,37,15,27
NM,88240,37,29,9,18
NM,88241,25,42,7,24
NM,88242,23,19,10,21
NM,88244,23,32,19,31
NM,88250,25,30,11,32
NM,88252,24,20,15,13
NM,88253,21,29,22,32
NM,88254,17,23,7,18
NM,88255,35,24,16,37
NM,88256,27,30,14,33
NM,88260,13,33,14,42
NM,88262,20,35,18,25
NM,88263,26,21,17,26
NM,88264,31,25,11,21
NM,88265,34,48,9,38
NM,88267,29,41,8,31
NM,88268,33,20,25,47
NM,88301,19,34,17,31
NM,88310,19,25,20,30
NM,88311,13,56,7,40
NM,88312,30,40,8,26
NM,88314,38,21,15,32
NM,88316,28,29,12,18
NM,88317,16,33,24,22
NM,88318,29,25,26,33
NM,88321,30,39,21,41
NM,88323,16,28,18,15
NM,88324,29,41,23,26
NM,88325,19,22,15,53
NM,88330,31,42,11,16
NM,88336,18,32,11,19
NM,88337,26,42,14,39
NM,88338,27,27,26,30
NM,88339,32,26,19,22
NM,88340,24,39,14,29
NM,88341,25,49,16,39
NM,88342,32,40,13,27
NM,88343,41,52,27,39
NM,88344,36,18,15,50
NM,88345,24,42,13,30
NM,88346,24,45,15,20
NM,88347,26,33,16,32
NM,88348,25,45,22,34
NM,88349,25,32,9,43
NM,88350,17,41,17,25
NM,88351,33,36,11,24
NM,88352,41,49,19,19
NM,88353,11,46,11,34
NM,88354,19,38,14,28
NM,88355,32,24,18,14
NM,88401,27,38,11,17
NM,88410,29,26,18,42
NM,88411,28,17,14,19
NM,88414,33,32,10,40
NM,88415,13,29,17,37
NM,88416,14,35,12,33
NM,88417,34,39,18,34
NM,88418,13,28,23,27
NM,88419,20,33,14,20
NM,88421,14,28,17,28
NM,88422,24,27,23,39
NM,88424,29,42,7,35
NM,88426,26,46,20,39
NM,88427,17,35,15,16
NM,88430,19,19,10,38
NM,88431,28,28,8,21
NM,88433,24,34,13,32
NM,88434,26,36,14,39
NM,88435,29,24,10,27
NM,88436,15,31,8,29
NM,88439,36,36,7,30
TX,88510,22,53,33,16
TX,88511,23,55,29,29
TX,88512,30,56,31,49
TX,88513,39,29,16,46
TX,88514,15,42,19,24
TX,88515,24,40,29,30
TX,88516,24,27,25,42
TX,88517,18,45,20,30
TX,88518,34,35,18,17
TX,88519,14,30,10,19
TX,88520,28,54,25,17
TX,88521,27,27,17,55
TX,88523,28,41,27,54
TX,88524,26,50,19,41
TX,88525,19,47,15,42
TX,88526,32,34,23,21
TX,88527,20,66,26,35
TX,88528,35,64,16,54
TX,88529,28,27,22,17
TX,88530,31,46,25,43
TX,88531,24,33,9,65
TX,88532,36,41,16,30
TX,88533,49,28,28,23
TX,88534,33,46,12,23
TX,88535,48,40,25,33
TX,88536,22,59,9,28
TX,88538,15,51,24,33
TX,88539,25,52,25,43
TX,88540,41,55,18,36
TX,88541,29,29,16,29
TX,88542,22,26,25,56
TX,88543,37,39,22,40
TX,88544,20,48,19,20
TX,88545,36,64,15,31
TX,88546,22,35,13,67
TX,88547,26,26,23,39
TX,88548,23,59,28,45
TX,88549,29,42,15,23
TX,88550,19,49,11,49
TX,88553,35,28,25,30
TX,88554,32,32,14,47
TX,88555,32,26,30,55
TX,88556,25,43,21,22
TX,88557,30,47,12,38
TX,88558,27,29,12,72
TX,88559,29,33,27,24
TX,88560,38,66,9,33
TX,88561,14,45,15,51
TX,88562,32,48,30,24
TX,88563,42,36,25,23
TX,88565,14,25,27,44
TX,88566,42,35,14,35
TX,88567,23,27,13,30
TX,88568,18,47,12,21
TX,88569,46,41,14,46
TX,88570,35,49,12,30
TX,88571,15,39,32,29
TX,88572,23,46,23,19
TX,88573,37,53,18,32
TX,88574,33,36,32,25
TX,88575,23,25,12,52
TX,88576,39,46,17,18
TX,88577,41,42,25,45
TX,88578,15,42,16,27
TX,88579,29,49,28,33
TX,88580,32,35,23,33
TX,88581,16,51,24,41
TX,88582,25,44,18,28
TX,88583,19,41,15,35
TX,88584,34,59,21,24
TX,88585,13,47,27,29
TX,88586,34,28,24,45
TX,88587,15,43,25,61
TX,88588,46,41,15,48
TX,88589,42,36,23,72
TX,88590,31,43,15,41
TX,88595,32,43,18,31
DC,88888,29,20,9,45
NV,88901,19,22,14,24
NV,88905,18,42,16,31
NV,89001,27,32,21,45
NV,89002,33,23,7,33
NV,89003,26,28,11,50
NV,89004,22,29,8,28
NV,89005,19,34,21,41
NV,89006,20,23,7,34
NV,89007,32,39,9,19
NV,89008,26,33,15,36
NV,89009,21,36,23,50
NV,89010,18,31,20,26
NV,89011,31,50,15,21
NV,89012,28,43,14,17
NV,89013,22,25,15,19
NV,89014,28,47,23,34
NV,89015,33,49,15,19
NV,89016,33,34,19,15
NV,89017,33,32,25,20
NV,89018,19,33,10,12
NV,89019,12,28,14,40
NV,89020,12,31,9,21
NV,89021,33,24,8,22
NV,89022,25,36,19,25
NV,89023,20,21,16,36
NV,89024,28,39,8,29
NV,89025,17,32,14,19
NV,89026,29,46,8,40
NV,89027,13,24,19,35
NV,89028,26,19,13,35
NV,89029,23,37,22,55
NV,89030,15,44,21,17
NV,89031,12,24,10,29
NV,89032,33,33,7,20
NV,89033,29,29,13,40
NV,89034,24,51,9,25
NV,89036,16,50,13,30
NV,89037,19,32,22,16
NV,89039,12,26,18,20
NV,89040,31,43,15,12
NV,89041,19,39,14,31
NV,89042,26,39,21,14
NV,89043,16,35,14,31
NV,89044,18,36,16,30
NV,89045,19,25,16,29
NV,89046,12,28,11,37
NV,89047,29,33,12,13
NV,89048,34,36,13,41
NV,89049,30,33,9,39
NV,89052,31,35,10,38
NV,89053,11,42,14,42
NV,89054,20,26,10,37
NV,89060,39,28,19,49
NV,89061,17,56,7,27
NV,89067,13,25,11,29
NV,89070,22,26,15,45
NV,89074,31,41,24,32
NV,89077,19,23,11,36
NV,89081,19,37,10,12
NV,89084,35,21,18,35
NV,89085,32,30,24,17
NV,89086,28,44,15,19
NV,89087,18,50,16,26
NV,89101,34,39,8,19
NV,89102,13,32,15,19
NV,89103,18,33,16,46
NV,89104,31,26,16,34
NV,89105,32,35,10,29
NV,89106,33,35,8,46
NV,89107,22,32,20,33
NV,89108,28,23,11,28
NV,89109,29,21,23,24
NV,89110,16,46,18,31
NV,89111,31,35,10,38
NV,89112,28,21,10,17
NV,89113,24,43,22,22
NV,89114,28,23,16,53
NV,89115,31,42,26,22
NV,89116,14,22,21,31
NV,89117,24,31,12,21
NV,89118,23,46,17,16
NV,89119,31,52,10,35
NV,89120,31,27,15,36
NV,89121,16,40,22,14
NV,89122,38,35,12,33
NV,89123,16,20,15,41
NV,89124,19,23,21,29
NV,89125,25,36,20,22
NV,89126,19,30,16,23
NV,89127,28,39,15,14
NV,89128,28,21,24,37
NV,89129,20,51,21,22
NV,89130,13,20,23,53
NV,89131,17,41,8,27
NV,89132,19,26,10,18
NV,89133,26,45,19,21
NV,89134,28,17,13,34
NV,89135,21,35,25,30
NV,89136,16,33,20,32
NV,89137,33,32,18,24
NV,89138,19,21,20,22
NV,89139,21,29,9,31
NV,89140,33,30,21,15
NV,89141,26,45,23,28
NV,89142,31,31,19,16
NV,89143,30,37,13,46
NV,89144,37,18,20,52
NV,89145,31,27,22,42
NV,89146,27,21,22,25
NV,89147,23,42,25,14
NV,89148,27,30,15,15
NV,89149,17,45,9,26
NV,89150,18,25,7,14
NV,89151,20,21,15,38
NV,89152,27,43,24,33
NV,89153,27,29,24,35
NV,89154,19,51,12,39
NV,89155,15,17,20,33
NV,89156,25,21,18,18
NV,89157,16,21,26,20
NV,89158,18,26,18,17
NV,89159,28,43,10,27
NV,89160,15,35,18,24
NV,89161,31,37,18,28
NV,89162,27,33,17,13
NV,89163,24,20,9,31
NV,89164,12,47,19,38
NV,89165,20,38,8,37
NV,89166,20,28,25,23
NV,89169,18,54,7,33
NV,89170,17,26,25,40
NV,89173,14,23,20,28
NV,89177,34,25,21,29
NV,89178,33,32,23,22
NV,89179,27,34,10,34
NV,89180,35,26,7,17
NV,89183,21,40,14,26
NV,89185,27,34,19,17
NV,89191,23,33,11,13
NV,89193,35,25,20,36
NV,89195,22,34,22,30
NV,89199,22,27,16,37
NV,89301,24,46,25,25
NV,89310,25,25,14,29
NV,89311,22,36,13,30
NV,89314,26,37,15,24
NV,89315,20,33,21,34
NV,89316,14,42,9,22
NV,89317,33,28,8,32
NV,89318,14,27,24,30
NV,89319,11,33,21,21
NV,89402,19,29,17,33
NV,89403,25,41,21,44
NV,89404,33,49,16,26
NV,89405,32,26,19,17
NV,89406,13,29,26,19
NV,89407,17,23,9,37
NV,89408,29,34,19,43
NV,89409,18,30,19,35
NV,89410,25,55,22,28
NV,89411,13,48,18,13
NV,89412,25,42,13,16
NV,89413,14,29,12,15
NV,89414,33,41,16,41
NV,89415,21,21,12,28
NV,89418,12,49,14,19
NV,89419,26,27,13,26
NV,89420,16,44,11,47
NV,89421,16,39,21,20
NV,89422,16,54,21,28
NV,89423,29,42,22,29
NV,89424,35,27,15,40
NV,89425,14,16,21,25
NV,89426,28,27,11,28
NV,89427,16,23,8,36
NV,89428,11,26,23,15
NV,89429,21,26,20,30
NV,89430,16,45,11,35
NV,89431,18,23,13,34
NV,89432,19,41,22,28
NV,89433,13,38,22,21
NV,89434,31,32,27,23
NV,89435,28,32,18,18
NV,89436,22,30,25,42
NV,89437,35,50,12,32
NV,89438,12,27,21,31
NV,89439,19,39,13,25
NV,89440,21,23,9,18
NV,89441,25,36,20,45
NV,89442,27,29,21,22
NV,89444,12,19,13,44
NV,89445,32,28,22,24
NV,89446,12,34,19,38
NV,89447,29,19,18,27
NV,89448,16,34,17,22
NV,89449,27,37,14,26
NV,89450,15,39,19,20
NV,89451,15,44,14,39
NV,89452,32,24,25,34
NV,89460,20,30,9,28
NV,89496,14,51,19,39
NV,89501,17,30,12,30
NV,89502,24,31,11,22
NV,89503,38,25,18,30
NV,89504,27,30,16,18
NV,89505,23,31,13,48
NV,89506,18,35,10,31
NV,89507,28,30,22,16
NV,89508,24,23,16,37
NV,89509,21,19,14,27
NV,89510,19,27,20,31
NV,89511,19,41,24,14
NV,89512,11,18,13,29
NV,89513,29,19,16,18
NV,89515,19,51,8,19
NV,89519,14,35,17,38
NV,89520,21,42,21,41
NV,89521,30,46,23,29
NV,89523,27,27,11,29
NV,89533,37,32,17,32
NV,89555,29,25,17,28
NV,89557,30,40,18,18
NV,89570,25,27,8,54
NV,89595,26,40,18,16
NV,89599,13,25,8,36
NV,89701,18,37,11,21
NV,89702,31,33,8,27
NV,89703,22,39,19,41
NV,89704,18,35,24,25
NV,89705,12,31,9,20
NV,89706,33,25,7,37
NV,89711,34,29,22,20
NV,89712,28,35,24,28
NV,89713,31,38,10,14
NV,89714,24,22,20,23
NV,89721,32,31,24,17
NV,89801,36,34,8,32
NV,89802,23,21,22,18
NV,89803,22,52,8,32
NV,89815,24,37,18,25
NV,89820,27,27,14,50
NV,89821,17,40,15,38
NV,89822,25,27,10,35
NV,89823,31,47,18,27
NV,89824,36,32,11,24
NV,89825,10,41,12,18
NV,89826,22,39,14,30
NV,89828,30,33,19,24
NV,89830,26,35,19,37
NV,89831,15,44,23,20
NV,89832,15,20,26,51
NV,89833,36,31,16,40
NV,89834,39,18,15,22
NV,89835,22,25,26,43
NV,89883,26,32,21,19
CA,90001,37,77,52,63
CA,90002,51,66,47,57
CA,90003,56,76,40,63
CA,90004,62,73,29,53
CA,90005,43,50,52,41
CA,90006,54,85,47,50
CA,90007,26,90,39,95
CA,90008,40,90,22,52
CA,90009,67,51,21,64
CA,90010,36,47,63,78
CA,90011,64,54,55,36
CA,90012,75,87,18,91
CA,90013,42,64,53,95
CA,90014,49,41,44,52
CA,90015,66,90,41,55
CA,90016,43,51,40,55
CA,90017,37,90,32,90
CA,90018,56,46,47,42
CA,90019,29,74,27,95
CA,90020,43,86,20,88
CA,90021,46,58,18,80
CA,90022,29,90,35,83
CA,90023,69,52,42,67
CA,90024,28,90,50,50
CA,90025,31,41,27,38
CA,90026,46,70,39,50
CA,90027,54,47,54,95
CA,90028,72,45,32,47
CA,90029,66,64,42,36
CA,90030,71,64,27,66
CA,90031,38,60,30,34
CA,90032,57,67,38,95
CA,90033,43,83,21,51
CA,90034,27,63,32,59
CA,90035,68,90,37,91
CA,90036,82,90,51,88
CA,90037,69,72,21,95
CA,90038,80,55,26,95
CA,90039,70,90,55,40
CA,90040,42,69,42,75
CA,90041,72,62,24,69
CA,90042,54,68,17,95
CA,90043,43,69,35,78
CA,90044,38,60,40,59
CA,90045,69,48,39,34
CA,90046,28,86,31,95
CA,90047,43,40,21,53
CA,90048,45,53,19,43
CA,90049,54,88,27,64
CA,90050,66,83,46,62
CA,90051,41,78,35,82
CA,90052,27,52,28,58
CA,90053,53,86,51,81
CA,90054,75,81,35,41
CA,90055,55,90,46,85
CA,90056,64,84,56,58
CA,90057,74,86,56,45
CA,90058,38,71,20,47
CA,90059,50,86,52,36
CA,90060,33,61,45,48
CA,90061,35,58,32,95
CA,90062,58,59,38,87
CA,90063,74,75,50,82
CA,90064,64,80,48,49
CA,90065,30,84,47,95
CA,90066,26,42,50,65
CA,90067,71,67,60,60
CA,90068,73,49,45,83
CA,90069,22,25,27,47
CA,90070,65,82,36,36
CA,90071,67,56,50,76
CA,90072,72,79,44,95
CA,90073,66,90,37,48
CA,90074,71,40,34,86
CA,90075,27,42,42,95
CA,90076,41,90,48,39
CA,90077,40,54,35,43
CA,90078,69,61,41,69
CA,90079,45,58,54,61
CA,90080,64,90,37,86
CA,90081,67,84,22,88
CA,90082,64,71,61,41
CA,90083,60,78,19,76
CA,90084,26,60,32,60
CA,90086,77,59,35,95
CA,90087,47,65,50,56
CA,90088,49,57,41,62
CA,90089,74,54,33,51
CA,90090,17,26,33,58
CA,90091,58,75,51,49
CA,90093,57,59,40,59
CA,90094,41,47,17,28
CA,90095,80,77,18,88
CA,90096,63,66,40,88
CA,90099,52,53,23,55
CA,90101,38,74,17,47
CA,90102,72,81,18,55
CA,90103,31,90,48,33
CA,90134,48,65,24,67
CA,90189,36,84,54,47
CA,90201,20,38,25,36
CA,90202,36,31,28,27
CA,90209,34,39,24,47
CA,90210,46,47,33,20
CA,90211,17,33,16,42
CA,90212,36,35,13,33
CA,90213,35,25,22,55
CA,90220,35,29,23,19
CA,90221,34,63,11,46
CA,90222,15,28,30,18
CA,90223,17,65,33,37
CA,90224,23,40,31,17
CA,90230,17,38,14,63
CA,90231,31,63,28,59
CA,90232,30,51,30,47
CA,90233,18,60,29,40
CA,90239,38,48,14,51
CA,90240,42,40,12,21
CA,90241,19,30,25,25
CA,90242,28,39,28,46
CA,90245,14,26,27,51
CA,90247,31,47,29,57
CA,90248,30,37,15,26
CA,90249,20,34,15,28
CA,90250,34,49,24,34
CA,90251,21,28,28,33
CA,90254,27,25,34,29
CA,90255,48,58,29,21
CA,90260,16,28,15,38
CA,90261,40,47,31,42
CA,90262,27,25,16,25
CA,90263,16,56,20,40
CA,90264,20,35,17,59
CA,90265,27,52,12,44
CA,90266,40,54,10,20
CA,90267,26,67,17,50
CA,90270,40,34,21,63
CA,90272,33,36,16,37
CA,90274,28,38,11,29
CA,90275,30,25,23,22
CA,90277,13,55,14,47
CA,90278,20,31,17,42
CA,90280,17,49,33,31
CA,90290,19,25,9,29
CA,90291,43,33,15,51
CA,90292,41,50,13,45
CA,90293,38,33,18,24
CA,90294,34,41,14,38
CA,90295,26,45,18,61
CA,90296,31,43,11,45
CA,90301,26,45,22,34
CA,90302,13,50,23,35
CA,90303,32,52,34,28
CA,90304,26,37,24,18
CA,90305,36,56,30,55
CA,90306,31,64,27,26
CA,90307,45,37,18,23
CA,90308,37,47,22,58
CA,90309,26,54,27,43
CA,90310,17,35,34,50
CA,90311,33,34,28,39
CA,90312,31,21,23,50
CA,90313,26,38,11,42
CA,90397,20,52,28,29
CA,90398,37,43,22,38
CA,90401,34,26,15,57
CA,90402,27,28,31,40
CA,90403,33,30,9,57
CA,90404,14,46,14,36
CA,90405,21,44,10,39
CA,90406,33,32,33,32
CA,90407,23,31,31,43
CA,90408,43,36,21,51
CA,90409,24,28,13,49
CA,90410,41,29,21,27
CA,90411,22,50,23,51
CA,90501,44,36,25,33
CA,90502,32,52,15,35
CA,90503,47,39,22,38
CA,90504,26,48,16,32
CA,90505,38,35,21,33
CA,90506,29,36,19,18
CA,90507,14,58,34,41
CA,90508,50,32,28,34
CA,90509,36,29,21,44
CA,90510,39,45,20,64
CA,90601,20,26,31,21
CA,90602,37,38,10,40
CA,90603,37,23,23,34
CA,90604,23,47,15,41
CA,90605,18,45,20,27
CA,90606,32,39,23,45
CA,90607,26,35,29,40
CA,90608,20,27,13,20
CA,90609,32,57,32,43
CA,90610,44,31,9,54
CA,90612,41,43,29,59
CA,90620,36,58,14,29
CA,90621,34,45,10,54
CA,90622,14,32,29,53
CA,90623,36,38,10,29
CA,90624,31,48,28,25
CA,90630,35,50,15,26
CA,90631,28,37,21,34
CA,90632,15,28,25,43
CA,90633,24,30,10,39
CA,90637,41,42,30,32
CA,90638,39,34,13,36
CA,90639,42,46,12,34
CA,90640,28,56,16,41
CA,90650,16,32,28,31
CA,90651,18,24,10,23
CA,90652,29,40,33,50
CA,90659,23,49,25,47
CA,90660,37,43,11,30
CA,90661,21,22,30,59
CA,90662,23,43,11,47
CA,90670,16,49,27,43
CA,90671,31,48,28,29
CA,90680,37,29,19,21
CA,90701,22,48,28,16
CA,90702,33,29,17,22
CA,90703,32,27,25,52
CA,90704,31,48,28,68
CA,90706,38,31,19,32
CA,90707,17,46,29,38
CA,90710,44,29,14,27
CA,90711,17,40,11,24
CA,90712,17,31,17,22
CA,90713,42,43,13,35
CA,90714,29,38,27,47
CA,90715,35,30,29,39
CA,90716,25,42,19,30
CA,90717,15,33,16,15
CA,90720,38,34,23,33
CA,90721,23,39,23,50
CA,90723,27,54,25,19
CA,90731,19,40,31,29
CA,90732,16,36,13,40
CA,90733,34,24,28,56
CA,90734,26,30,28,44
CA,90740,32,55,28,45
CA,90742,24,37,23,55
CA,90743,37,36,20,19
CA,90744,22,25,17,38
CA,90745,19,33,13,47
CA,90746,29,36,15,40
CA,90747,29,54,26,38
CA,90748,39,30,20,55
CA,90749,41,34,31,35
CA,90755,44,32,19,60
CA,90801,28,34,17,46
CA,90802,19,33,10,46
CA,90803,25,40,12,26
CA,90804,27,39,11,50
CA,90805,33,44,18,20
CA,90806,16,31,33,28
CA,90807,19,38,35,56
CA,90808,21,44,16,47
CA,90809,37,56,20,36
CA,90810,25,53,12,27
CA,90813,32,30,26,30
CA,90814,26,43,12,44
CA,90815,16,24,30,31
CA,90822,16,38,32,26
CA,90831,19,62,11,58
CA,90832,35,50,10,43
CA,90833,14,35,20,37
CA,90834,27,33,12,40
CA,90835,45,26,23,51
CA,90840,37,48,24,21
CA,90842,22,53,24,32
CA,90844,27,39,14,42
CA,90845,39,30,14,22
CA,90846,35,27,10,48
CA,90847,25,32,22,42
CA,90848,23,23,33,36
CA,90853,20,41,14,41
CA,90888,36,35,15,69
CA,90895,19,39,12,63
CA,90899,36,41,16,54
CA,91001,27,25,9,29
CA,91003,38,44,18,26
CA,91006,24,61,29,46
CA,91007,30,34,14,32
CA,91008,33,36,14,47
CA,91009,42,34,15,62
CA,91010,29,33,28,47
CA,91011,30,42,14,45
CA,91012,18,49,10,44
CA,91016,38,25,12,54
CA,91017,26,29,29,35
CA,91020,16,44,25,48
CA,91021,17,44,20,23
CA,91023,33,29,19,20
CA,91024,40,25,22,21
CA,91025,22,32,10,37
CA,91030,27,39,12,26
CA,91031,31,22,14,47
CA,91040,41,41,18,44
CA,91041,33,35,15,24
CA,91042,29,28,29,41
CA,91043,34,30,21,24
CA,91046,19,20,13,28
CA,91066,36,35,16,49
CA,91077,22,42,23,24
CA,91101,18,35,19,26
CA,91102,38,30,14,53
CA,91103,31,37,12,35
CA,91104,15,26,19,31
CA,91105,36,33,28,56
CA,91106,29,37,15,69
CA,91107,15,40,13,40
CA,91108,42,40,19,37
CA,91109,18,43,14,50
CA,91110,23,63,21,26
CA,91114,48,41,26,40
CA,91115,26,44,16,35
CA,91116,24,35,24,56
CA,91117,42,39,26,52
CA,91118,38,40,25,27
CA,91121,31,36,26,50
CA,91123,20,46,30,40
CA,91124,37,36,16,26
CA,91125,28,35,11,38
CA,91126,38,66,26,28
CA,91129,36,29,28,24
CA,91131,33,51,22,47
CA,91182,18,31,24,37
CA,91184,37,40,21,50
CA,91185,17,46,15,26
CA,91188,32,49,15,63
CA,91189,37,28,23,41
CA,91191,21,24,26,39
CA,91199,20,34,27,47
CA,91201,21,46,15,21
CA,91202,36,50,17,59
CA,91203,40,45,35,38
CA,91204,20,39,17,29
CA,91205,27,42,11,26
CA,91206,39,43,13,25
CA,91207,18,48,23,43
CA,91208,23,42,9,37
CA,91209,32,52,12,22
CA,91210,26,29,17,66
CA,91214,32,28,21,23
CA,91221,18,24,14,24
CA,91222,30,64,25,62
CA,91224,33,28,22,49
CA,91225,38,32,12,63
CA,91226,36,51,30,39
CA,91301,32,43,14,25
CA,91302,38,25,22,33
CA,91303,23,60,22,65
CA,91304,30,25,33,29
CA,91305,27,28,29,31
CA,91306,37,24,29,40
CA,91307,31,27,28,40
CA,91308,33,45,15,23
CA,91309,41,32,26,42
CA,91310,28,41,23,46
CA,91311,15,41,15,48
CA,91313,23,48,19,46
CA,91316,36,49,34,21
CA,91319,27,31,15,35
CA,91320,31,42,34,22
CA,91321,32,53,26,30
CA,91322,45,37,11,57
CA,91324,39,34,15,47
CA,91325,36,34,16,45
CA,91326,40,37,12,44
CA,91327,34,35,18,45
CA,91328,27,50,15,42
CA,91329,30,51,22,28
CA,91330,25,47,18,26
CA,91331,30,28,19,33
CA,91333,45,45,26,28
CA,91334,37,42,12,36
CA,91335,25,51,20,42
CA,91337,29,42,19,39
CA,91340,28,26,26,53
CA,91341,43,30,14,40
CA,91342,38,65,27,41
CA,91343,43,31,23,34
CA,91344,39,49,20,29
CA,91345,21,53,25,30
CA,91346,15,28,19,27
CA,91350,45,35,31,35
CA,91351,41,43,24,40
CA,91352,20,48,25,38
CA,91353,42,62,19,43
CA,91354,20,45,15,24
CA,91355,18,43,17,32
CA,91356,41,45,22,54
CA,91357,28,42,25,47
CA,91358,15,47,32,21
CA,91359,16,27,33,29
CA,91360,46,43,20,42
CA,91361,35,23,27,47
CA,91362,43,54,15,37
CA,91363,24,34,11,26
CA,91364,19,65,17,50
CA,91365,36,51,31,35
CA,91367,28,43,22,54
CA,91371,21,21,28,49
CA,91372,44,56,20,62
CA,91376,19,38,12,39
CA,91377,30,46,10,42
CA,91380,38,60,16,19
CA,91381,47,54,29,21
CA,91382,18,48,23,57
CA,91383,25,35,22,65
CA,91384,29,32,21,56
CA,91385,37,29,28,36
CA,91386,36,31,24,39
CA,91387,42,41,10,32
CA,91388,34,40,25,53
CA,91390,15,25,20,67
CA,91392,34,45,35,39
CA,91393,19,52,16,51
CA,91394,42,26,27,56
CA,91395,19,32,28,46
CA,91396,18,32,17,23
CA,91399,23,41,34,30
CA,91401,28,31,10,22
CA,91402,38,24,23,29
CA,91403,25,47,13,50
CA,91404,31,31,17,46
CA,91405,16,33,13,62
CA,91406,37,36,32,32
CA,91407,34,50,27,46
CA,91408,31,56,26,52
CA,91409,36,45,31,22
CA,91410,39,56,33,38
CA,91411,28,35,26,52
CA,91412,36,38,25,31
CA,91413,37,42,24,22
CA,91416,30,58,12,53
CA,91423,30,32,21,34
CA,91426,17,38,30,24
CA,91436,19,28,30,46
CA,91470,33,34,11,31
CA,91482,44,32,30,65
CA,91495,19,27,25,31
CA,91496,33,41,24,57
CA,91497,35,44,33,30
CA,91499,31,46,29,44
CA,91501,32,32,23,35
CA,91502,30,38,10,62
CA,91503,29,46,23,57
CA,91504,32,22,25,60
CA,91505,27,33,11,35
CA,91506,26,46,21,42
CA,91507,24,36,21,32
CA,91508,46,51,11,46
CA,91510,37,45,18,46
CA,91521,22,42,28,44
CA,91522,24,53,29,26
CA,91523,35,50,12,43
CA,91526,30,33,14,37
CA,91601,13,53,29,37
CA,91602,43,49,13,27
CA,91603,21,39,26,40
CA,91604,23,37,19,48
CA,91605,22,41,20,39
CA,91606,33,63,12,51
CA,91607,47,42,10,16
CA,91608,42,29,18,37
CA,91609,36,28,20,43
CA,91610,19,55,34,36
CA,91611,39,24,17,19
CA,91612,38,49,14,28
CA,91614,30,37,12,29
CA,91615,20,45,31,46
CA,91616,17,39,9,46
CA,91617,26,30,16,33
CA,91618,14,42,26,34
CA,91701,34,34,19,57
CA,91702,21,65,27,29
CA,91706,13,38,22,36
CA,91708,20,46,20,59
CA,91709,40,64,16,21
CA,91710,38,57,21,28
CA,91711,26,28,16,31
CA,91714,17,37,14,31
CA,91715,33,34,32,51
CA,91716,40,31,26,49
CA,91722,13,36,23,30
CA,91723,23,57,22,21
CA,91724,21,26,28,34
CA,91729,23,46,11,24
CA,91730,29,38,29,51
CA,91731,42,38,32,24
CA,91732,23,24,12,38
CA,91733,46,43,12,55
CA,91734,34,44,33,58
CA,91735,17,44,21,70
CA,91737,26,23,13,28
CA,91739,44,43,17,44
CA,91740,19,47,33,28
CA,91741,37,49,16,35
CA,91743,26,31,29,40
CA,91744,47,43,31,66
CA,91745,17,35,14,40
CA,91746,21,45,11,26
CA,91747,23,54,17,23
CA,91748,45,43,26,25
CA,91749,29,34,31,35
CA,91750,40,43,18,35
CA,91752,40,42,26,29
CA,91754,13,46,16,54
CA,91755,30,27,10,64
CA,91756,25,45,24,53
CA,91758,26,33,26,30
CA,91759,25,38,31,38
CA,91761,21,37,29,41
CA,91762,26,50,21,56
CA,91763,15,40,31,60
CA,91764,20,47,29,29
CA,91765,17,26,11,38
CA,91766,32,39,20,51
CA,91767,48,23,24,60
CA,91768,27,62,33,46
CA,91769,22,38,10,52
CA,91770,41,32,29,47
CA,91771,46,39,23,42
CA,91772,20,29,29,24
CA,91773,19,28,13,50
CA,91775,31,30,10,47
CA,91776,15,28,28,34
CA,91778,42,38,30,24
CA,91780,27,38,14,46
CA,91784,29,24,22,40
CA,91785,23,32,20,24
CA,91786,22,21,25,65
CA,91788,16,43,26,45
CA,91789,25,56,10,49
CA,91790,38,29,18,36
CA,91791,16,31,26,23
CA,91792,43,34,12,39
CA,91793,36,37,18,60
CA,91795,37,37,16,41
CA,91797,19,54,27,21
CA,91798,32,28,29,16
CA,91799,16,24,27,39
CA,91801,21,51,29,58
CA,91802,35,30,16,64
CA,91803,38,28,32,41
CA,91804,31,29,28,42
CA,91841,35,30,21,20
CA,91896,28,51,12,32
CA,91899,34,23,16,26
CA,91901,41,54,12,29
CA,91902,44,62,27,35
CA,91903,38,33,28,41
CA,91905,19,30,24,22
CA,91906,30,63,34,20
CA,91908,30,28,26,30
CA,91909,18,42,10,34
CA,91910,18,47,24,57
CA,91911,15,30,27,36
CA,91912,32,41,19,37
CA,91913,17,44,9,29
CA,91914,28,47,14,54
CA,91915,34,44,26,48
CA,91916,27,49,30,46
CA,91917,26,41,28,42
CA,91921,39,27,21,30
CA,91931,21,25,10,54
CA,91932,19,53,33,42
CA,91933,31,47,12,25
CA,91934,15,34,21,48
CA,91935,19,33,13,38
CA,91941,25,51,29,34
CA,91942,23,39,10,32
CA,91943,40,19,17,30
CA,91944,35,36,24,54
CA,91945,25,34,22,27
CA,91946,18,43,26,25
CA,91947,28,54,18,34
CA,91948,30,50,32,22
CA,91950,17,48,28,44
CA,91951,38,30,30,28
CA,91962,43,34,13,18
CA,91963,14,53,31,44
CA,91976,17,51,20,50
CA,91977,42,49,12,35
CA,91978,41,32,20,59
CA,91979,15,43,13,27
CA,91980,20,32,21,46
CA,91987,32,57,26,20
CA,91990,18,42,25,24
CA,92003,29,40,14,47
CA,92004,29,42,22,40
CA,92007,25,38,11,31
CA,92008,15,43,20,21
CA,92009,19,26,19,52
CA,92010,28,43,13,45
CA,92011,45,23,27,25
CA,92013,22,58,12,45
CA,92014,29,30,26,32
CA,92018,15,35,14,51
CA,92019,18,31,31,49
CA,92020,16,40,14,35
CA,92021,35,44,19,26
CA,92022,34,34,27,29
CA,92023,25,55,15,22
CA,92024,43,34,18,44
CA,92025,31,34,31,30
CA,92026,21,35,27,36
CA,92027,33,27,14,29
CA,92028,26,23,29,31
CA,92029,31,34,10,32
CA,92030,28,43,24,19
CA,92033,28,41,11,37
CA,92036,22,60,21,22
CA,92037,38,40,18,58
CA,92038,44,54,12,56
CA,92039,32,46,14,53
CA,92040,42,62,21,26
CA,92046,18,38,25,38
CA,92049,14,42,19,37
CA,92051,14,40,29,34
CA,92052,21,32,12,22
CA,92054,35,57,12,50
CA,92055,25,55,29,24
CA,92056,36,38,12,47
CA,92057,36,41,35,65
CA,92058,39,45,15,24
CA,92059,40,32,27,40
CA,92060,32,35,17,53
CA,92061,42,49,10,56
CA,92064,16,27,35,50
CA,92065,23,42,25,30
CA,92066,36,43,17,18
CA,92067,37,49,17,43
CA,92068,16,34,14,41
CA,92069,16,45,25,21
CA,92070,14,50,33,55
CA,92071,28,44,30,26
CA,92072,29,51,34,37
CA,92074,26,36,27,31
CA,92075,46,57,28,37
CA,92078,23,32,27,41
CA,92079,27,46,23,44
CA,92081,41,30,26,35
CA,92082,37,24,28,42
CA,92083,22,61,29,27
CA,92084,34,38,12,21
CA,92085,36,51,17,44
CA,92086,43,43,14,31
CA,92088,40,42,21,36
CA,92090,40,30,10,41
CA,92091,33,68,19,27
CA,92092,40,29,34,20
CA,92093,19,26,30,18
CA,92096,34,60,22,39
CA,92101,20,49,11,45
CA,92102,35,38,15,42
CA,92103,49,42,14,36
CA,92104,17,38,22,39
CA,92105,38,38,27,55
CA,92106,39,39,33,33
CA,92107,39,30,26,40
CA,92108,36,36,26,38
CA,92109,16,43,15,29
CA,92110,39,46,22,34
CA,92111,27,32,15,27
CA,92112,23,45,22,53
CA,92113,16,44,26,36
CA,92114,32,49,15,28
CA,92115,37,63,28,30
CA,92116,25,33,28,47
CA,92117,37,39,18,42
CA,92118,19,31,34,33
CA,92119,19,30,11,16
CA,92120,15,48,28,46
CA,92121,25,50,23,61
CA,92122,38,53,15,17
CA,92123,24,60,20,58
CA,92124,20,31,20,20
CA,92126,16,48,10,16
CA,92127,28,47,21,61
CA,92128,32,37,23,52
CA,92129,22,24,23,41
CA,92130,30,21,17,61
CA,92131,19,27,28,27
CA,92132,19,46,22,22
CA,92133,30,49,11,17
CA,92134,27,55,10,21
CA,92135,31,50,19,35
CA,92136,26,24,17,49
CA,92137,43,52,13,26
CA,92138,42,27,19,28
CA,92139,32,30,23,27
CA,92140,32,45,30,45
CA,92142,22,48,9,59
CA,92143,37,30,30,46
CA,92145,43,48,15,22
CA,92147,45,60,16,50
CA,92149,38,57,22,34
CA,92150,29,45,12,33
CA,92152,33,26,17,46
CA,92153,21,48,27,65
CA,92154,36,49,27,55
CA,92155,23,55,25,69
CA,92158,31,47,21,42
CA,92159,14,35,13,56
CA,92160,26,43,16,26
CA,92161,25,48,15,35
CA,92162,20,56,30,38
CA,92163,33,30,15,30
CA,92164,31,40,14,26
CA,92165,16,38,16,36
CA,92166,15,59,32,26
CA,92167,18,31,13,41
CA,92168,33,24,20,44
CA,92169,19,34,24,44
CA,92170,37,42,21,38
CA,92171,14,25,21,27
CA,92172,44,47,28,36
CA,92173,28,43,28,47
CA,92174,18,29,15,38
CA,92175,41,43,28,53
CA,92176,15,27,33,29
CA,92177,34,50,29,22
CA,92178,35,33,20,70
CA,92179,33,51,15,33
CA,92182,47,45,30,58
CA,92184,20,47,16,39
CA,92186,34,23,9,37
CA,92187,31,34,25,36
CA,92190,20,56,26,22
CA,92191,27,59,20,22
CA,92192,41,53,25,37
CA,92193,31,56,30,29
CA,92194,30,38,35,32
CA,92195,25,44,10,30
CA,92196,21,26,17,49
CA,92197,26,19,27,22
CA,92198,22,42,28,25
CA,92199,32,26,9,19
CA,92201,20,26,11,36
CA,92202,18,38,32,17
CA,92203,17,39,11,26
CA,92210,34,32,26,47
CA,92211,47,46,30,26
CA,92220,29,30,21,48
CA,92222,35,27,30,46
CA,92223,39,42,31,48
CA,92225,28,27,30,54
CA,92226,25,43,20,22
CA,92227,45,32,32,34
CA,92230,17,51,31,48
CA,92231,37,55,29,30
CA,92232,24,33,14,45
CA,92233,24,36,12,40
CA,92234,47,30,34,41
CA,92235,34,41,15,42
CA,92236,28,64,28,59
CA,92239,19,58,32,34
CA,92240,20,41,25,41
CA,92241,39,30,30,34
CA,92242,14,46,26,40
CA,92243,20,38,19,31
CA,92244,34,40,16,55
CA,92247,38,44,19,53
CA,92248,25,29,19,45
CA,92249,21,40,20,25
CA,92250,36,25,22,52
CA,92251,15,38,13,57
CA,92252,13,51,15,25
CA,92253,28,43,17,24
CA,92254,42,49,24,58
CA,92255,27,68,28,36
CA,92256,25,39,23,33
CA,92257,15,26,17,57
CA,92258,28,45,21,53
CA,92259,38,41,12,36
CA,92260,30,24,26,33
CA,92261,41,65,30,34
CA,92262,21,24,14,30
CA,92263,39,42,26,55
CA,92264,37,19,15,22
CA,92266,19,22,23,24
CA,92267,28,38,9,25
CA,92268,41,38,31,32
CA,92270,24,56,15,37
CA,92273,27,54,10,43
CA,92274,27,29,14,40
CA,92275,30,41,17,36
CA,92276,25,31,34,58
CA,92277,34,55,15,41
CA,92278,23,68,26,62
CA,92280,14,55,14,24
CA,92281,38,44,30,40
CA,92282,41,39,30,48
CA,92283,34,40,25,36
CA,92284,29,51,10,42
CA,92285,37,66,14,34
CA,92286,40,43,10,52
CA,92292,14,27,24,54
CA,92301,29,34,14,51
CA,92304,29,50,32,33
CA,92305,37,54,30,38
CA,92307,25,19,17,50
CA,92308,22,55,12,41
CA,92309,31,31,13,25
CA,92310,27,34,28,21
CA,92311,27,44,29,64
CA,92312,41,54,10,51
CA,92313,45,41,18,31
CA,92314,17,51,15,33
CA,92315,18,35,20,40
CA,92316,21,47,17,37
CA,92317,22,47,27,16
CA,92318,40,33,23,56
CA,92320,22,27,23,19
CA,92321,17,40,24,21
CA,92322,16,33,26,37
CA,92323,31,49,31,21
CA,92324,17,35,21,22
CA,92325,40,27,32,24
CA,92326,31,55,25,47
CA,92327,35,35,24,55
CA,92328,15,38,31,47
CA,92329,44,48,20,61
CA,92331,17,28,24,32
CA,92332,31,45,28,56
CA,92333,18,37,21,26
CA,92334,18,60,16,50
CA,92335,39,46,31,29
CA,92336,41,56,20,28
CA,92337,38,20,23,28
CA,92338,33,35,23,21
CA,92339,26,38,29,27
CA,92340,28,57,17,63
CA,92341,29,28,28,26
CA,92342,26,45,19,39
CA,92344,19,52,26,47
CA,92345,44,24,15,32
CA,92346,25,40,19,24
CA,92347,36,33,25,24
CA,92350,16,22,17,43
CA,92352,32,44,29,22
CA,92354,32,29,21,33
CA,92356,38,22,23,28
CA,92357,30,32,11,38
CA,92358,44,25,14,63
CA,92359,27,35,25,23
CA,92363,29,31,14,40
CA,92364,30,43,12,34
CA,92365,23,33,30,30
CA,92366,15,30,22,32
CA,92368,13,27,25,21
CA,92369,23,33,30,34
CA,92371,24,34,18,36
CA,92372,31,28,30,55
CA,92373,39,42,18,22
CA,92374,30,28,17,27
CA,92375,21,47,24,27
CA,92376,47,31,29,38
CA,92377,39,24,27,63
CA,92378,46,24,25,49
CA,92382,47,59,24,50
CA,92384,34,47,16,42
CA,92385,34,53,13,27
CA,92386,22,28,16,40
CA,92389,21,33,28,61
CA,92391,31,30,15,47
CA,92392,33,43,13,23
CA,92393,21,48,26,50
CA,92394,15,47,17,46
CA,92395,19,27,20,41
CA,92397,31,39,21,35
CA,92398,41,23,22,33
CA,92399,32,32,29,62
CA,92401,23,37,21,35
CA,92402,31,39,19,34
CA,92403,41,37,19,41
CA,92404,32,47,18,39
CA,92405,22,42,18,37
CA,92406,34,45,29,57
CA,92407,24,28,28,36
CA,92408,30,48,22,53
CA,92410,41,62,29,41
CA,92411,28,22,16,29
CA,92412,22,63,24,33
CA,92413,25,41,11,48
CA,92414,18,27,24,26
CA,92415,30,23,14,33
CA,92418,22,54,18,23
CA,92423,28,46,9,38
CA,92424,23,30,19,23
CA,92427,45,37,17,51
CA,92501,37,24,28,58
CA,92502,26,42,12,62
CA,92503,42,46,19,42
CA,92504,36,39,23,66
CA,92505,33,56,16,56
CA,92506,27,38,26,31
CA,92507,16,51,26,35
CA,92508,29,25,34,38
CA,92509,22,42,19,17
CA,92513,24,54,11,56
CA,92514,26,47,30,38
CA,92515,36,39,25,33
CA,92516,35,36,9,40
CA,92517,46,37,15,36
CA,92518,18,28,11,37
CA,92519,31,48,10,30
CA,92521,15,43,31,21
CA,92522,27,55,27,38
CA,92530,20,53,19,43
CA,92531,29,40,25,35
CA,92532,26,29,23,53
CA,92536,38,37,22,46
CA,92539,27,40,13,39
CA,92543,43,36,33,51
CA,92544,33,28,17,45
CA,92545,44,26,18,38
CA,92546,36,46,18,47
CA,92548,16,34,23,34
CA,92549,25,46,28,36
CA,92551,34,46,34,54
CA,92552,13,58,13,24
CA,92553,16,46,27,32
CA,92554,41,45,16,34
CA,92555,38,34,30,57
CA,92556,45,54,11,25
CA,92557,46,51,33,58
CA,92561,39,34,23,31
CA,92562,34,28,19,41
CA,92563,19,33,27,23
CA,92564,16,57,11,33
CA,92567,28,38,29,28
CA,92570,39,25,21,43
CA,92571,35,33,10,38
CA,92572,24,56,18,53
CA,92581,20,33,19,70
CA,92582,23,31,33,17
CA,92583,28,47,19,36
CA,92584,39,44,33,59
CA,92585,15,41,16,42
CA,92586,25,48,13,16
CA,92587,46,63,32,62
CA,92589,37,46,21,69
CA,92590,30,60,19,32
CA,92591,19,51,9,45
CA,92592,31,44,19,62
CA,92593,40,42,23,25
CA,92595,33,43,22,54
CA,92596,25,38,24,40
CA,92599,24,43,10,22
CA,92602,31,54,14,22
CA,92603,21,32,24,23
CA,92604,33,56,15,25
CA,92605,17,53,20,41
CA,92606,37,43,23,33
CA,92607,35,53,14,41
CA,92609,21,52,33,41
CA,92610,32,34,10,38
CA,92612,22,32,20,54
CA,92614,25,40,18,21
CA,92615,33,39,35,30
CA,92616,32,26,24,41
CA,92617,31,52,32,32
CA,92618,22,50,31,48
CA,92619,37,53,24,32
CA,92620,18,50,12,24
CA,92623,26,32,25,21
CA,92624,22,38,12,40
CA,92625,41,21,25,25
CA,92626,34,40,25,48
CA,92627,35,30,27,32
CA,92628,33,45,10,41
CA,92629,18,41,26,49
CA,92630,36,31,22,42
CA,92637,37,40,15,47
CA,92646,44,29,22,41
CA,92647,38,23,23,54
CA,92648,14,56,31,25
CA,92649,16,41,14,27
CA,92650,27,38,12,29
CA,92651,32,45,13,60
CA,92652,28,25,14,61
CA,92653,42,55,15,26
CA,92654,23,21,28,41
CA,92655,28,44,27,25
CA,92656,40,46,30,29
CA,92657,21,45,29,27
CA,92658,39,39,9,36
CA,92659,47,59,14,29
CA,92660,33,33,23,51
CA,92661,16,48,29,29
CA,92662,37,41,21,50
CA,92663,35,44,32,46
CA,92672,15,22,26,32
CA,92673,14,37,23,49
CA,92674,34,38,16,40
CA,92675,30,29,25,19
CA,92676,46,39,21,42
CA,92677,32,41,30,45
CA,92678,45,47,29,30
CA,92679,18,38,11,38
CA,92683,27,36,20,38
CA,92684,29,59,21,29
CA,92685,34,61,14,44
CA,92688,22,26,25,29
CA,92690,34,58,30,20
CA,92691,23,32,27,34
CA,92692,34,53,24,43
CA,92693,43,29,29,38
CA,92694,16,55,15,51
CA,92697,31,65,14,35
CA,92698,16,42,30,41
CA,92701,15,28,14,26
CA,92702,25,29,9,26
CA,92703,31,25,28,39
CA,92704,18,21,31,56
CA,92705,31,28,26,52
CA,92706,19,52,27,63
CA,92707,47,41,14,27
CA,92708,44,46,10,50
CA,92709,35,35,22,32
CA,92710,39,32,15,59
CA,92711,36,38,29,43
CA,92712,37,42,32,40
CA,92725,38,47,27,29
CA,92728,14,37,21,30
CA,92735,20,35,23,53
CA,92780,19,62,22,47
CA,92781,38,51,19,49
CA,92782,19,64,24,34
CA,92799,19,48,20,43
CA,92801,21,27,26,27
CA,92802,29,27,30,38
CA,92803,21,40,26,42
CA,92804,37,33,25,25
CA,92805,26,49,16,52
CA,92806,39,32,25,42
CA,92807,29,62,25,45
CA,92808,30,29,18,43
CA,92809,39,45,12,38
CA,92811,21,38,31,43
CA,92812,17,26,15,31
CA,92814,20,40,11,25
CA,92815,32,56,18,22
CA,92816,41,21,11,46
CA,92817,38,37,17,27
CA,92821,40,25,18,41
CA,92822,19,55,21,17
CA,92823,46,23,23,52
CA,92825,19,54,24,57
CA,92831,33,25,11,25
CA,92832,27,65,22,24
CA,92833,26,31,26,34
CA,92834,17,42,23,26
CA,92835,22,47,28,35
CA,92836,19,26,11,29
CA,92837,15,41,13,42
CA,92838,38,49,17,34
CA,92840,16,39,13,43
CA,92841,32,22,22,57
CA,92842,42,34,32,26
CA,92843,46,33,14,19
CA,92844,33,36,33,26
CA,92845,33,31,23,31
CA,92846,27,64,24,39
CA,92850,25,52,19,55
CA,92856,33,60,33,34
CA,92857,23,34,27,31
CA,92859,32,53,28,29
CA,92860,37,24,28,29
CA,92861,22,64,23,23
CA,92862,36,55,23,44
CA,92863,19,63,19,50
CA,92864,31,35,29,44
CA,92865,35,37,14,21
CA,92866,15,27,33,34
CA,92867,28,45,12,30
CA,92868,24,53,23,27
CA,92869,40,48,27,47
CA,92870,23,46,28,30
CA,92871,41,38,17,29
CA,92877,33,36,24,37
CA,92878,35,37,23,27
CA,92879,20,53,30,44
CA,92880,16,55,11,27
CA,92881,28,34,22,42
CA,92882,31,25,10,46
CA,92883,18,34,21,33
CA,92885,41,28,30,30
CA,92886,13,49,22,61
CA,92887,24,31,13,38
CA,92899,31,40,12,50
CA,93001,37,28,15,61
CA,93002,22,42,19,29
CA,93003,20,44,26,29
CA,93004,21,39,22,30
CA,93005,20,32,26,41
CA,93006,33,53,27,29
CA,93007,24,58,23,69
CA,93009,19,39,26,58
CA,93010,15,26,14,47
CA,93011,46,31,14,38
CA,93012,41,53,21,40
CA,93013,37,30,25,65
CA,93014,34,31,18,49
CA,93015,27,29,17,61
CA,93016,38,30,26,32
CA,93020,24,25,25,43
CA,93021,35,35,28,68
CA,93022,36,39,25,34
CA,93023,23,22,33,29
CA,93024,18,43,9,24
CA,93030,38,35,15,35
CA,93031,47,42,25,38
CA,93032,17,32,25,45
CA,93033,15,37,33,62
CA,93034,36,52,13,28
CA,93035,26,40,10,68
CA,93036,44,23,20,26
CA,93040,35,63,23,39
CA,93041,36,45,21,35
CA,93042,40,30,18,35
CA,93043,16,29,32,15
CA,93044,30,54,15,24
CA,93060,42,42,27,37
CA,93061,32,38,22,62
CA,93062,39,41,28,32
CA,93063,24,28,25,22
CA,93064,38,27,27,41
CA,93065,42,42,16,51
CA,93066,31,47,30,35
CA,93067,37,44,27,56
CA,93093,25,45,23,41
CA,93094,31,39,9,31
CA,93099,30,38,34,63
CA,93101,36,34,18,44
CA,93102,38,32,13,36
CA,93103,24,47,16,29
CA,93105,29,54,10,41
CA,93106,39,31,23,63
CA,93107,39,37,28,23
CA,93108,30,49,15,49
CA,93109,40,58,15,48
CA,93110,14,30,22,28
CA,93111,20,42,16,27
CA,93116,40,29,15,61
CA,93117,19,68,20,47
CA,93118,16,43,28,44
CA,93120,16,46,13,28
CA,93121,22,25,22,44
CA,93130,29,31,22,34
CA,93140,39,29,12,29
CA,93150,20,60,31,39
CA,93160,36,24,21,47
CA,93190,33,41,10,55
CA,93199,38,35,25,48
CA,93201,23,30,20,58
CA,93202,27,39,29,27
CA,93203,19,38,27,34
CA,93204,40,22,19,56
CA,93205,20,40,18,28
CA,93206,24,59,23,42
CA,93207,15,39,21,23
CA,93208,27,34,25,27
CA,93210,36,26,30,59
CA,93212,32,51,30,47
CA,93215,37,41,25,34
CA,93216,29,28,22,41
CA,93218,35,31,24,51
CA,93219,29,41,22,47
CA,93220,23,25,25,28
CA,93221,33,36,11,62
CA,93222,42,37,13,22
CA,93223,18,59,21,42
CA,93224,45,24,23,36
CA,93225,16,23,23,44
CA,93226,31,45,21,27
CA,93227,39,25,20,39
CA,93230,29,31,10,43
CA,93232,38,32,27,26
CA,93234,30,30,29,38
CA,93235,32,29,25,30
CA,93237,28,34,23,46
CA,93238,40,35,32,65
CA,93239,34,61,16,56
CA,93240,24,50,12,32
CA,93241,32,27,19,32
CA,93242,20,30,16,52
CA,93243,32,46,23,39
CA,93244,26,50,22,18
CA,93245,36,31,13,21
CA,93246,18,37,11,20
CA,93247,16,44,18,22
CA,93249,30,60,11,22
CA,93250,32,42,21,39
CA,93251,33,26,22,27
CA,93252,16,50,23,34
CA,93254,22,47,30,32
CA,93255,35,56,17,38
CA,93256,46,69,16,38
CA,93257,21,52,27,36
CA,93258,39,42,28,58
CA,93260,45,51,27,19
CA,93261,48,55,10,50
CA,93262,37,28,14,60
CA,93263,42,54,30,54
CA,93265,19,29,17,17
CA,93266,18,46,11,59
CA,93267,37,59,17,43
CA,93268,38,35,20,50
CA,93270,24,46,10,37
CA,93271,35,29,11,47
CA,93272,43,41,18,45
CA,93274,24,40,19,24
CA,93275,39,30,17,61
CA,93276,33,40,14,48
CA,93277,24,45,10,68
CA,93278,35,45,19,41
CA,93279,32,30,21,23
CA,93280,35,33,22,28
CA,93282,20,54,18,18
CA,93283,33,34,10,25
CA,93285,26,25,11,66
CA,93286,34,50,16,34
CA,93287,27,49,26,31
CA,93290,15,42,9,47
CA,93291,37,23,16,23
CA,93292,14,26,27,48
CA,93301,28,54,23,33
CA,93302,30,48,18,44
CA,93303,26,47,22,38
CA,93304,32,52,31,31
CA,93305,24,67,22,40
CA,93306,38,61,33,49
CA,93307,33,40,29,47
CA,93308,32,26,13,48
CA,93309,23,24,31,54
CA,93311,15,51,29,42
CA,93312,30,54,26,27
CA,93313,14,24,22,26
CA,93314,38,28,30,29
CA,93380,20,44,16,61
CA,93381,22,33,15,49
CA,93382,41,46,25,31
CA,93383,18,52,25,31
CA,93384,16,33,22,35
CA,93385,23,36,11,69
CA,93386,36,28,20,48
CA,93387,42,43,19,41
CA,93388,35,28,12,34
CA,93389,33,29,30,31
CA,93390,17,32,9,32
CA,93401,43,50,10,34
CA,93402,32,46,33,34
CA,93403,19,32,33,58
CA,93405,18,49,17,28
CA,93406,29,59,27,37
CA,93407,25,25,35,47
CA,93408,26,40,35,40
CA,93409,34,47,18,50
CA,93410,41,20,18,38
CA,93412,24,28,10,46
CA,93420,16,37,13,45
CA,93421,18,52,10,39
CA,93422,27,34,25,47
CA,93423,43,38,22,41
CA,93424,23,65,21,40
CA,93426,17,27,16,40
CA,93427,19,25,19,36
CA,93428,18,55,21,63
CA,93429,44,50,12,56
CA,93430,41,42,21,35
CA,93432,33,45,32,46
CA,93433,20,51,12,32
CA,93434,37,40,23,55
CA,93435,17,42,27,37
CA,93436,23,35,15,56
CA,93437,25,28,22,37
CA,93438,24,55,22,27
CA,93440,32,53,23,21
CA,93441,32,40,25,57
CA,93442,16,33,26,42
CA,93443,38,26,25,22
CA,93444,15,26,11,49
CA,93445,45,28,23,47
CA,93446,34,25,20,41
CA,93447,29,56,31,48
CA,93448,29,41,18,28
CA,93449,31,23,11,60
CA,93450,45,25,10,43
CA,93451,22,28,11,39
CA,93452,22,56,20,19
CA,93453,24,33,35,26
CA,93454,29,48,29,30
CA,93455,32,38,30,27
CA,93456,29,23,12,36
CA,93457,37,44,22,58
CA,93458,24,38,9,29
CA,93460,25,52,30,36
CA,93461,20,28,23,39
CA,93463,21,30,30,63
CA,93464,15,51,21,40
CA,93465,15,47,14,33
CA,93475,37,38,21,27
CA,93483,34,48,26,46
CA,93501,21,41,29,46
CA,93502,22,37,20,37
CA,93504,35,49,18,41
CA,93505,20,31,11,22
CA,93510,39,63,25,23
CA,93512,16,33,9,50
CA,93513,31,47,17,49
CA,93514,33,31,14,58
CA,93515,29,33,27,42
CA,93516,15,36,10,53
CA,93517,32,42,11,33
CA,93518,17,23,29,35
CA,93519,24,27,19,25
CA,93522,28,58,14,46
CA,93523,29,29,33,55
CA,93524,33,25,14,54
CA,93526,15,56,25,25
CA,93527,35,67,14,31
CA,93528,38,47,23,63
CA,93529,17,29,24,54
CA,93530,45,26,17,51
CA,93531,39,29,10,61
CA,93532,41,56,17,36
CA,93534,43,50,26,43
CA,93535,36,40,22,34
CA,93536,35,25,25,31
CA,93539,26,42,31,22
CA,93541,41,39,32,25
CA,93542,28,55,31,39
CA,93543,27,38,14,58
CA,93544,14,31,28,47
CA,93545,24,38,15,54
CA,93546,25,59,23,45
CA,93549,38,42,19,53
CA,93550,23,47,22,59
CA,93551,40,50,12,43
CA,93552,34,40,29,31
CA,93553,21,58,26,44
CA,93554,35,52,29,35
CA,93555,35,21,30,38
CA,93556,20,47,22,26
CA,93558,16,41,15,30
CA,93560,21,40,15,23
CA,93561,40,39,16,46
CA,93562,31,26,28,56
CA,93563,41,46,24,50
CA,93581,34,32,29,33
CA,93584,36,38,30,40
CA,93586,20,69,21,30
CA,93590,35,39,25,44
CA,93591,45,39,13,46
CA,93592,25,49,10,57
CA,93596,33,55,11,21
CA,93599,45,62,30,31
CA,93601,26,31,33,59
CA,93602,24,30,23,44
CA,93603,22,35,22,27
CA,93604,25,49,24,21
CA,93605,22,28,16,28
CA,93606,23,42,10,50
CA,93607,31,46,20,21
CA,93608,44,51,25,39
CA,93609,38,64,19,36
CA,93610,38,25,16,61
CA,93611,45,38,26,35
CA,93612,26,58,33,39
CA,93613,33,31,16,39
CA,93614,20,58,21,34
CA,93615,43,30,25,19
CA,93616,33,55,24,38
CA,93618,36,33,15,51
CA,93619,42,33,26,36
CA,93620,25,56,28,62
CA,93621,16,61,27,19
CA,93622,14,30,30,65
CA,93623,26,20,20,53
CA,93624,26,27,18,41
CA,93625,20,31,14,26
CA,93626,21,23,11,68
CA,93627,16,46,26,43
CA,93628,38,60,22,54
CA,93630,19,23,22,66
CA,93631,26,29,27,29
CA,93633,23,37,13,24
CA,93634,37,25,16,54
CA,93635,19,56,28,20
CA,93636,32,32,13,38
CA,93637,20,51,17,36
CA,93638,32,64,33,34
CA,93639,19,55,31,58
CA,93640,47,27,15,36
CA,93641,21,28,28,33
CA,93642,24,46,31,30
CA,93643,18,38,19,27
CA,93644,31,31,25,42
CA,93645,42,36,21,42
CA,93646,23,46,19,22
CA,93647,21,48,17,38
CA,93648,24,28,11,26
CA,93649,16,25,24,32
CA,93650,44,24,21,18
CA,93651,28,38,22,29
CA,93652,44,44,17,52
CA,93653,16,25,25,46
CA,93654,41,41,12,26
CA,93656,46,31,16,27
CA,93657,29,37,28,40
CA,93660,28,40,23,23
CA,93661,24,21,18,46
CA,93662,17,35,10,44
CA,93664,14,32,16,51
CA,93665,37,43,28,39
CA,93666,35,31,23,27
CA,93667,16,44,32,44
CA,93668,38,45,24,54
CA,93669,13,33,11,63
CA,93670,32,27,12,48
CA,93673,44,37,14,36
CA,93675,44,23,17,21
CA,93701,31,37,24,35
CA,93702,16,61,27,33
CA,93703,19,49,14,41
CA,93704,24,26,15,48
CA,93705,29,20,10,29
CA,93706,24,23,10,53
CA,93707,44,46,26,53
CA,93708,40,38,27,39
CA,93709,32,33,19,44
CA,93710,39,30,29,47
CA,93711,23,38,23,48
CA,93712,24,45,11,35
CA,93714,14,29,13,22
CA,93715,22,46,16,41
CA,93716,35,65,23,25
CA,93717,33,60,21,45
CA,93718,27,34,24,50
CA,93720,30,41,21,32
CA,93721,18,38,13,26
CA,93722,42,52,34,41
CA,93723,42,47,19,45
CA,93724,42,66,29,26
CA,93725,45,31,25,46
CA,93726,37,40,24,26
CA,93727,42,44,13,37
CA,93728,38,45,20,32
CA,93729,26,54,15,56
CA,93730,37,39,21,23
CA,93737,40,64,18,67
CA,93740,18,39,28,44
CA,93741,15,33,16,31
CA,93744,43,36,29,38
CA,93745,44,45,23,34
CA,93747,32,43,29,53
CA,93750,36,50,29,52
CA,93755,29,33,16,39
CA,93760,30,43,22,30
CA,93761,19,37,22,37
CA,93764,27,25,33,15
CA,93765,33,36,9,36
CA,93771,19,59,16,28
CA,93772,33,32,16,70
CA,93773,25,35,27,22
CA,93774,28,33,18,24
CA,93775,41,31,15,25
CA,93776,13,38,27,50
CA,93777,22,22,30,57
CA,93778,18,42,27,35
CA,93779,34,44,10,42
CA,93780,29,31,22,48
CA,93784,19,62,30,53
CA,93786,30,27,30,26
CA,93790,40,57,12,34
CA,93791,33,42,9,32
CA,93792,37,38,28,64
CA,93793,34,29,30,35
CA,93794,18,59,32,27
CA,93844,20,63,11,56
CA,93888,34,39,19,40
CA,93901,38,29,21,35
CA,93902,41,42,14,54
CA,93905,16,52,15,60
CA,93906,39,48,20,29
CA,93907,36,34,32,47
CA,93908,45,52,33,55
CA,93912,37,28,31,40
CA,93915,40,52,12,41
CA,93920,25,47,19,30
CA,93921,16,44,30,43
CA,93922,25,27,33,47
CA,93923,32,42,30,42
CA,93924,25,39,28,42
CA,93925,40,28,23,33
CA,93926,30,56,14,44
CA,93927,14,29,11,28
CA,93928,40,65,34,45
CA,93930,43,36,12,31
CA,93932,24,41,14,23
CA,93933,22,39,27,57
CA,93940,28,31,32,58
CA,93942,36,24,25,46
CA,93943,29,30,27,39
CA,93944,15,48,12,44
CA,93950,45,27,22,40
CA,93953,34,56,16,43
CA,93954,24,46,19,54
CA,93955,39,49,13,56
CA,93960,25,43,9,37
CA,93962,18,35,31,62
CA,94002,31,39,17,23
CA,94005,36,27,27,30
CA,94010,31,42,24,23
CA,94011,37,55,30,56
CA,94013,25,39,16,39
CA,94014,19,56,20,25
CA,94015,27,53,15,41
CA,94016,40,58,18,44
CA,94017,25,68,23,25
CA,94018,24,37,29,62
CA,94019,41,41,19,45
CA,94020,33,40,18,16
CA,94021,21,51,21,32
CA,94022,16,46,22,64
CA,94023,16,49,21,22
CA,94024,17,25,31,34
CA,94025,15,41,24,40
CA,94026,31,48,16,41
CA,94027,14,39,11,30
CA,94028,42,50,18,34
CA,94030,48,46,16,43
CA,94035,35,41,22,27
CA,94037,45,54,25,28
CA,94038,29,31,16,32
CA,94039,25,24,22,27
CA,94040,28,59,12,37
CA,94041,19,39,34,41
CA,94042,39,50,11,54
CA,94043,26,58,15,67
CA,94044,37,34,30,44
CA,94060,19,30,31,67
CA,94061,44,25,24,37
CA,94062,25,38,32,49
CA,94063,37,25,19,23
CA,94064,27,32,29,30
CA,94065,24,28,10,51
CA,94066,42,29,10,25
CA,94070,40,26,32,51
CA,94074,40,52,14,41
CA,94080,29,32,19,30
CA,94083,28,35,10,35
CA,94085,15,55,29,27
CA,94086,24,28,26,54
CA,94087,37,41,25,38
CA,94088,24,48,12,41
CA,94089,29,27,14,51
CA,94101,21,37,15,27
CA,94102,35,43,25,46
CA,94103,13,38,20,51
CA,94104,15,55,26,52
CA,94105,18,65,28,31
CA,94106,43,52,10,27
CA,94107,38,65,24,38
CA,94108,19,40,23,25
CA,94109,16,37,12,46
CA,94110,32,39,13,66
CA,94111,12,69,13,25
CA,94112,19,30,31,55
CA,94114,17,47,23,40
CA,94115,22,29,18,32
CA,94116,24,22,19,42
CA,94117,30,39,32,46
CA,94118,34,23,23,27
CA,94119,28,49,15,27
CA,94120,30,57,20,60
CA,94121,19,31,31,22
CA,94122,16,43,23,32
CA,94123,44,33,23,64
CA,94124,33,36,26,33
CA,94125,27,50,9,18
CA,94126,34,33,16,45
CA,94127,41,39,19,57
CA,94128,22,29,11,29
CA,94129,38,33,34,21
CA,94130,31,24,10,21
CA,94131,47,25,16,22
CA,94132,21,36,12,27
CA,94133,47,27,32,48
CA,94134,37,55,24,35
CA,94135,41,41,30,44
CA,94136,38,39,10,42
CA,94137,15,43,22,33
CA,94138,17,53,11,41
CA,94139,28,43,33,32
CA,94140,33,47,26,36
CA,94141,31,42,25,48
CA,94142,18,35,23,43
CA,94143,36,40,10,35
CA,94144,24,58,16,29
CA,94145,37,36,13,24
CA,94146,40,34,11,41
CA,94147,32,39,31,36
CA,94150,28,41,26,27
CA,94151,40,35,30,22
CA,94152,26,38,24,52
CA,94153,46,37,13,57
CA,94154,41,52,18,54
CA,94155,23,26,19,58
CA,94156,20,42,28,40
CA,94158,25,43,23,55
CA,94159,25,28,22,36
CA,94160,30,55,15,27
CA,94161,27,33,21,65
CA,94162,18,35,30,43
CA,94163,35,26,25,30
CA,94164,30,50,32,58
CA,94171,27,32,18,45
CA,94172,14,38,31,21
CA,94175,16,39,17,37
CA,94177,32,33,25,31
CA,94188,15,27,13,61
CA,94199,29,44,31,51
CA,94203,22,38,32,26
CA,94204,32,25,28,21
CA,94205,34,57,33,24
CA,94206,42,52,34,39
CA,94207,25,46,14,34
CA,94208,18,25,10,41
CA,94209,29,54,16,32
CA,94211,24,29,9,40
CA,94229,48,31,9,38
CA,94230,22,32,18,46
CA,94232,20,44,9,40
CA,94234,28,25,18,36
CA,94235,39,30,33,46
CA,94236,36,39,10,40
CA,94237,30,39,27,25
CA,94239,35,59,17,51
CA,94240,28,56,13,63
CA,94244,42,46,11,58
CA,94245,21,26,29,52
CA,94246,20,41,30,23
CA,94247,26,40,30,20
CA,94248,19,37,12,47
CA,94249,18,67,34,63
CA,94250,24,36,11,54
CA,94252,22,38,11,19
CA,94254,46,62,25,59
CA,94256,21,26,29,44
CA,94257,33,55,11,41
CA,94258,31,41,18,26
CA,94259,35,45,30,43
CA,94261,18,36,13,41
CA,94262,37,40,15,33
CA,94263,28,47,11,36
CA,94267,26,28,30,47
CA,94268,29,36,27,68
CA,94269,25,40,15,39
CA,94271,29,30,26,46
CA,94273,23,47,28,32
CA,94274,34,27,27,52
CA,94277,45,40,28,59
CA,94278,16,52,11,31
CA,94279,40,34,13,43
CA,94280,34,55,25,27
CA,94282,16,48,12,26
CA,94283,27,41,29,56
CA,94284,21,34,18,60
CA,94285,33,59,15,57
CA,94286,39,45,32,46
CA,94287,14,24,10,29
CA,94288,44,27,17,34
CA,94289,19,52,25,32
CA,94290,22,47,14,29
CA,94291,16,59,16,27
CA,94293,36,29,14,26
CA,94294,31,25,17,26
CA,94295,36,30,13,33
CA,94296,22,32,18,42
CA,94297,33,56,16,50
CA,94298,32,60,24,33
CA,94299,33,48,12,34
CA,94301,29,59,15,35
CA,94302,36,63,18,38
CA,94303,40,57,22,34
CA,94304,37,20,29,20
CA,94305,27,45,29,40
CA,94306,17,35,11,48
CA,94309,18,31,10,31
CA,94401,16,26,10,30
CA,94402,38,46,12,43
CA,94403,30,41,14,32
CA,94404,30,29,23,26
CA,94497,27,33,20,23
CA,94501,15,52,33,25
CA,94502,44,40,27,62
CA,94503,40,43,27,23
CA,94505,20,21,17,48
CA,94506,45,49,26,61
CA,94507,39,46,22,38
CA,94508,32,38,10,30
CA,94509,32,45,20,28
CA,94510,24,38,13,40
CA,94511,36,61,27,55
CA,94512,23,43,17,38
CA,94513,22,24,29,49
CA,94514,27,35,21,57
CA,94515,30,35,24,48
CA,94516,32,21,16,22
CA,94517,16,33,10,43
CA,94518,26,54,17,57
CA,94519,22,36,21,30
CA,94520,15,38,21,29
CA,94521,14,46,11,59
CA,94522,33,39,15,49
CA,94523,48,34,13,25
CA,94524,34,29,28,50
CA,94525,28,43,26,39
CA,94526,38,33,12,43
CA,94527,30,60,13,43
CA,94528,31,43,19,44
CA,94529,20,33,16,67
CA,94530,23,32,13,29
CA,94531,24,32,24,41
CA,94533,22,42,26,22
CA,94534,36,46,23,31
CA,94535,38,46,17,27
CA,94536,37,47,9,28
CA,94537,31,46,17,36
CA,94538,45,39,23,23
CA,94539,17,49,21,33
CA,94540,41,33,31,27
CA,94541,29,42,14,42
CA,94542,32,39,28,32
CA,94543,18,41,25,36
CA,94544,48,28,29,45
CA,94545,39,27,23,20
CA,94546,40,46,17,44
CA,94547,35,30,11,37
CA,94548,36,37,33,55
CA,94549,43,36,9,44
CA,94550,33,43,24,28
CA,94551,37,25,15,32
CA,94552,43,57,32,21
CA,94553,33,34,27,20
CA,94555,44,49,27,41
CA,94556,17,52,15,36
CA,94557,21,41,26,39
CA,94558,21,41,12,53
CA,94559,35,29,11,42
CA,94560,48,27,18,32
CA,94561,38,19,29,68
CA,94562,37,52,30,25
CA,94563,31,59,19,47
CA,94564,36,38,29,39
CA,94565,31,29,13,65
CA,94566,31,44,31,34
CA,94567,28,28,26,30
CA,94568,32,46,25,53
CA,94569,23,43,17,44
CA,94570,17,27,16,35
CA,94571,40,39,26,22
CA,94572,27,54,18,51
CA,94573,18,36,32,27
CA,94574,47,45,20,49
CA,94575,30,38,31,55
CA,94576,30,52,24,35
CA,94577,16,42,19,26
CA,94578,20,31,30,40
CA,94579,26,37,30,61
CA,94580,29,55,16,21
CA,94581,26,36,35,56
CA,94582,28,28,23,50
CA,94583,17,31,25,44
CA,94585,40,53,19,35
CA,94586,36,53,16,24
CA,94587,25,51,32,54
CA,94588,21,21,34,25
CA,94589,17,53,23,38
CA,94590,36,37,12,53
CA,94591,28,24,18,34
CA,94592,16,30,17,38
CA,94595,27,30,13,18
CA,94596,43,39,28,20
CA,94597,19,53,19,64
CA,94598,19,34,17,38
CA,94599,29,34,31,38
CA,94601,23,47,13,52
CA,94602,45,34,26,42
CA,94603,39,43,18,21
CA,94604,19,25,31,40
CA,94605,27,43,22,25
CA,94606,21,44,17,65
CA,94607,37,41,34,24
CA,94608,36,46,10,28
CA,94609,50,34,24,39
CA,94610,31,28,28,44
CA,94611,20,37,22,27
CA,94612,43,35,21,25
CA,94613,28,40,24,40
CA,94614,25,51,25,23
CA,94615,24,44,29,18
CA,94617,31,30,22,38
CA,94618,29,24,26,43
CA,94619,23,27,23,47
CA,94620,47,51,31,44
CA,94621,25,65,28,35
CA,94622,25,44,14,27
CA,94623,20,54,20,26
CA,94624,46,54,25,65
CA,94625,24,30,25,33
CA,94649,21,29,10,48
CA,94659,26,25,18,48
CA,94660,46,30,9,26
CA,94661,29,49,23,55
CA,94662,35,62,23,43
CA,94666,30,45,16,56
CA,94701,26,31,12,32
CA,94702,29,45,26,21
CA,94703,35,19,21,49
CA,94704,45,41,30,56
CA,94705,13,54,18,23
CA,94706,28,51,26,26
CA,94707,16,24,28,24
CA,94708,38,31,27,60
CA,94709,41,41,23,57
CA,94710,22,31,22,47
CA,94712,15,65,23,45
CA,94720,16,25,33,39
CA,94801,19,47,20,50
CA,94802,20,41,14,38
CA,94803,32,30,28,39
CA,94804,17,53,25,58
CA,94805,31,41,21,34
CA,94806,17,66,18,53
CA,94807,46,47,26,51
CA,94808,38,57,16,41
CA,94820,34,24,15,33
CA,94850,35,33,19,30
CA,94901,41,53,21,21
CA,94903,16,34,27,60
CA,94904,16,34,16,33
CA,94912,24,47,10,29
CA,94913,14,57,13,46
CA,94914,42,44,12,52
CA,94915,42,50,20,22
CA,94920,34,48,32,23
CA,94922,45,25,14,30
CA,94923,25,53,24,49
CA,94924,41,37,13,19
CA,94925,18,51,20,52
CA,94926,34,39,10,38
CA,94927,31,56,16,56
CA,94928,15,49,19,47
CA,94929,44,28,30,18
CA,94930,29,44,12,34
CA,94931,47,22,12,37
CA,94933,28,24,30,58
CA,94937,39,37,25,22
CA,94938,20,31,32,45
CA,94939,31,51,30,24
CA,94940,34,49,25,37
CA,94941,26,24,24,17
CA,94942,47,29,26,30
CA,94945,28,41,19,30
CA,94946,35,43,25,26
CA,94947,26,43,16,21
CA,94948,31,26,16,47
CA,94949,23,34,22,20
CA,94950,30,51,12,26
CA,94951,33,49,10,38
CA,94952,39,52,11,32
CA,94953,19,20,14,20
CA,94954,34,61,12,33
CA,94955,31,36,28,56
CA,94956,20,26,15,49
CA,94957,43,25,18,51
CA,94960,17,23,18,30
CA,94963,33,53,25,29
CA,94964,15,24,19,20
CA,94965,15,57,17,43
CA,94966,21,54,18,60
CA,94970,30,54,35,45
CA,94971,26,38,25,52
CA,94972,14,54,12,19
CA,94973,46,47,13,28
CA,94974,24,26,27,39
CA,94975,30,37,15,48
CA,94976,37,33,22,22
CA,94977,21,41,20,32
CA,94978,22,42,19,60
CA,94979,27,44,19,36
CA,94998,22,49,29,57
CA,94999,20,32,21,30
CA,95001,14,28,20,39
CA,95002,33,60,13,69
CA,95003,14,50,22,26
CA,95004,29,43,21,55
CA,95005,14,56,28,42
CA,95006,34,50,33,41
CA,95007,21,40,11,40
CA,95008,18,24,25,65
CA,95009,22,30,18,43
CA,95010,28,44,11,59
CA,95011,14,31,31,31
CA,95012,39,40,26,50
CA,95013,26,39,21,42
CA,95014,24,29,33,52
CA,95015,38,70,9,31
CA,95017,20,44,28,51
CA,95018,33,37,15,25
CA,95019,20,51,26,42
CA,95020,30,40,12,32
CA,95021,24,45,19,35
CA,95023,17,33,25,42
CA,95024,43,24,9,44
CA,95026,21,25,17,48
CA,95030,28,49,23,41
CA,95031,20,42,18,36
CA,95032,16,29,24,25
CA,95033,27,39,20,29
CA,95035,40,42,31,25
CA,95036,34,61,16,42
CA,95037,40,44,28,21
CA,95038,18,45,27,43
CA,95039,28,60,16,39
CA,95041,20,39,14,23
CA,95042,38,29,29,32
CA,95043,23,50,12,22
CA,95044,16,45,30,32
CA,95045,24,43,31,54
CA,95046,25,48,15,51
CA,95050,43,36,18,59
CA,95051,41,49,26,22
CA,95052,40,43,18,49
CA,95053,38,34,26,38
CA,95054,37,40,21,46
CA,95055,26,26,19,22
CA,95056,37,33,10,23
CA,95060,24,32,20,22
CA,95061,41,53,17,35
CA,95062,33,26,14,30
CA,95063,29,52,30,25
CA,95064,33,44,24,30
CA,95065,42,44,27,54
CA,95066,49,35,19,49
CA,95067,26,38,33,69
CA,95070,41,35,21,50
CA,95071,48,39,29,43
CA,95073,19,19,9,43
CA,95075,36,52,10,41
CA,95076,27,50,25,34
CA,95077,19,48,12,63
CA,95101,24,40,30,36
CA,95103,30,60,13,39
CA,95106,36,38,12,29
CA,95108,32,29,24,19
CA,95109,22,56,26,30
CA,95110,41,39,32,44
CA,95111,35,53,19,31
CA,95112,18,27,19,36
CA,95113,37,33,27,32
CA,95115,16,59,13,20
CA,95116,39,21,23,34
CA,95117,29,28,31,34
CA,95118,21,42,30,29
CA,95119,39,37,13,48
CA,95120,17,21,20,36
CA,95121,42,25,27,50
CA,95122,29,45,16,24
CA,95123,22,42,24,70
CA,95124,25,41,14,35
CA,95125,33,49,18,36
CA,95126,20,31,9,26
CA,95127,26,50,12,28
CA,95128,23,35,11,21
CA,95129,27,38,13,29
CA,95130,26,34,26,42
CA,95131,31,39,29,43
CA,95132,47,56,26,26
CA,95133,17,45,12,32
CA,95134,30,26,11,52
CA,95135,33,52,30,71
CA,95136,31,37,27,26
CA,95138,31,24,19,63
CA,95139,30,41,24,29
CA,95140,17,27,28,44
CA,95141,24,40,33,40
CA,95148,19,28,26,51
CA,95150,19,45,11,35
CA,95151,39,30,29,19
CA,95152,22,42,27,24
CA,95153,43,41,35,57
CA,95154,22,25,26,48
CA,95155,36,38,31,49
CA,95156,45,32,10,31
CA,95157,35,57,24,30
CA,95158,30,27,27,52
CA,95159,25,33,24,44
CA,95160,20,32,10,39
CA,95161,25,33,24,37
CA,95164,36,27,22,39
CA,95170,37,30,28,30
CA,95172,35,28,10,46
CA,95173,32,63,16,47
CA,95190,30,32,35,27
CA,95191,13,41,16,49
CA,95192,38,34,28,42
CA,95193,42,52,13,40
CA,95194,25,57,23,44
CA,95196,44,57,15,58
CA,95201,30,45,32,38
CA,95202,38,39,15,59
CA,95203,44,38,33,39
CA,95204,38,24,29,43
CA,95205,33,28,31,38
CA,95206,18,33,25,45
CA,95207,27,49,31,23
CA,95208,41,50,13,24
CA,95209,21,43,9,36
CA,95210,36,29,15,23
CA,95211,30,52,28,44
CA,95212,17,54,20,48
CA,95213,20,47,13,31
CA,95214,40,37,21,18
CA,95215,34,47,12,55
CA,95219,35,44,14,35
CA,95220,27,40,13,25
CA,95221,34,33,30,37
CA,95222,16,59,31,28
CA,95223,24,49,23,43
CA,95224,24,35,23,42
CA,95225,48,40,16,46
CA,95226,15,57,26,29
CA,95227,43,37,16,18
CA,95228,29,32,14,59
CA,95229,40,28,25,34
CA,95230,19,35,32,38
CA,95231,35,47,33,64
CA,95232,19,53,12,19
CA,95233,29,44,12,25
CA,95234,22,30,16,33
CA,95236,30,55,34,26
CA,95237,17,35,14,41
CA,95240,20,26,18,43
CA,95241,15,34,26,36
CA,95242,36,35,9,41
CA,95245,28,35,13,53
CA,95246,37,40,10,36
CA,95247,20,41,32,26
CA,95248,24,47,18,46
CA,95249,27,42,14,67
CA,95250,20,36,23,55
CA,95251,30,48,14,48
CA,95252,31,59,23,36
CA,95253,37,35,31,32
CA,95254,18,41,27,42
CA,95255,22,54,22,56
CA,95257,34,42,10,43
CA,95258,19,25,14,22
CA,95267,21,25,25,20
CA,95269,33,44,24,41
CA,95296,24,29,34,67
CA,95297,38,50,24,47
CA,95301,28,49,17,20
CA,95303,21,52,9,20
CA,95304,35,22,9,41
CA,95305,18,31,21,47
CA,95306,19,63,25,34
CA,95307,38,38,19,28
CA,95309,44,34,11,61
CA,95310,27,46,14,47
CA,95311,18,37,18,26
CA,95312,16,66,26,35
CA,95313,19,20,18,32
CA,95314,40,47,22,41
CA,95315,34,23,23,34
CA,95316,26,26,25,35
CA,95317,23,54,24,33
CA,95318,26,32,22,66
CA,95319,33,53,10,48
CA,95320,44,42,30,34
CA,95321,30,33,15,37
CA,95322,36,28,16,37
CA,95323,12,36,9,46
CA,95324,17,21,28,52
CA,95325,32,25,35,63
CA,95326,36,32,24,33
CA,95327,21,36,11,29
CA,95328,38,26,15,43
CA,95329,36,44,11,43
CA,95330,28,31,30,41
CA,95333,28,46,19,24
CA,95334,32,64,12,39
CA,95335,25,39,10,32
CA,95336,14,48,32,24
CA,95337,21,38,26,25
CA,95338,30,29,9,49
CA,95340,20,50,19,36
CA,95341,26,45,25,18
CA,95343,18,60,19,41
CA,95344,35,37,22,37
CA,95345,40,35,14,40
CA,95346,25,45,24,45
CA,95347,25,35,10,41
CA,95348,17,38,28,46
CA,95350,32,49,25,21
CA,95351,29,21,14,47
CA,95352,35,24,29,35
CA,95353,37,26,25,26
CA,95354,18,60,34,50
CA,95355,48,55,15,25
CA,95356,33,29,25,52
CA,95357,35,40,23,26
CA,95358,13,59,10,32
CA,95360,32,35,21,46
CA,95361,17,38,27,46
CA,95363,28,32,12,34
CA,95364,18,34,22,19
CA,95365,32,46,13,56
CA,95366,18,42,26,60
CA,95367,15,36,11,27
CA,95368,29,38,10,26
CA,95369,21,54,13,29
CA,95370,39,47,22,66
CA,95372,43,31,29,22
CA,95373,39,54,18,20
CA,95374,40,68,29,36
CA,95375,36,42,29,22
CA,95376,39,51,15,50
CA,95377,32,30,26,16
CA,95378,17,33,32,25
CA,95379,25,41,9,42
CA,95380,29,48,32,37
CA,95381,29,45,27,44
CA,95382,24,43,18,28
CA,95383,25,51,34,37
CA,95385,30,42,19,31
CA,95386,50,37,23,45
CA,95387,27,46,25,52
CA,95388,29,28,12,39
CA,95389,30,41,30,63
CA,95391,35,40,25,49
CA,95397,35,42,10,50
CA,95401,33,30,29,19
CA,95402,29,30,12,33
CA,95403,27,48,19,52
CA,95404,18,44,22,22
CA,95405,15,34,20,23
CA,95406,21,47,16,18
CA,95407,22,33,29,63
CA,95409,35,33,10,24
CA,95410,19,40,34,34
CA,95412,18,21,29,48
CA,95415,24,49,18,35
CA,95416,38,47,24,71
CA,95417,35,46,19,18
CA,95418,30,24,30,20
CA,95419,32,26,10,36
CA,95420,16,39,28,33
CA,95421,36,24,22,62
CA,95422,22,52,19,50
CA,95423,15,40,24,18
CA,95424,32,40,16,29
CA,95425,24,39,13,57
CA,95426,16,32,23,40
CA,95427,18,42,11,42
CA,95428,39,50,20,48
CA,95429,40,39,17,35
CA,95430,29,32,18,34
CA,95431,43,62,29,48
CA,95432,40,31,10,34
CA,95433,16,47,30,29
CA,95435,31,29,9,28
CA,95436,28,50,23,48
CA,95437,20,31,28,62
CA,95439,23,40,11,21
CA,95441,24,57,29,51
CA,95442,36,38,14,52
CA,95443,36,40,32,65
CA,95444,47,37,31,65
CA,95445,32,26,13,42
CA,95446,19,28,30,46
CA,95448,42,48,17,36
CA,95449,25,59,28,39
CA,95450,41,51,18,34
CA,95451,26,31,14,43
CA,95452,31,37,15,43
CA,95453,38,27,14,50
CA,95454,19,28,31,22
CA,95456,21,33,30,52
CA,95457,44,60,13,43
CA,95458,36,42,21,67
CA,95459,40,36,26,17
CA,95460,42,42,19,30
CA,95461,18,25,28,44
CA,95462,41,58,22,43
CA,95463,21,40,25,44
CA,95464,20,35,28,55
CA,95465,23,23,15,21
CA,95466,22,28,33,43
CA,95467,37,38,26,33
CA,95468,24,28,19,24
CA,95469,19,48,26,26
CA,95470,16,28,23,36
CA,95471,21,46,9,50
CA,95472,30,49,22,41
CA,95473,18,34,22,19
CA,95476,39,27,11,30
CA,95480,33,49,24,41
CA,95481,34,43,11,68
CA,95482,36,31,26,50
CA,95485,34,48,12,45
CA,95486,36,47,24,42
CA,95487,33,36,16,41
CA,95488,47,44,22,42
CA,95490,22,36,17,42
CA,95492,29,20,22,37
CA,95493,15,46,26,24
CA,95494,30,41,9,58
CA,95497,22,46,18,59
CA,95501,23,46,26,39
CA,95502,29,50,15,40
CA,95503,50,35,19,28
CA,95511,19,49,21,34
CA,95514,16,49,22,24
CA,95518,41,38,12,19
CA,95519,28,56,30,23
CA,95521,46,50,27,21
CA,95524,34,47,27,56
CA,95525,35,49,9,24
CA,95526,36,34,19,21
CA,95527,14,48,27,50
CA,95528,39,32,9,20
CA,95531,17,23,33,23
CA,95532,40,30,19,30
CA,95534,30,41,20,41
CA,95536,41,42,22,23
CA,95537,33,26,21,47
CA,95538,24,48,16,32
CA,95540,18,38,16,52
CA,95542,14,36,21,24
CA,95543,25,41,13,40
CA,95545,40,39,20,43
CA,95546,35,32,17,22
CA,95547,23,40,11,55
CA,95548,26,37,28,37
CA,95549,32,52,24,32
CA,95550,35,59,23,24
CA,95551,28,34,17,31
CA,95552,26,36,13,31
CA,95553,30,40,23,42
CA,95554,39,36,30,36
CA,95555,24,59,15,33
CA,95556,13,46,11,34
CA,95558,13,40,21,52
CA,95559,49,40,10,41
CA,95560,32,52,17,37
CA,95562,26,31,18,23
CA,95563,40,37,21,27
CA,95564,37,51,20,51
CA,95565,40,45,27,30
CA,95567,32,49,27,52
CA,95568,47,24,10,44
CA,95569,26,29,21,28
CA,95570,38,55,13,23
CA,95571,27,27,29,19
CA,95573,40,46,19,23
CA,95585,36,31,28,47
CA,95587,22,34,27,50
CA,95589,34,33,31,50
CA,95595,25,20,24,41
CA,95601,25,37,24,62
CA,95602,33,36,22,21
CA,95603,21,51,19,49
CA,95604,25,57,30,47
CA,95605,30,42,11,20
CA,95606,20,27,15,64
CA,95607,27,22,16,29
CA,95608,14,31,15,26
CA,95609,40,20,20,42
CA,95610,23,61,10,24
CA,95611,20,50,11,67
CA,95612,25,64,16,39
CA,95613,35,60,23,37
CA,95614,41,39,12,37
CA,95615,24,45,13,53
CA,95616,35,45,33,57
CA,95617,36,65,14,40
CA,95618,38,29,13,33
CA,95619,19,31,20,25
CA,95620,37,63,15,49
CA,95621,26,46,10,24
CA,95623,20,35,24,44
CA,95624,25,30,17,46
CA,95625,42,54,12,28
CA,95626,21,41,16,57
CA,95627,16,22,17,66
CA,95628,22,48,16,46
CA,95629,17,43,30,35
CA,95630,26,49,22,42
CA,95631,33,39,34,43
CA,95632,46,30,17,52
CA,95633,30,35,23,52
CA,95634,36,33,31,27
CA,95635,28,46,10,48
CA,95636,32,47,16,43
CA,95637,36,36,28,48
CA,95638,27,51,26,37
CA,95639,39,24,32,39
CA,95640,31,34,13,19
CA,95641,31,26,12,41
CA,95642,36,33,21,42
CA,95644,17,34,12,42
CA,95645,49,49,14,31
CA,95646,38,50,31,35
CA,95648,22,37,10,25
CA,95650,15,28,16,47
CA,95651,19,53,14,32
CA,95652,18,29,34,45
CA,95653,47,48,18,32
CA,95654,45,60,29,60
CA,95655,39,33,30,19
CA,95656,39,39,12,18
CA,95658,39,39,29,55
CA,95659,32,41,17,19
CA,95660,27,45,10,55
CA,95661,41,35,35,27
CA,95662,25,36,21,52
CA,95663,32,50,11,25
CA,95664,41,63,20,35
CA,95665,19,45,25,26
CA,95666,25,59,26,38
CA,95667,18,41,16,20
CA,95668,32,57,24,59
CA,95669,34,43,18,42
CA,95670,35,43,12,47
CA,95671,22,40,25,38
CA,95672,14,40,25,41
CA,95673,31,28,24,33
CA,95674,25,37,16,33
CA,95675,19,40,31,45
CA,95676,25,31,31,34
CA,95677,26,41,16,30
CA,95678,27,32,21,38
CA,95679,25,34,17,45
CA,95680,49,27,28,16
CA,95681,40,39,12,44
CA,95682,18,30,27,58
CA,95683,32,33,25,32
CA,95684,34,37,21,54
CA,95685,25,42,10,42
CA,95686,36,36,21,50
CA,95687,14,21,33,31
CA,95688,35,31,32,47
CA,95689,29,31,9,42
CA,95690,33,46,16,43
CA,95691,29,50,9,32
CA,95692,24,43,18,37
CA,95693,30,48,21,33
CA,95694,29,26,31,32
CA,95695,26,53,29,36
CA,95696,16,28,11,52
CA,95697,42,38,25,35
CA,95698,32,42,11,32
CA,95699,32,26,30,45
CA,95701,17,60,26,34
CA,95703,26,46,31,52
CA,95709,19,46,22,68
CA,95712,57,51,44,63
CA,95713,37,28,11,33
CA,95714,20,42,22,18
CA,95715,19,27,11,57
CA,95717,29,43,20,49
CA,95720,34,51,17,34
CA,95721,26,54,32,19
CA,95722,30,41,32,25
CA,95724,31,52,28,26
CA,95726,45,60,16,42
CA,95728,20,49,9,25
CA,95735,43,49,29,70
CA,95736,23,55,24,41
CA,95741,32,57,10,37
CA,95742,41,58,25,42
CA,95746,30,38,32,31
CA,95747,19,45,25,23
CA,95757,27,40,19,23
CA,95758,16,33,10,18
CA,95759,19,37,12,58
CA,95762,32,39,9,21
CA,95763,23,44,31,28
CA,95765,39,33,20,39
CA,95776,38,46,26,58
CA,95798,17,44,10,50
CA,95799,21,43,11,53
CA,95811,37,21,25,50
CA,95812,40,23,10,44
CA,95813,44,25,30,69
CA,95814,28,60,25,25
CA,95815,31,59,26,31
CA,95816,16,21,28,29
CA,95817,19,50,18,24
CA,95818,38,23,23,61
CA,95819,46,57,12,38
CA,95820,37,49,35,50
CA,95821,32,56,26,22
CA,95822,47,29,21,44
CA,95823,27,42,24,48
CA,95824,29,46,29,24
CA,95825,27,67,29,44
CA,95826,39,31,19,33
CA,95827,17,36,29,58
CA,95828,44,34,20,28
CA,95829,30,54,28,57
CA,95830,28,31,20,35
CA,95831,43,30,33,55
CA,95832,36,41,28,17
CA,95833,28,41,32,32
CA,95834,16,23,23,40
CA,95835,29,41,29,63
CA,95836,16,51,26,52
CA,95837,31,56,26,33
CA,95838,37,28,26,20
CA,95840,36,48,26,23
CA,95841,43,45,20,36
CA,95842,31,45,24,22
CA,95843,33,66,24,30
CA,95851,36,41,15,24
CA,95852,30,58,19,38
CA,95853,30,38,25,38
CA,95860,34,46,15,50
CA,95864,18,33,17,25
CA,95865,32,24,28,20
CA,95866,16,51,31,43
CA,95867,30,32,26,31
CA,95887,35,34,9,31
CA,95894,14,41,21,37
CA,95899,31,37,17,22
CA,95901,16,46,17,61
CA,95903,14,27,16,47
CA,95910,24,43,14,61
CA,95912,18,29,34,32
CA,95913,41,57,15,71
CA,95914,28,40,11,51
CA,95915,18,50,15,69
CA,95916,28,44,12,43
CA,95917,20,44,32,38
CA,95918,44,69,24,45
CA,95919,26,61,25,34
CA,95920,32,40,19,37
CA,95922,25,21,33,31
CA,95923,37,33,30,31
CA,95924,17,38,27,35
CA,95925,41,45,21,31
CA,95926,31,62,15,30
CA,95927,35,61,18,21
CA,95928,31,39,29,42
CA,95929,24,28,22,33
CA,95930,27,25,23,50
CA,95932,25,30,32,42
CA,95934,35,46,33,32
CA,95935,29,32,14,39
CA,95936,30,42,31,51
CA,95937,33,41,16,49
CA,95938,22,56,10,42
CA,95939,21,39,12,40
CA,95940,16,51,14,25
CA,95941,31,41,28,23
CA,95942,15,49,28,62
CA,95943,39,32,19,58
CA,95944,38,46,22,33
CA,95945,37,42,16,39
CA,95946,31,38,23,35
CA,95947,36,41,11,57
CA,95948,34,32,19,27
CA,95949,34,57,16,44
CA,95950,21,34,26,53
CA,95951,36,34,32,43
CA,95953,22,41,10,42
CA,95954,19,38,18,24
CA,95955,21,55,10,34
CA,95956,33,28,11,52
CA,95957,37,37,12,25
CA,95958,26,42,18,53
CA,95959,37,26,27,50
CA,95960,27,32,22,27
CA,95961,34,43,21,32
CA,95962,19,35,18,34
CA,95963,25,34,30,56
CA,95965,36,38,21,52
CA,95966,37,41,14,57
CA,95967,44,45,30,40
CA,95968,20,39,34,35
CA,95969,28,42,12,22
CA,95970,41,34,15,40
CA,95971,38,40,20,22
CA,95972,28,44,23,24
CA,95973,29,45,15,45
CA,95974,22,39,19,54
CA,95975,48,49,18,41
CA,95976,45,54,21,39
CA,95977,45,40,32,40
CA,95978,42,31,25,35
CA,95979,45,37,14,43
CA,95980,32,27,16,39
CA,95981,20,29,26,23
CA,95982,23,46,19,46
CA,95983,38,41,23,26
CA,95984,19,43,26,50
CA,95986,28,25,9,42
CA,95987,33,63,20,54
CA,95988,17,50,28,40
CA,95991,19,41,11,38
CA,95992,37,52,22,35
CA,95993,19,28,17,44
CA,96001,44,49,25,33
CA,96002,19,32,20,40
CA,96003,15,33,9,28
CA,96006,17,65,18,37
CA,96007,21,43,24,30
CA,96008,34,41,19,61
CA,96009,19,40,9,34
CA,96010,26,39,28,31
CA,96011,23,51,21,32
CA,96013,29,29,24,58
CA,96014,31,28,14,31
CA,96015,38,29,17,52
CA,96016,18,27,11,57
CA,96017,26,30,21,32
CA,96019,26,49,13,50
CA,96020,36,34,34,26
CA,96021,26,65,15,51
CA,96022,39,41,10,55
CA,96023,43,56,30,26
CA,96024,16,36,32,52
CA,96025,35,36,16,29
CA,96027,24,42,16,38
CA,96028,25,31,25,56
CA,96029,40,57,21,43
CA,96031,19,55,35,33
CA,96032,32,27,16,32
CA,96033,29,40,32,49
CA,96034,37,31,26,34
CA,96035,42,66,18,31
CA,96037,14,29,33,45
CA,96038,44,49,21,50
CA,96039,29,25,25,34
CA,96040,35,57,24,31
CA,96041,28,32,25,59
CA,96044,26,34,18,28
CA,96046,21,54,25,21
CA,96047,22,31,17,40
CA,96048,30,39,19,36
CA,96049,15,52,16,51
CA,96050,38,51,30,35
CA,96051,44,40,16,42
CA,96052,28,61,31,27
CA,96054,26,40,14,65
CA,96055,39,35,34,41
CA,96056,17,36,30,32
CA,96057,25,45,29,45
CA,96058,27,32,16,30
CA,96059,30,38,10,50
CA,96061,19,56,26,37
CA,96062,39,37,15,55
CA,96063,31,35,25,49
CA,96064,27,26,18,22
CA,96065,14,30,12,30
CA,96067,23,48,19,46
CA,96068,35,38,15,52
CA,96069,41,25,28,23
CA,96070,28,30,23,37
CA,96071,26,46,33,43
CA,96073,42,23,23,41
CA,96074,39,27,20,34
CA,96075,19,36,27,28
CA,96076,25,31,15,38
CA,96078,32,33,30,43
CA,96079,25,21,13,44
CA,96080,28,53,22,55
CA,96084,17,30,20,45
CA,96085,31,54,13,47
CA,96086,32,23,15,18
CA,96087,27,66,20,37
CA,96088,37,54,23,16
CA,96089,16,47,13,35
CA,96090,17,40,15,44
CA,96091,28,43,24,24
CA,96092,18,59,22,20
CA,96093,16,29,24,34
CA,96094,17,51,30,34
CA,96095,33,41,32,43
CA,96096,35,55,10,38
CA,96097,22,54,32,27
CA,96099,18,40,28,49
CA,96101,48,27,26,47
CA,96103,25,46,9,39
CA,96104,16,37,32,39
CA,96105,14,23,12,19
CA,96106,26,33,23,33
CA,96107,32,43,21,33
CA,96108,35,35,25,60
CA,96109,19,57,9,38
CA,96110,27,31,12,29
CA,96111,31,61,25,20
CA,96112,38,47,32,28
CA,96113,22,41,12,35
CA,96114,33,37,32,28
CA,96115,33,58,10,33
CA,96116,33,46,27,43
CA,96117,18,20,31,23
CA,96118,35,51,16,21
CA,96119,20,29,29,29
CA,96120,34,31,11,18
CA,96121,27,25,25,31
CA,96122,39,54,32,55
CA,96123,29,59,23,41
CA,96124,46,21,28,29
CA,96125,43,32,22,18
CA,96126,43,33,24,34
CA,96127,31,41,10,45
CA,96128,24,44,29,62
CA,96129,48,54,29,28
CA,96130,37,25,30,41
CA,96132,42,45,10,44
CA,96133,41,38,25,49
CA,96134,33,42,18,32
CA,96135,18,43,17,29
CA,96136,15,37,20,22
CA,96137,33,43,12,33
CA,96140,20,50,28,21
CA,96141,44,56,22,24
CA,96142,40,45,20,60
CA,96143,16,49,15,50
CA,96145,46,49,22,42
CA,96146,26,29,32,23
CA,96148,18,42,12,50
CA,96150,23,51,13,25
CA,96151,17,59,11,30
CA,96152,25,38,26,48
CA,96154,33,31,29,31
CA,96155,36,60,11,41
CA,96156,30,20,21,27
CA,96157,33,45,12,27
CA,96158,46,27,32,32
CA,96160,34,46,35,38
CA,96161,31,44,21,56
CA,96162,16,45,31,48
AP,96201,36,30,13,42
AP,96202,40,38,13,18
AP,96203,22,29,10,46
AP,96204,37,40,23,23
AP,96205,16,42,20,27
AP,96206,20,29,23,16
AP,96207,36,38,11,14
AP,96208,17,29,7,42
AP,96209,17,32,9,14
AP,96210,25,21,7,22
AP,96212,14,21,12,44
AP,96213,38,34,19,43
AP,96214,30,51,11,40
AP,96215,20,33,20,47
AP,96217,18,49,14,40
AP,96218,27,34,20,26
AP,96219,22,37,9,41
AP,96220,26,51,13,17
AP,96221,12,47,24,18
AP,96224,13,19,20,41
AP,96251,26,32,16,15
AP,96257,26,29,22,34
AP,96258,25,30,26,18
AP,96259,36,38,10,35
AP,96260,10,34,16,13
AP,96262,29,54,21,31
AP,96264,25,36,19,27
AP,96266,22,25,20,34
AP,96267,19,31,15,45
AP,96269,27,39,26,43
AP,96271,22,28,16,25
AP,96273,28,44,10,54
AP,96275,25,37,8,23
AP,96276,28,45,23,28
AP,96278,16,19,12,24
AP,96283,19,24,12,41
AP,96284,24,39,10,23
AP,96297,20,30,19,14
AP,96301,25,32,16,35
AP,96303,24,36,20,21
AP,96306,20,23,12,20
AP,96309,28,41,20,38
AP,96310,21,33,7,37
AP,96311,12,54,13,38
AP,96313,14,27,17,26
AP,96315,15,24,13,34
AP,96319,23,21,13,44
AP,96321,36,42,19,25
AP,96322,26,23,22,40
AP,96323,18,40,18,15
AP,96326,12,44,19,14
AP,96328,13,44,24,33
AP,96330,14,39,8,18
AP,96331,19,29,26,28
AP,96336,18,40,23,16
AP,96337,24,21,18,19
AP,96338,30,48,14,22
AP,96339,33,17,10,46
AP,96343,30,33,16,46
AP,96346,20,30,17,39
AP,96347,24,44,18,35
AP,96348,22,43,9,50
AP,96349,13,38,8,18
AP,96350,28,34,10,48
AP,96351,12,27,21,19
AP,96362,13,27,14,44
AP,96365,23,21,14,23
AP,96367,30,29,18,54
AP,96368,31,37,25,27
AP,96370,24,25,22,20
AP,96371,13,37,23,22
AP,96372,19,30,13,46
AP,96373,15,26,22,25
AP,96374,19,35,20,33
AP,96375,14,36,18,32
AP,96376,40,30,22,25
AP,96377,20,30,25,46
AP,96378,14,43,10,53
AP,96379,38,24,8,35
AP,96380,19,39,16,42
AP,96382,12,31,19,32
AP,96384,18,22,18,22
AP,96385,16,27,19,30
AP,96386,18,25,11,36
AP,96387,36,46,14,27
AP,96388,22,36,18,34
AP,96389,27,33,20,28
AP,96400,36,26,18,23
AP,96401,26,47,12,37
AP,96426,30,33,18,16
AP,96427,39,36,16,51
AP,96444,26,25,16,25
AP,96447,29,39,12,18
AP,96501,20,51,14,42
AP,96502,33,54,7,21
AP,96503,27,38,19,51
AP,96504,28,28,7,21
AP,96505,28,28,7,30
AP,96507,22,33,16,17
AP,96510,23,34,17,44
AP,96511,21,38,11,33
AP,96515,23,40,11,35
AP,96516,26,30,23,26
AP,96517,34,45,13,27
AP,96518,33,23,13,23
AP,96520,28,22,16,35
AP,96521,27,40,25,18
AP,96522,40,29,9,21
AP,96530,24,51,13,23
AP,96531,26,17,15,25
AP,96532,31,24,8,32
AP,96534,15,53,9,30
AP,96535,18,49,19,25
AP,96536,32,26,24,22
AP,96537,14,37,10,22
AP,96538,23,43,15,36
AP,96539,19,39,26,41
AP,96540,13,40,20,21
AP,96541,22,30,22,17
AP,96542,17,28,10,45
AP,96543,36,31,24,24
AP,96544,19,32,7,35
AP,96546,30,27,13,21
AP,96547,22,30,14,33
AP,96548,23,40,18,37
AP,96549,20,39,11,15
AP,96550,40,27,19,49
AP,96551,16,44,10,31
AP,96552,21,34,18,38
AP,96553,36,23,20,22
AP,96554,14,36,10,47
AP,96555,16,47,20,23
AP,96557,19,32,16,23
AP,96562,24,18,14,24
AP,96577,18,30,13,42
AP,96578,32,35,10,37
AP,96595,33,34,13,51
AP,96598,16,36,21,15
AP,96599,33,39,12,36
AP,96601,33,24,27,24
AP,96602,24,43,17,33
AP,96603,28,42,19,17
AP,96604,24,51,22,32
AP,96605,24,23,18,25
AP,96606,27,33,23,35
AP,96607,23,27,18,19
AP,96608,27,33,19,49
AP,96609,16,35,23,24
AP,96610,19,37,15,33
AP,96611,22,28,13,53
AP,96612,36,33,19,22
AP,96613,22,37,18,20
AP,96614,27,36,20,38
AP,96615,27,35,15,33
AP,96616,31,31,16,15
AP,96617,17,43,21,42
AP,96619,13,34,12,34
AP,96620,28,25,8,12
AP,96621,15,23,17,32
AP,96622,21,50,22,19
AP,96624,16,19,17,27
AP,96628,33,33,14,28
AP,96629,23,24,22,28
AP,96631,31,33,22,32
AP,96632,20,55,23,31
AP,96633,31,55,22,48
AP,96634,27,24,21,15
AP,96641,38,51,20,48
AP,96642,30,26,7,34
AP,96643,30,37,8,27
AP,96644,27,21,24,39
AP,96645,12,44,14,19
AP,96649,16,46,12,21
AP,96650,15,36,15,37
AP,96657,13,35,20,36
AP,96660,18,31,22,20
AP,96661,39,31,11,18
AP,96662,33,44,10,15
AP,96663,31,27,15,23
AP,96664,32,34,10,22
AP,96665,28,21,26,22
AP,96666,26,42,7,36
AP,96667,12,35,24,22
AP,96668,39,42,21,41
AP,96669,35,36,24,32
AP,96670,37,21,17,32
AP,96671,30,29,20,31
AP,96672,24,28,17,18
AP,96673,31,42,17,31
AP,96674,27,37,21,26
AP,96675,39,28,22,45
AP,96677,34,31,12,19
AP,96678,15,43,12,18
AP,96679,36,37,15,26
AP,96681,32,27,11,21
AP,96682,12,29,15,26
AP,96683,17,39,9,34
AP,96686,33,31,22,47
AP,96687,22,48,20,45
AP,96691,33,26,10,36
AP,96692,34,25,10,40
AP,96693,34,35,14,21
AP,96694,27,24,8,27
AP,96695,35,19,12,22
AP,96696,14,28,13,15
AP,96698,37,32,10,28
HI,96701,26,33,20,12
HI,96703,24,48,23,31
HI,96704,21,43,11,16
HI,96705,22,34,9,53
HI,96706,27,19,21,33
HI,96707,19,21,22,16
HI,96708,27,28,20,29
HI,96709,19,32,14,17
HI,96710,27,31,21,21
HI,96712,24,21,24,22
HI,96713,24,38,12,28
HI,96714,22,42,12,50
HI,96715,13,23,13,30
HI,96716,37,43,18,23
HI,96717,24,36,22,15
HI,96718,18,42,15,35
HI,96719,31,48,26,21
HI,96720,32,34,17,26
HI,96721,27,31,11,47
HI,96722,24,43,24,30
HI,96725,26,19,22,27
HI,96726,20,32,16,21
HI,96727,16,25,21,29
HI,96728,34,18,12,24
HI,96729,18,31,8,24
HI,96730,29,37,8,24
HI,96731,34,31,16,27
HI,96732,24,41,15,34
HI,96733,28,41,20,39
HI,96734,18,23,16,27
HI,96737,12,20,13,25
HI,96738,37,36,20,17
HI,96739,12,20,17,28
HI,96740,20,40,24,27
HI,96741,22,29,10,22
HI,96742,23,31,18,37
HI,96743,31,34,17,28
HI,96744,25,27,21,42
HI,96745,32,32,22,47
HI,96746,12,38,26,18
HI,96747,11,42,11,20
HI,96748,23,30,20,40
HI,96749,15,27,23,22
HI,96750,16,32,24,33
HI,96751,25,33,15,53
HI,96752,32,46,10,28
HI,96753,11,40,12,48
HI,96754,28,31,8,34
HI,96755,17,43,16,23
HI,96756,30,20,19,17
HI,96757,30,26,16,36
HI,96759,20,22,9,29
HI,96760,17,43,13,26
HI,96761,32,20,20,19
HI,96762,32,25,13,34
HI,96763,13,30,23,26
HI,96764,15,29,17,34
HI,96765,36,32,21,24
HI,96766,29,36,13,20
HI,96767,14,21,22,34
HI,96768,28,26,14,26
HI,96769,29,52,23,23
HI,96770,18,34,23,15
HI,96771,29,48,14,32
HI,96772,14,34,21,25
HI,96773,29,34,25,36
HI,96774,20,25,16,25
HI,96776,29,46,19,23
HI,96777,21,45,20,27
HI,96778,23,38,19,31
HI,96779,32,36,14,38
HI,96780,28,44,19,24
HI,96781,31,47,22,16
HI,96782,14,26,21,22
HI,96783,20,25,22,33
HI,96784,16,21,18,38
HI,96785,28,21,19,37
HI,96786,20,38,9,28
HI,96788,20,25,13,38
HI,96789,29,44,21,17
HI,96790,32,29,9,20
HI,96791,26,30,21,36
HI,96792,32,22,23,37
HI,96793,37,29,15,46
HI,96795,26,39,15,38
HI,96796,19,18,14,30
HI,96797,23,21,9,41
AS,96799,16,26,23,27
HI,96801,32,27,23,39
HI,96802,29,38,16,48
HI,96803,28,58,9,38
HI,96804,38,50,9,30
HI,96805,27,23,18,51
HI,96806,33,23,12,41
HI,96807,18,23,19,13
HI,96808,30,30,15,43
HI,96809,39,36,22,39
HI,96810,28,37,15,29
HI,96811,21,25,12,21
HI,96812,27,35,24,34
HI,96813,30,26,16,41
HI,96814,17,28,19,21
HI,96815,25,43,24,41
HI,96816,18,38,21,27
HI,96817,24,28,8,47
HI,96818,17,28,15,34
HI,96819,26,30,20,40
HI,96820,17,41,14,25
HI,96821,33,29,8,26
HI,96822,13,40,22,34
HI,96823,11,22,10,18
HI,96824,26,42,11,15
HI,96825,26,31,21,20
HI,96826,19,21,8,23
HI,96827,10,36,23,34
HI,96828,23,52,12,32
HI,96830,15,37,7,46
HI,96835,25,24,22,23
HI,96836,32,20,20,47
HI,96837,21,34,23,50
HI,96838,16,28,9,32
HI,96839,29,40,17,19
HI,96840,25,48,12,20
HI,96841,23,29,9,19
HI,96843,34,39,15,17
HI,96844,33,33,12,30
HI,96846,22,55,24,30
HI,96847,24,40,18,40
HI,96848,17,37,10,21
HI,96849,22,26,7,30
HI,96850,36,23,24,50
HI,96853,16,47,16,26
HI,96854,21,41,8,43
HI,96857,38,31,22,42
HI,96858,22,44,9,35
HI,96859,38,45,22,28
HI,96860,21,49,17,30
HI,96861,29,43,16,29
HI,96863,26,44,9,28
HI,96898,17,28,17,30
GU,96910,27,35,7,51
GU,96912,26,28,17,35
GU,96913,27,31,17,21
GU,96915,22,49,18,26
GU,96916,14,53,12,24
GU,96917,32,42,9,19
GU,96919,29,27,15,30
GU,96921,15,26,19,28
GU,96923,21,28,13,18
GU,96928,32,38,14,19
GU,96929,18,47,8,53
GU,96931,22,57,21,21
GU,96932,19,34,24,22
PW,96939,28,57,9,35
PW,96940,38,44,23,30
FM,96941,27,43,23,25
FM,96942,16,35,15,35
FM,96943,12,22,9,46
FM,96944,17,40,9,28
MP,96950,14,26,24,30
MP,96951,15,25,13,34
MP,96952,35,43,19,28
MH,96960,34,26,8,45
MH,96970,31,44,19,17
OR,97001,29,21,17,31
OR,97002,37,23,14,34
OR,97003,28,18,15,26
OR,97004,29,23,19,28
OR,97005,26,16,8,23
OR,97006,37,25,15,19
OR,97007,30,47,8,48
OR,97008,18,45,18,40
OR,97009,24,31,9,32
OR,97010,17,31,23,12
OR,97011,17,31,19,30
OR,97013,12,28,17,38
OR,97014,16,38,22,25
OR,97015,12,38,11,37
OR,97016,23,18,9,27
OR,97017,26,42,12,26
OR,97018,19,25,13,35
OR,97019,31,39,23,32
OR,97020,27,46,17,22
OR,97021,12,28,18,27
OR,97022,16,34,19,33
OR,97023,26,22,17,43
OR,97024,24,30,17,14
OR,97026,16,27,20,18
OR,97027,24,28,14,14
OR,97028,28,27,19,33
OR,97029,19,25,12,42
OR,97030,41,46,8,37
OR,97031,29,35,14,38
OR,97032,13,26,20,21
OR,97033,40,37,13,46
OR,97034,15,53,23,12
OR,97035,32,38,20,36
OR,97036,23,33,16,22
OR,97037,14,23,12,25
OR,97038,34,35,18,15
OR,97039,31,22,16,25
OR,97040,29,30,24,16
OR,97041,17,24,19,27
OR,97042,14,40,20,24
OR,97044,32,33,13,42
OR,97045,17,16,20,33
OR,97048,16,32,9,41
OR,97049,12,21,11,43
OR,97050,30,24,16,26
OR,97051,25,30,9,20
OR,97053,36,27,23,24
OR,97054,33,34,14,23
OR,97055,31,28,18,36
OR,97056,35,27,11,30
OR,97057,21,29,26,28
OR,97058,12,41,15,26
OR,97060,24,23,9,50
OR,97062,12,28,11,36
OR,97063,28,22,17,30
OR,97064,15,39,9,20
OR,97065,21,35,16,37
OR,97067,39,27,16,46
OR,97068,24,27,17,34
OR,97070,36,50,20,34
OR,97071,13,23,9,29
OR,97075,38,45,23,24
OR,97076,18,26,21,33
OR,97077,17,43,10,39
OR,97078,20,25,10,14
OR,97079,30,34,15,40
OR,97080,33,33,9,45
OR,97086,13,35,23,38
OR,97089,15,34,24,36
OR,97101,24,30,13,35
OR,97102,12,24,20,37
OR,97103,12,45,18,34
OR,97106,27,35,12,51
OR,97107,17,41,14,33
OR,97108,31,26,7,12
OR,97109,32,33,18,17
OR,97110,24,44,11,27
OR,97111,24,38,16,30
OR,97112,17,30,23,40
OR,97113,35,42,18,52
OR,97114,34,24,13,33
OR,97115,21,36,11,47
OR,97116,30,19,9,33
OR,97117,28,32,8,33
OR,97118,30,31,8,26
OR,97119,32,29,14,30
OR,97121,19,31,20,23
OR,97122,34,29,22,18
OR,97123,22,47,14,26
OR,97124,12,21,21,17
OR,97125,37,40,15,17
OR,97127,18,38,7,20
OR,97128,31,22,18,17
OR,97129,12,41,21,36
OR,97130,34,20,24,35
OR,97131,26,27,23,36
OR,97132,30,26,18,31
OR,97133,22,40,7,23
OR,97134,36,22,22,19
OR,97135,27,39,11,18
OR,97136,17,29,22,23
OR,97137,28,25,9,24
OR,97138,12,28,26,37
OR,97140,13,46,17,49
OR,97141,18,28,25,38
OR,97143,18,39,26,26
OR,97144,24,32,16,47
OR,97145,17,19,14,44
OR,97146,17,37,26,31
OR,97147,21,50,16,28
OR,97148,30,50,9,22
OR,97149,37,52,10,27
OR,97201,26,19,16,30
OR,97202,28,33,24,22
OR,97203,40,25,26,42
OR,97204,24,39,12,27
OR,97205,16,42,19,21
OR,97206,13,26,22,17
OR,97207,25,41,13,19
OR,97208,12,49,27,24
OR,97209,21,22,12,26
OR,97210,36,42,22,42
OR,97211,12,20,15,16
OR,97212,29,46,13,30
OR,97213,32,36,15,25
OR,97214,29,36,9,27
OR,97215,33,29,21,16
OR,97216,32,39,20,49
OR,97217,17,37,23,23
OR,97218,34,47,23,23
OR,97219,13,36,12,34
OR,97220,17,44,17,33
OR,97221,30,30,16,18
OR,97222,31,36,11,16
OR,97223,25,46,19,51
OR,97224,35,43,12,44
OR,97225,30,37,20,43
OR,97227,24,33,23,40
OR,97228,26,35,8,33
OR,97229,32,33,16,21
OR,97230,41,20,9,35
OR,97231,21,57,16,45
OR,97232,17,43,21,39
OR,97233,37,43,14,17
OR,97236,35,32,9,20
OR,97238,30,41,21,43
OR,97239,18,33,11,43
OR,97240,20,29,13,31
OR,97242,19,53,10,38
OR,97250,12,37,18,29
OR,97251,36,32,11,48
OR,97252,27,40,20,31
OR,97253,18,44,16,53
OR,97254,32,30,16,27
OR,97255,19,22,23,41
OR,97256,24,31,22,26
OR,97258,37,17,24,22
OR,97259,21,26,13,25
OR,97266,22,33,17,13
OR,97267,27,39,18,23
OR,97268,21,24,17,30
OR,97269,13,33,26,41
OR,97271,14,24,17,18
OR,97272,40,24,21,21
OR,97280,31,23,11,24
OR,97281,21,35,9,18
OR,97282,15,20,9,21
OR,97283,33,30,22,37
OR,97286,32,31,19,26
OR,97290,27,35,12,24
OR,97291,11,21,15,24
OR,97292,13,27,19,18
OR,97293,16,37,14,20
OR,97294,14,37,9,17
OR,97296,16,23,22,21
OR,97298,21,18,7,36
OR,97299,34,35,7,13
OR,97301,12,16,24,36
OR,97302,31,22,24,20
OR,97303,41,33,15,28
OR,97304,35,25,9,24
OR,97305,24,37,8,20
OR,97306,26,33,17,19
OR,97307,22,20,10,15
OR,97308,18,22,11,23
OR,97309,19,39,13,26
OR,97310,29,56,9,31
OR,97311,14,36,13,46
OR,97312,19,28,17,25
OR,97313,23,29,14,42
OR,97314,32,42,21,29
OR,97317,17,31,18,24
OR,97321,15,34,12,33
OR,97322,15,46,9,18
OR,97324,27,43,9,17
OR,97325,24,28,15,38
OR,97326,41,48,24,35
OR,97327,35,35,17,39
OR,97329,13,32,22,18
OR,97330,35,37,9,29
OR,97331,14,22,22,26
OR,97333,25,30,15,25
OR,97335,26,25,13,28
OR,97336,14,24,20,44
OR,97338,25,24,12,16
OR,97339,29,34,16,14
OR,97341,25,23,18,46
OR,97342,48,53,40,49
OR,97343,19,31,22,30
OR,97344,27,34,14,16
OR,97345,30,28,19,37
OR,97346,12,33,21,29
OR,97347,32,21,14,22
OR,97348,20,43,12,28
OR,97350,28,31,9,40
OR,97351,38,22,14,30
OR,97352,33,46,15,47
OR,97355,16,29,14,37
OR,97357,37,35,19,21
OR,97358,16,35,9,54
OR,97360,33,27,12,27
OR,97361,24,18,12,30
OR,97362,35,32,8,21
OR,97364,32,23,20,27
OR,97365,37,44,10,39
OR,97366,23,17,7,43
OR,97367,17,26,20,38
OR,97368,12,41,8,19
OR,97369,26,39,23,29
OR,97370,19,20,22,23
OR,97371,22,21,18,17
OR,97372,33,23,7,30
OR,97373,24,46,19,26
OR,97374,18,44,8,27
OR,97375,25,37,17,24
OR,97376,21,27,21,19
OR,97377,20,29,16,48
OR,97378,39,31,17,18
OR,97380,32,40,15,22
OR,97381,31,37,11,24
OR,97383,21,48,19,47
OR,97384,36,35,17,39
OR,97385,33,24,19,20
OR,97386,23,27,23,34
OR,97388,31,40,11,19
OR,97389,30,42,23,29
OR,97390,21,17,24,12
OR,97391,14,24,11,36
OR,97392,30,42,24,24
OR,97394,15,32,22,33
OR,97396,18,39,19,18
OR,97401,25,30,15,16
OR,97402,31,27,18,27
OR,97403,30,33,19,22
OR,97404,26,31,23,39
OR,97405,35,37,12,16
OR,97406,13,36,18,54
OR,97407,14,25,14,33
OR,97408,40,26,18,20
OR,97409,20,32,24,24
OR,97410,26,36,16,36
OR,97411,28,24,10,43
OR,97412,36,25,18,17
OR,97413,19,38,15,37
OR,97414,22,23,13,15
OR,97415,23,28,23,25
OR,97416,23,32,21,39
OR,97417,20,41,8,22
OR,97419,37,26,12,47
OR,97420,14,28,9,40
OR,97423,18,29,23,17
OR,97424,18,26,14,35
OR,97425,29,24,25,33
OR,97426,11,47,17,43
OR,97427,22,21,22,15
OR,97428,20,38,8,27
OR,97429,16,32,8,31
OR,97430,13,36,15,25
OR,97431,12,41,10,26
OR,97432,32,33,13,49
OR,97434,11,33,13,51
OR,97435,31,20,17,29
OR,97436,32,34,25,16
OR,97437,21,53,18,28
OR,97438,12,22,16,32
OR,97439,33,20,21,41
OR,97440,24,26,12,18
OR,97441,16,35,12,48
OR,97442,20,41,19,34
OR,97443,28,37,21,24
OR,97444,20,47,15,35
OR,97446,40,27,26,19
OR,97447,34,38,21,24
OR,97448,30,17,9,32
OR,97449,23,28,18,27
OR,97450,27,41,16,30
OR,97451,36,19,10,29
OR,97452,16,37,11,13
OR,97453,18,53,7,24
OR,97454,33,39,9,33
OR,97455,32,45,16,36
OR,97456,38,34,18,34
OR,97457,31,22,12,29
OR,97458,20,42,13,24
OR,97459,11,33,10,48
OR,97461,39,23,11,33
OR,97462,29,54,8,17
OR,97463,25,42,8,27
OR,97464,31,44,14,25
OR,97465,17,27,18,29
OR,97466,31,33,10,30
OR,97467,23,57,23,28
OR,97469,33,53,24,31
OR,97470,35,35,11,20
OR,97471,38,28,26,25
OR,97472,28,35,21,27
OR,97473,15,55,13,29
OR,97475,32,38,18,17
OR,97476,21,46,23,31
OR,97477,18,24,19,18
OR,97478,40,49,25,14
OR,97479,21,53,20,34
OR,97480,25,48,18,30
OR,97481,21,33,26,14
OR,97482,37,30,21,32
OR,97484,25,17,9,43
OR,97486,36,39,12,30
OR,97487,35,52,23,18
OR,97488,30,45,9,24
OR,97489,16,33,21,44
OR,97490,17,41,20,18
OR,97491,33,53,12,18
OR,97492,17,22,11,37
OR,97493,20,25,10,46
OR,97494,29,45,15,17
OR,97495,13,33,19,41
OR,97496,14,50,8,17
OR,97497,36,42,19,26
OR,97498,39,36,23,36
OR,97499,32,18,11,29
OR,97501,21,37,15,38
OR,97502,21,35,10,25
OR,97503,36,28,9,41
OR,97504,14,39,25,17
OR,97520,16,27,20,34
OR,97522,23,44,25,26
OR,97523,17,32,20,13
OR,97524,25,32,11,39
OR,97525,25,27,16,27
OR,97526,26,26,12,30
OR,97527,16,25,9,20
OR,97528,12,37,11,30
OR,97530,18,32,9,12
OR,97531,17,41,9,39
OR,97532,14,33,18,38
OR,97533,32,46,9,29
OR,97534,13,32,12,28
OR,97535,48,41,21,56
OR,97536,39,53,20,21
OR,97537,26,39,20,48
OR,97538,33,33,24,31
OR,97539,24,27,14,22
OR,97540,21,26,10,36
OR,97541,29,26,9,47
OR,97543,21,44,24,32
OR,97544,24,42,13,27
OR,97601,39,30,16,31
OR,97602,27,36,9,25
OR,97603,13,20,17,35
OR,97604,32,40,11,21
OR,97620,58,51,12,19
OR,97621,29,29,19,32
OR,97622,23,24,7,22
OR,97623,13,21,17,13
OR,97624,20,18,19,44
OR,97625,37,43,18,32
OR,97626,28,25,13,17
OR,97627,18,34,9,29
OR,97630,35,31,19,22
OR,97632,17,30,22,37
OR,97633,28,40,12,27
OR,97634,24,51,16,26
OR,97635,26,46,18,20
OR,97636,19,28,18,34
OR,97637,26,38,21,14
OR,97638,15,55,9,29
OR,97639,29,46,20,30
OR,97640,23,31,8,18
OR,97641,32,39,11,27
OR,97701,27,35,16,45
OR,97702,34,25,17,25
OR,97703,30,23,10,53
OR,97707,17,51,11,32
OR,97708,13,36,10,21
OR,97709,34,30,22,15
OR,97710,21,30,14,19
OR,97711,33,22,18,27
OR,97712,20,19,20,24
OR,97720,35,39,24,36
OR,97721,19,25,22,31
OR,97722,14,39,21,48
OR,97730,13,31,12,30
OR,97731,38,26,20,17
OR,97732,23,28,8,47
OR,97733,27,26,12,36
OR,97734,29,22,20,40
OR,97735,27,28,16,28
OR,97736,28,45,11,32
OR,97737,25,50,18,38
OR,97738,34,40,17,16
OR,97739,18,24,17,45
OR,97741,17,30,10,31
OR,97750,39,51,9,25
OR,97751,32,29,15,40
OR,97752,20,45,10,28
OR,97753,28,48,16,37
OR,97754,31,41,18,21
OR,97756,32,30,15,40
OR,97758,21,41,8,25
OR,97759,37,25,13,26
OR,97760,15,43,14,17
OR,97761,29,46,24,26
OR,97801,27,33,16,17
OR,97810,33,30,8,45
OR,97812,22,49,21,21
OR,97813,35,44,11,24
OR,97814,16,24,23,15
OR,97817,25,54,12,35
OR,97818,22,43,21,21
OR,97819,26,24,21,25
OR,97820,20,24,19,21
OR,97823,13,38,16,15
OR,97824,31,35,9,25
OR,97825,33,27,8,36
OR,97826,32,41,17,19
OR,97827,29,27,18,27
OR,97828,35,27,16,23
OR,97830,20,36,15,31
OR,97833,24,36,11,24
OR,97834,35,26,17,26
OR,97835,18,32,9,48
OR,97836,15,34,21,48
OR,97837,27,54,27,16
OR,97838,12,40,9,35
OR,97839,14,34,21,32
OR,97840,28,35,10,26
OR,97841,25,46,16,27
OR,97842,31,25,24,31
OR,97843,17,43,19,40
OR,97844,33,32,9,30
OR,97845,15,33,10,30
OR,97846,32,21,20,31
OR,97848,21,27,9,28
OR,97850,21,25,10,18
OR,97856,29,33,24,32
OR,97857,18,37,23,41
OR,97859,26,54,13,27
OR,97861,31,48,22,15
OR,97862,30,32,10,26
OR,97864,22,43,14,23
OR,97865,31,40,18,37
OR,97867,27,34,15,42
OR,97868,33,43,12,36
OR,97869,19,30,13,35
OR,97870,28,32,23,50
OR,97873,32,40,13,44
OR,97874,20,30,22,21
OR,97875,28,38,19,15
OR,97876,30,28,11,20
OR,97877,18,36,18,35
OR,97880,26,30,21,31
OR,97882,27,20,8,30
OR,97883,14,46,8,15
OR,97884,30,27,16,29
OR,97885,18,26,24,15
OR,97886,26,35,19,49
OR,97901,26,35,17,31
OR,97902,23,32,15,27
OR,97903,23,31,24,28
OR,97904,29,28,20,33
OR,97905,40,29,12,39
OR,97906,17,41,21,27
OR,97907,33,32,15,38
OR,97908,23,37,12,41
OR,97909,26,49,11,31
OR,97910,18,35,15,34
OR,97911,24,36,23,18
OR,97913,16,28,12,16
OR,97914,17,43,16,15
OR,97917,21,40,22,43
OR,97918,25,22,26,22
OR,97920,26,42,25,35
WA,98001,45,24,21,36
WA,98002,34,28,14,39
WA,98003,18,27,21,27
WA,98004,33,44,11,28
WA,98005,17,59,22,28
WA,98006,35,27,11,15
WA,98007,17,38,11,26
WA,98008,37,39,22,34
WA,98009,24,52,24,16
WA,98010,41,36,22,23
WA,98011,19,52,17,43
WA,98012,29,40,16,23
WA,98013,22,24,17,23
WA,98014,26,29,9,42
WA,98015,27,46,13,27
WA,98019,17,46,10,30
WA,98020,34,21,22,33
WA,98021,30,61,25,37
WA,98022,42,37,24,28
WA,98023,37,45,23,28
WA,98024,35,21,8,20
WA,98025,28,56,9,31
WA,98026,22,46,12,24
WA,98027,36,63,22,22
WA,98028,28,41,13,28
WA,98029,17,32,16,33
WA,98030,36,29,19,29
WA,98031,35,52,21,31
WA,98032,37,29,17,22
WA,98033,30,44,10,19
WA,98034,36,45,20,13
WA,98035,41,27,18,52
WA,98036,17,27,7,24
WA,98037,43,27,22,16
WA,98038,32,24,16,43
WA,98039,39,64,10,19
WA,98040,37,42,9,44
WA,98041,32,39,14,49
WA,98042,40,30,8,20
WA,98043,28,33,18,35
WA,98045,16,47,9,33
WA,98046,36,24,19,35
WA,98047,29,48,9,31
WA,98050,34,24,9,24
WA,98051,35,44,19,27
WA,98052,37,47,26,26
WA,98053,20,22,15,37
WA,98054,32,31,14,34
WA,98055,21,43,12,35
WA,98056,45,24,9,29
WA,98057,39,43,15,15
WA,98058,27,48,11,40
WA,98059,17,59,20,52
WA,98061,40,50,8,26
WA,98062,17,50,17,31
WA,98063,35,25,21,23
WA,98064,19,62,19,49
WA,98065,38,29,12,37
WA,98068,38,48,22,33
WA,98070,22,47,13,24
WA,98071,32,29,23,21
WA,98072,28,37,9,16
WA,98073,22,45,22,23
WA,98074,25,40,19,51
WA,98075,44,55,13,28
WA,98077,36,59,25,26
WA,98082,44,33,15,43
WA,98083,19,37,16,54
WA,98087,32,51,14,26
WA,98089,26,42,17,33
WA,98092,19,53,17,33
WA,98093,36,40,7,21
WA,98101,22,35,18,27
WA,98102,14,25,18,17
WA,98103,16,32,22,19
WA,98104,23,24,8,37
WA,98105,21,44,10,33
WA,98106,33,59,20,47
WA,98107,22,29,19,38
WA,98108,39,52,7,37
WA,98109,33,28,13,47
WA,98110,17,29,17,14
WA,98111,35,43,14,36
WA,98112,29,40,21,15
WA,98113,25,52,14,35
WA,98114,21,38,18,38
WA,98115,28,49,13,31
WA,98116,20,32,11,27
WA,98117,22,48,12,18
WA,98118,16,59,20,25
WA,98119,26,38,14,27
WA,98121,38,49,10,22
WA,98122,37,48,22,20
WA,98124,27,34,8,18
WA,98125,21,21,22,50
WA,98126,31,37,20,40
WA,98127,40,57,12,25
WA,98129,16,55,13,18
WA,98131,37,44,12,31
WA,98132,24,27,8,19
WA,98133,39,46,12,22
WA,98134,15,58,13,25
WA,98136,15,35,15,40
WA,98138,22,62,22,27
WA,98139,37,33,22,15
WA,98141,26,41,21,27
WA,98144,25,36,13,24
WA,98145,31,50,20,18
WA,98146,16,45,19,30
WA,98148,16,34,20,38
WA,98151,28,51,20,17
WA,98154,24,38,24,20
WA,98155,31,43,9,19
WA,98158,17,31,19,31
WA,98160,31,39,11,33
WA,98161,21,23,15,28
WA,98164,47,46,9,23
WA,98165,32,37,15,18
WA,98166,39,53,11,30
WA,98168,38,52,9,34
WA,98170,32,39,22,23
WA,98171,28,47,17,16
WA,98174,34,43,15,22
WA,98175,37,37,20,22
WA,98177,34,32,17,25
WA,98178,32,35,8,38
WA,98181,38,31,14,27
WA,98184,32,30,24,21
WA,98185,37,33,10,15
WA,98188,24,62,18,40
WA,98189,37,43,20,37
WA,98190,44,37,24,36
WA,98191,23,41,16,19
WA,98194,24,36,13,26
WA,98195,18,35,9,20
WA,98198,24,44,20,21
WA,98199,22,60,22,51
WA,98201,34,48,21,26
WA,98203,35,41,18,37
WA,98204,38,29,19,19
WA,98205,17,60,15,43
WA,98206,32,46,20,26
WA,98207,32,55,12,15
WA,98208,25,58,12,23
WA,98213,46,53,24,21
WA,98220,38,33,22,26
WA,98221,24,48,7,27
WA,98222,14,53,23,51
WA,98223,28,36,23,27
WA,98224,35,51,18,30
WA,98225,26,63,9,22
WA,98226,24,37,14,20
WA,98227,16,57,9,41
WA,98228,28,42,16,36
WA,98229,39,50,9,16
WA,98230,19,30,10,34
WA,98231,49,49,22,37
WA,98232,29,33,24,20
WA,98233,33,54,16,29
WA,98235,25,29,13,29
WA,98236,23,25,10,45
WA,98237,43,34,12,37
WA,98238,30,50,15,26
WA,98239,14,42,14,42
WA,98240,31,27,22,51
WA,98241,19,47,25,38
WA,98243,33,40,25,17
WA,98244,27,46,25,25
WA,98245,18,28,25,26
WA,98247,29,45,8,46
WA,98248,44,59,21,32
WA,98249,26,50,9,16
WA,98250,21,60,19,19
WA,98251,45,32,11,35
WA,98252,36,66,20,50
WA,98253,38,56,21,19
WA,98255,33,36,21,42
WA,98256,43,37,8,42
WA,98257,25,38,8,44
WA,98258,15,27,23,35
WA,98259,31,23,10,14
WA,98260,27,57,14,24
WA,98261,40,51,11,36
WA,98262,21,46,15,31
WA,98263,23,22,8,26
WA,98264,25,43,27,24
WA,98266,36,42,24,36
WA,98267,28,37,24,40
WA,98270,35,34,18,19
WA,98271,40,28,20,29
WA,98272,37,41,11,17
WA,98273,31,45,17,41
WA,98274,22,45,9,48
WA,98275,25,35,10,16
WA,98276,17,52,14,27
WA,98277,21,35,12,35
WA,98278,25,24,16,31
WA,98279,27,47,14,41
WA,98280,29,27,15,42
WA,98281,14,49,10,27
WA,98282,25,46,22,38
WA,98283,16,63,16,31
WA,98284,19,20,21,38
WA,98286,31,35,22,38
WA,98287,35,40,26,28
WA,98288,25,38,11,28
WA,98290,15,49,13,18
WA,98291,23,26,16,29
WA,98292,21,20,19,26
WA,98293,15,34,16,35
WA,98294,47,44,19,19
WA,98295,30,46,11,46
WA,98296,28,47,16,30
WA,98297,30,33,22,17
WA,98303,29,30,16,43
WA,98304,18,23,17,26
WA,98305,26,38,23,26
WA,98310,44,55,19,34
WA,98311,41,61,18,21
WA,98312,16,59,26,34
WA,98314,29,26,17,17
WA,98315,28,40,19,39
WA,98320,40,34,17,25
WA,98321,31,51,15,27
WA,98322,45,29,19,26
WA,98323,42,68,9,41
WA,98324,17,46,16,13
WA,98325,42,58,10,29
WA,98326,42,39,20,25
WA,98327,30,46,18,48
WA,98328,22,61,9,46
WA,98329,28,30,8,35
WA,98330,19,40,8,30
WA,98331,33,34,17,25
WA,98332,26,60,22,21
WA,98333,38,31,11,16
WA,98335,44,24,18,23
WA,98336,17,62,11,29
WA,98337,24,35,11,14
WA,98338,23,51,11,36
WA,98339,32,66,23,48
WA,98340,22,57,18,24
WA,98342,40,32,17,40
WA,98343,23,28,20,15
WA,98344,20,31,24,35
WA,98345,16,30,17,21
WA,98346,35,30,9,41
WA,98348,18,22,15,20
WA,98349,14,35,7,34
WA,98350,45,26,17,32
WA,98351,35,39,20,24
WA,98352,20,37,15,28
WA,98353,30,37,10,36
WA,98354,47,50,7,33
WA,98355,22,36,14,18
WA,98356,25,21,25,20
WA,98357,40,33,17,21
WA,98358,27,43,16,27
WA,98359,33,55,16,18
WA,98360,28,28,8,32
WA,98361,35,24,10,42
WA,98362,23,48,24,35
WA,98363,18,27,13,16
WA,98364,39,41,21,42
WA,98365,33,51,17,26
WA,98366,18,37,24,18
WA,98367,24,42,15,33
WA,98368,22,63,13,23
WA,98370,27,28,14,21
WA,98371,31,30,13,31
WA,98372,30,43,15,29
WA,98373,37,66,12,23
WA,98374,16,41,14,28
WA,98375,23,32,21,28
WA,98376,36,39,17,26
WA,98377,39,40,20,25
WA,98378,38,56,12,16
WA,98380,30,52,16,21
WA,98381,35,22,25,23
WA,98382,29,36,8,25
WA,98383,21,41,16,26
WA,98384,41,36,13,28
WA,98385,24,25,13,21
WA,98386,25,24,21,18
WA,98387,31,38,23,32
WA,98388,36,31,7,31
WA,98390,22,37,13,28
WA,98391,41,40,23,37
WA,98392,27,29,27,38
WA,98393,39,35,7,34
WA,98394,27,46,9,19
WA,98395,31,42,22,37
WA,98396,29,50,24,24
WA,98397,26,61,7,14
WA,98398,29,55,21,36
WA,98401,36,45,18,18
WA,98402,14,54,22,39
WA,98403,41,32,23,47
WA,98404,36,34,23,25
WA,98405,37,41,15,26
WA,98406,42,34,11,26
WA,98407,29,36,21,33
WA,98408,24,43,22,22
WA,98409,43,39,16,31
WA,98411,29,41,23,12
WA,98412,23,47,13,29
WA,98413,14,36,22,38
WA,98415,33,51,23,25
WA,98416,36,42,12,18
WA,98417,35,29,19,38
WA,98418,25,49,18,26
WA,98419,37,30,17,33
WA,98421,17,27,9,19
WA,98422,39,40,25,16
WA,98424,25,39,13,32
WA,98430,26,28,25,27
WA,98431,31,35,8,27
WA,98433,38,43,11,30
WA,98438,16,54,10,32
WA,98439,28,22,25,32
WA,98442,22,25,23,20
WA,98443,27,37,20,27
WA,98444,33,59,18,31
WA,98445,22,27,17,24
WA,98446,22,37,11,37
WA,98447,43,33,18,22
WA,98448,29,65,18,24
WA,98450,44,33,9,31
WA,98455,46,51,10,38
WA,98460,30,32,24,34
WA,98464,19,43,22,20
WA,98465,33,32,18,36
WA,98466,37,36,18,38
WA,98467,20,32,20,25
WA,98471,43,58,20,41
WA,98477,42,45,22,27
WA,98481,39,34,14,20
WA,98490,41,33,14,26
WA,98492,36,60,18,49
WA,98493,26,32,12,44
WA,98496,35,58,14,39
WA,98497,28,44,26,15
WA,98498,22,47,26,28
WA,98499,20,23,20,33
WA,98501,20,30,10,16
WA,98502,47,40,15,21
WA,98503,37,65,17,26
WA,98504,16,57,14,22
WA,98505,25,63,19,32
WA,98506,39,48,17,28
WA,98507,16,49,11,31
WA,98508,26,52,19,29
WA,98509,32,32,9,47
WA,98511,29,33,9,17
WA,98512,19,29,15,30
WA,98513,23,25,9,21
WA,98516,26,37,16,21
WA,98520,18,47,21,41
WA,98522,15,41,9,19
WA,98524,37,68,26,18
WA,98526,30,42,16,24
WA,98527,32,32,20,19
WA,98528,36,28,9,48
WA,98530,39,35,7,39
WA,98531,34,23,7,36
WA,98532,34,39,8,12
WA,98533,32,49,25,24
WA,98535,34,36,23,35
WA,98536,28,46,11,50
WA,98537,16,44,8,31
WA,98538,23,53,24,17
WA,98539,31,45,24,15
WA,98540,32,69,22,36
WA,98541,21,50,7,37
WA,98542,28,43,12,23
WA,98544,43,22,14,20
WA,98546,36,38,14,38
WA,98547,36,42,8,21
WA,98548,40,50,10,36
WA,98550,26,38,13,31
WA,98552,44,28,15,13
WA,98554,39,36,21,15
WA,98555,38,50,21,46
WA,98556,19,25,22,21
WA,98557,32,49,24,23
WA,98558,35,21,17,24
WA,98559,17,34,16,17
WA,98560,24,46,21,19
WA,98561,14,36,20,40
WA,98562,20,61,17,37
WA,98563,26,59,20,21
WA,98564,14,27,14,22
WA,98565,25,30,11,38
WA,98566,17,46,11,27
WA,98568,38,31,22,27
WA,98569,27,48,17,47
WA,98570,16,52,12,27
WA,98571,41,49,13,32
WA,98572,32,27,11,21
WA,98575,23,27,18,29
WA,98576,48,45,18,14
WA,98577,46,48,15,33
WA,98579,32,48,18,33
WA,98580,22,51,19,15
WA,98581,18,36,11,24
WA,98582,26,27,25,22
WA,98583,25,31,22,21
WA,98584,27,39,23,27
WA,98585,40,27,15,33
WA,98586,30,41,9,15
WA,98587,25,40,27,36
WA,98588,31,26,23,36
WA,98589,36,34,20,45
WA,98590,17,46,7,36
WA,98591,23,30,11,20
WA,98592,18,37,20,25
WA,98593,24,45,8,22
WA,98595,44,46,9,48
WA,98596,45,35,23,33
WA,98597,39,58,20,19
WA,98599,45,40,15,20
WA,98601,35,25,27,39
WA,98602,29,59,13,27
WA,98603,39,29,21,22
WA,98604,42,49,11,23
WA,98605,32,38,21,32
WA,98606,39,50,10,37
WA,98607,22,26,23,29
WA,98609,17,59,9,18
WA,98610,29,44,11,35
WA,98611,50,29,10,28
WA,98612,16,32,21,35
WA,98613,23,24,12,29
WA,98614,28,26,13,23
WA,98616,30,34,17,31
WA,98617,26,27,7,19
WA,98619,40,34,19,32
WA,98620,22,65,14,24
WA,98621,21,46,17,21
WA,98622,15,55,12,29
WA,98623,21,23,16,24
WA,98624,16,24,11,29
WA,98625,44,19,20,41
WA,98626,27,47,15,26
WA,98628,23,48,24,37
WA,98629,39,27,12,13
WA,98631,26,40,7,20
WA,98632,17,46,11,32
WA,98635,19,42,14,26
WA,98637,18,59,12,40
WA,98638,44,27,8,21
WA,98639,31,38,16,18
WA,98640,32,39,9,24
WA,98641,36,46,13,26
WA,98642,15,47,26,33
WA,98643,17,31,12,28
WA,98644,38,27,15,30
WA,98645,19,36,9,19
WA,98647,35,38,15,29
WA,98648,31,57,23,34
WA,98649,25,38,7,26
WA,98650,34,45,9,17
WA,98651,34,35,22,45
WA,98660,41,44,21,25
WA,98661,40,42,23,21
WA,98662,29,36,8,19
WA,98663,23,36,17,27
WA,98664,37,29,19,41
WA,98665,24,41,18,34
WA,98666,39,20,12,31
WA,98667,17,37,12,34
WA,98668,30,19,23,21
WA,98670,15,42,10,25
WA,98671,40,20,11,47
WA,98672,26,43,7,20
WA,98673,29,46,13,30
WA,98674,28,32,20,14
WA,98675,35,36,26,36
WA,98682,34,41,19,29
WA,98683,15,46,8,30
WA,98684,23,42,17,48
WA,98685,45,30,9,20
WA,98686,26,24,7,35
WA,98687,22,40,12,33
WA,98801,41,25,8,22
WA,98802,28,48,24,16
WA,98807,25,52,12,38
WA,98811,34,62,14,53
WA,98812,30,45,21,38
WA,98813,16,39,25,18
WA,98814,42,39,14,48
WA,98815,33,39,12,23
WA,98816,29,59,13,20
WA,98817,22,26,10,20
WA,98819,18,55,19,47
WA,98821,38,54,14,26
WA,98822,28,45,14,14
WA,98823,26,36,23,13
WA,98824,15,52,21,27
WA,98826,26,26,20,45
WA,98827,22,34,25,32
WA,98828,23,58,21,20
WA,98829,41,56,23,29
WA,98830,42,40,10,42
WA,98831,36,65,13,18
WA,98832,27,34,18,35
WA,98833,20,32,12,34
WA,98834,20,53,9,25
WA,98836,32,25,12,16
WA,98837,25,49,10,45
WA,98840,24,22,9,29
WA,98841,30,58,27,28
WA,98843,35,34,21,24
WA,98844,25,66,24,30
WA,98845,26,53,18,16
WA,98846,31,52,16,32
WA,98847,42,36,10,50
WA,98848,39,25,8,17
WA,98849,26,50,12,54
WA,98850,28,47,21,36
WA,98851,34,38,13,34
WA,98852,29,60,10,26
WA,98853,39,34,14,29
WA,98855,20,29,21,40
WA,98856,19,34,17,24
WA,98857,33,30,18,21
WA,98858,32,21,9,30
WA,98859,18,45,9,21
WA,98860,29,52,23,44
WA,98862,39,31,25,51
WA,98901,13,63,21,19
WA,98902,37,35,12,30
WA,98903,38,52,27,21
WA,98904,18,39,9,40
WA,98907,43,34,16,27
WA,98908,27,26,12,35
WA,98909,40,21,14,34
WA,98920,44,36,12,18
WA,98921,23,24,19,46
WA,98922,38,48,18,20
WA,98923,35,27,12,17
WA,98925,18,24,12,34
WA,98926,37,41,9,13
WA,98929,37,61,20,47
WA,98930,15,45,15,33
WA,98932,37,31,22,52
WA,98933,17,62,15,40
WA,98934,24,33,14,34
WA,98935,37,51,22,37
WA,98936,20,51,14,26
WA,98937,37,46,16,13
WA,98938,21,30,17,36
WA,98939,22,39,20,25
WA,98940,21,45,13,19
WA,98941,47,33,25,23
WA,98942,28,26,21,27
WA,98943,32,45,9,24
WA,98944,33,28,11,36
WA,98946,27,53,12,16
WA,98947,37,25,12,24
WA,98948,17,45,20,33
WA,98950,26,39,18,29
WA,98951,15,41,14,28
WA,98952,31,48,18,35
WA,98953,46,45,12,51
WA,99001,19,51,18,33
WA,99003,18,32,8,16
WA,99004,39,53,7,49
WA,99005,30,50,25,39
WA,99006,28,32,13,33
WA,99008,40,43,20,24
WA,99009,33,53,9,31
WA,99011,43,35,10,14
WA,99012,15,39,24,48
WA,99013,40,49,24,46
WA,99014,23,65,8,17
WA,99016,38,28,23,33
WA,99017,28,24,20,22
WA,99018,24,36,17,21
WA,99019,47,42,18,25
WA,99020,35,24,21,25
WA,99021,13,38,17,23
WA,99022,31,34,9,20
WA,99023,26,50,13,41
WA,99025,34,53,11,14
WA,99026,31,31,8,19
WA,99027,34,54,19,27
WA,99029,21,26,13,14
WA,99030,16,23,14,37
WA,99031,29,22,12,39
WA,99032,26,49,20,16
WA,99033,41,29,7,14
WA,99034,28,30,7,25
WA,99036,22,33,9,35
WA,99037,39,64,19,21
WA,99039,20,42,24,48
WA,99040,27,35,22,37
WA,99101,19,31,9,18
WA,99102,38,66,13,36
WA,99103,24,38,8,33
WA,99104,13,46,18,29
WA,99105,17,54,19,53
WA,99107,24,28,21,14
WA,99109,35,25,24,12
WA,99110,30,45,13,43
WA,99111,13,39,19,27
WA,99113,37,39,21,45
WA,99114,37,39,23,24
WA,99115,20,45,22,48
WA,99116,18,28,19,22
WA,99117,37,44,10,49
WA,99118,18,43,11,14
WA,99119,42,41,13,13
WA,99121,34,53,22,37
WA,99122,32,57,24,23
WA,99123,23,46,7,33
WA,99124,39,33,20,36
WA,99125,21,42,9,18
WA,99126,14,33,21,30
WA,99128,22,38,17,20
WA,99129,28,45,20,22
WA,99130,23,40,10,33
WA,99131,30,33,14,29
WA,99133,25,22,18,20
WA,99134,28,30,18,31
WA,99135,27,26,21,19
WA,99136,18,27,12,33
WA,99137,30,35,17,37
WA,99138,20,43,18,17
WA,99139,28,33,8,34
WA,99140,37,36,20,18
WA,99141,25,25,14,18
WA,99143,29,32,12,28
WA,99144,30,21,11,18
WA,99146,33,49,20,21
WA,99147,18,43,13,29
WA,99148,29,41,15,33
WA,99149,35,34,14,14
WA,99150,17,42,14,12
WA,99151,16,39,23,28
WA,99152,14,39,11,28
WA,99153,44,32,20,20
WA,99154,31,42,22,23
WA,99155,30,45,23,23
WA,99156,22,50,16,36
WA,99157,23,28,20,22
WA,99158,14,43,9,35
WA,99159,39,43,9,29
WA,99160,40,48,15,12
WA,99161,26,46,13,20
WA,99163,19,67,13,30
WA,99164,23,32,12,32
WA,99165,40,24,22,50
WA,99166,35,37,20,19
WA,99167,30,51,13,28
WA,99169,31,45,12,29
WA,99170,32,40,17,20
WA,99171,34,38,9,32
WA,99173,33,35,22,23
WA,99174,40,54,14,33
WA,99176,20,43,9,25
WA,99179,16,58,23,33
WA,99180,40,30,19,36
WA,99181,38,63,13,17
WA,99185,39,49,19,52
WA,99201,29,39,7,45
WA,99202,32,33,20,33
WA,99203,41,47,13,27
WA,99204,25,36,7,24
WA,99205,21,42,17,29
WA,99206,15,57,8,25
WA,99207,36,48,12,19
WA,99208,35,50,18,31
WA,99209,19,53,15,28
WA,99210,19,28,10,27
WA,99211,14,47,17,50
WA,99212,38,43,18,33
WA,99213,24,43,24,27
WA,99214,12,63,18,37
WA,99215,48,55,19,33
WA,99216,23,41,24,23
WA,99217,14,50,11,48
WA,99218,17,28,9,25
WA,99219,23,25,9,21
WA,99220,36,47,19,16
WA,99223,24,42,19,24
WA,99224,31,27,19,28
WA,99228,23,56,17,50
WA,99251,20,41,27,29
WA,99252,16,50,22,14
WA,99256,21,28,8,20
WA,99258,23,22,12,45
WA,99260,24,31,17,25
WA,99299,37,50,19,31
WA,99301,43,40,8,22
WA,99302,26,46,13,20
WA,99320,31,37,8,29
WA,99321,13,25,16,37
WA,99322,18,41,14,27
WA,99323,25,41,11,18
WA,99324,36,44,14,26
WA,99326,31,23,20,20
WA,99328,21,48,11,28
WA,99329,28,31,15,16
WA,99330,30,33,18,26
WA,99333,20,46,13,42
WA,99335,36,28,23,13
WA,99336,19,43,10,22
WA,99337,17,37,9,34
WA,99338,44,27,20,42
WA,99341,26,28,16,32
WA,99343,22,35,21,15
WA,99344,19,24,10,26
WA,99345,19,36,22,54
WA,99346,29,60,25,32
WA,99347,21,39,12,21
WA,99348,23,26,12,39
WA,99349,28,39,11,17
WA,99350,20,26,27,22
WA,99352,32,53,23,38
WA,99353,40,30,15,26
WA,99354,20,29,10,38
WA,99356,26,35,16,27
WA,99357,45,21,22,33
WA,99359,18,65,15,33
WA,99360,17,30,21,22
WA,99361,24,22,22,16
WA,99362,17,31,12,23
WA,99363,24,35,12,47
WA,99371,20,27,27,40
WA,99401,36,42,10,41
WA,99402,31,36,18,34
WA,99403,19,29,9,32
AK,99501,10,24,7,22
AK,99502,15,28,9,15
AK,99503,14,31,10,22
AK,99504,18,26,7,18
AK,99505,25,16,7,21
AK,99506,17,25,11,17
AK,99507,14,34,7,16
AK,99508,16,21,10,17
AK,99509,11,27,7,9
AK,99510,13,17,5,10
AK,99511,24,33,9,13
AK,99513,12,15,10,20
AK,99514,24,17,13,10
AK,99515,18,33,12,20
AK,99516,21,31,12,16
AK,99517,13,24,6,17
AK,99518,12,23,7,11
AK,99519,21,19,5,14
AK,99520,12,25,15,14
AK,99521,11,26,14,28
AK,99522,17,27,5,21
AK,99523,16,25,13,28
AK,99524,22,17,14,29
AK,99529,24,24,11,19
AK,99530,21,36,5,13
AK,99540,17,15,15,31
AK,99545,10,18,6,18
AK,99546,16,15,8,18
AK,99547,18,27,9,29
AK,99548,10,36,12,22
AK,99549,13,30,9,12
AK,99550,17,33,11,20
AK,99551,17,24,12,22
AK,99552,11,28,10,25
AK,99553,18,21,8,19
AK,99554,22,26,13,11
AK,99555,10,22,8,16
AK,99556,10,23,5,12
AK,99557,17,31,5,24
AK,99558,28,30,8,16
AK,99559,10,29,8,16
AK,99561,23,15,5,19
AK,99563,14,29,5,20
AK,99564,12,27,10,12
AK,99565,24,31,8,25
AK,99566,10,15,7,14
AK,99567,18,40,12,11
AK,99568,14,19,11,10
AK,99569,22,21,6,25
AK,99571,16,33,5,28
AK,99572,26,29,13,31
AK,99573,23,21,6,18
AK,99574,14,25,12,24
AK,99575,19,22,11,8
AK,99576,23,17,11,16
AK,99577,24,15,7,18
AK,99578,11,16,7,27
AK,99579,17,19,5,20
AK,99580,23,32,7,22
AK,99581,10,15,5,23
AK,99583,14,31,8,16
AK,99585,25,15,8,30
AK,99586,25,26,12,13
AK,99587,12,22,9,13
AK,99588,23,23,7,23
AK,99589,10,32,10,23
AK,99590,11,15,11,20
AK,99591,17,24,5,18
AK,99599,10,16,6,20
AK,99602,11,36,7,21
AK,99603,11,16,5,10
AK,99604,21,19,11,12
AK,99605,22,15,5,16
AK,99606,13,19,14,20
AK,99607,11,26,6,26
AK,99608,22,23,12,17
AK,99609,23,31,9,12
AK,99610,13,26,12,17
AK,99611,26,28,9,15
AK,99612,12,26,10,30
AK,99613,19,26,16,9
AK,99614,10,17,14,17
AK,99615,22,27,14,21
AK,99619,14,31,7,23
AK,99620,17,30,8,15
AK,99621,21,29,6,30
AK,99622,14,15,10,12
AK,99623,10,18,7,15
AK,99624,14,19,10,20
AK,99625,22,33,13,20
AK,99626,13,24,9,24
AK,99627,22,17,10,14
AK,99628,12,18,8,22
AK,99629,16,17,5,19
AK,99630,20,15,12,26
AK,99631,10,25,7,17
AK,99632,21,30,8,22
AK,99633,21,31,12,11
AK,99634,14,20,5,11
AK,99635,14,24,5,29
AK,99636,13,24,10,17
AK,99637,14,24,6,13
AK,99638,10,29,7,9
AK,99639,14,33,8,25
AK,99640,19,15,12,9
AK,99641,18,15,7,10
AK,99643,10,34,10,28
AK,99644,11,34,6,9
AK,99645,12,15,12,22
AK,99647,19,25,15,15
AK,99648,18,24,9,13
AK,99649,19,17,12,14
AK,99650,13,18,12,25
AK,99651,22,32,8,20
AK,99652,22,15,5,17
AK,99653,13,15,6,23
AK,99654,20,16,6,18
AK,99655,11,34,5,29
AK,99656,14,32,5,32
AK,99657,14,31,15,11
AK,99658,19,35,10,29
AK,99659,19,24,9,14
AK,99660,14,20,13,18
AK,99661,13,32,8,15
AK,99662,28,17,11,26
AK,99663,27,37,8,8
AK,99664,23,25,9,17
AK,99665,25,20,13,13
AK,99666,19,15,10,25
AK,99667,12,22,5,21
AK,99668,27,15,8,14
AK,99669,10,34,10,10
AK,99670,19,31,10,25
AK,99671,17,19,13,17
AK,99672,12,38,9,16
AK,99674,12,23,13,27
AK,99675,10,15,14,17
AK,99676,18,21,12,27
AK,99677,16,30,8,13
AK,99678,24,30,5,19
AK,99679,12,18,10,21
AK,99680,22,27,13,14
AK,99681,10,15,7,9
AK,99682,13,23,12,20
AK,99683,18,25,5,11
AK,99684,17,16,11,25
AK,99685,12,31,5,16
AK,99686,18,17,9,15
AK,99687,21,25,14,11
AK,99688,11,32,6,21
AK,99689,17,20,15,11
AK,99690,10,15,6,17
AK,99691,20,24,11,13
AK,99692,16,30,12,16
AK,99693,16,24,11,19
AK,99694,15,31,10,51
AK,99695,23,26,5,16
AK,99697,14,15,10,23
AK,99701,16,17,9,17
AK,99702,19,25,9,15
AK,99703,16,15,12,27
AK,99704,19,35,5,11
AK,99705,10,22,5,12
AK,99706,10,16,15,29
AK,99707,19,20,14,15
AK,99708,21,24,6,19
AK,99709,10,17,13,19
AK,99710,10,15,6,11
AK,99711,28,35,6,20
AK,99712,25,29,11,27
AK,99714,10,19,13,11
AK,99716,17,28,13,26
AK,99720,23,28,10,10
AK,99721,19,34,8,14
AK,99722,13,23,10,19
AK,99723,14,23,11,10
AK,99724,18,31,11,15
AK,99725,19,22,6,17
AK,99726,10,21,6,17
AK,99727,10,21,15,12
AK,99729,24,30,8,19
AK,99730,16,16,11,17
AK,99731,10,22,11,14
AK,99732,15,31,10,8
AK,99733,14,27,5,10
AK,99734,23,15,9,10
AK,99736,13,27,5,10
AK,99737,11,24,5,26
AK,99738,11,18,9,27
AK,99739,10,18,6,9
AK,99740,10,20,13,20
AK,99741,21,23,7,19
AK,99742,21,18,12,17
AK,99743,20,27,10,13
AK,99744,21,15,10,10
AK,99745,15,31,12,26
AK,99746,20,15,13,31
AK,99747,27,16,7,16
AK,99748,25,24,14,13
AK,99749,17,24,7,11
AK,99750,27,25,7,20
AK,99751,10,25,14,17
AK,99752,16,30,5,11
AK,99753,22,20,9,15
AK,99754,10,32,12,27
AK,99755,15,16,14,30
AK,99756,22,22,7,18
AK,99757,23,28,8,32
AK,99758,11,20,13,9
AK,99759,13,20,8,16
AK,99760,26,29,15,17
AK,99761,12,33,5,15
AK,99762,13,32,11,12
AK,99763,12,17,9,17
AK,99764,26,28,15,11
AK,99765,18,21,5,21
AK,99766,11,22,6,16
AK,99767,13,15,5,24
AK,99768,17,18,13,20
AK,99769,18,15,11,28
AK,99770,24,20,13,29
AK,99771,19,36,11,14
AK,99772,17,18,10,27
AK,99773,17,22,6,29
AK,99774,16,23,15,28
AK,99775,11,17,5,24
AK,99776,16,15,11,32
AK,99777,22,34,7,15
AK,99778,22,21,7,19
AK,99779,13,17,9,17
AK,99780,10,30,11,9
AK,99781,13,15,8,22
AK,99782,10,15,7,24
AK,99783,12,36,5,18
AK,99784,10,26,13,13
AK,99785,25,27,11,13
AK,99786,12,24,9,29
AK,99788,22,16,5,11
AK,99789,23,28,12,9
AK,99790,19,30,8,12
AK,99791,18,19,9,11
AK,99801,13,15,10,13
AK,99802,17,18,9,15
AK,99803,18,15,11,18
AK,99811,15,15,12,19
AK,99812,15,27,15,15
AK,99820,22,37,12,14
AK,99821,18,25,12,21
AK,99824,22,31,9,19
AK,99825,20,22,5,17
AK,99826,20,17,10,15
AK,99827,22,32,9,19
AK,99829,10,30,12,10
AK,99830,10,29,5,15
AK,99832,24,20,7,18
AK,99833,23,20,13,21
AK,99835,10,23,5,27
AK,99836,21,38,8,27
AK,99840,20,35,5,13
AK,99841,22,19,10,18
AK,99850,12,28,5,20
AK,99901,16,19,12,24
AK,99903,11,24,7,19
AK,99918,18,27,15,12
AK,99919,11,17,5,19
AK,99921,13,31,5,10
AK,99922,20,30,5,13
AK,99923,23,21,11,14
AK,99925,10,28,9,10
AK,99926,19,28,13,18
AK,99927,22,28,5,23
AK,99928,21,29,5,12
AK,99929,26,16,5,13
AK,99950,11,28,12,10
